 2.098194  3.415059  8.005952  6.459261 12.300643 21.505612
 1.853439  3.681915  8.392868  6.414288 11.675124 21.310423
 2.063271  3.672121  8.952058  7.269025 13.271203 20.412826
 1.914811  3.435287  8.220733  6.507948 11.575847 20.284255
 1.892765  3.917809  7.686023  6.465733 11.476119 20.424784
 1.830256  3.340895  7.847235  6.392245 11.010225 20.489455
 1.735468  3.462151  7.351616  5.599426 11.505007 19.532111
 1.753376  3.188248  8.556662  6.861762 12.662892 19.655715
 1.888971  3.501010  8.472190  6.318724 12.435026 19.094878
 1.896386  3.409782  8.142472  5.848763 11.457769 21.310683
 1.757820  3.460404  8.262419  7.274221 11.421914 17.939113
 1.821493  3.141473  7.326066  6.214449 10.296167 19.288878
 1.885170  3.470948  8.720187  5.658254 13.439340 20.797973
 1.909586  3.699880  8.171263  6.070777 12.057496 18.503974
 1.750847  3.094223  7.205840  5.738581 11.673737 20.593427
 1.841084  3.384913  7.967490  5.474865 11.956273 20.242390
 2.116519  3.501280  8.035005  6.932375 12.024832 22.496505
 2.069270  3.019019  7.754209  6.596818 13.388611 20.201873
 1.948079  3.615968  8.239967  6.545856 12.356629 20.870962
 1.771642  3.012838  8.465611  5.656580 14.054669 18.686848
 2.025294  3.196615  7.993455  6.399503 12.518954 21.172727
 1.846547  3.507066  7.561425  6.142395 10.897128 18.634798
 2.090622  3.581656  7.561612  6.356512 11.944158 19.341129
 1.832025  3.458500  7.591871  6.787541 12.349986 21.381279
 1.984087  3.660897  7.720798  6.375487 13.190214 18.591330
 1.973331  3.623264  8.913506  6.002238 10.757210 18.392306
 1.724729  3.766169  8.135588  6.188720 12.094599 19.602229
 1.659215  3.715370  7.948745  6.086222 12.241387 19.177006
 1.996958  3.498686  7.980348  6.266555 13.137949 21.428898
 1.931809  3.462349  7.906936  6.024855 12.873861 19.597374
 1.937360  3.431160  8.702606  6.471604 12.884281 21.812010
 1.812040  3.501915  8.413882  5.777360 12.517494 20.670641
 1.981545  3.779201  8.264904  6.094694 11.956398 18.608869
 1.982497  3.316905  8.310871  6.299555 11.853596 19.902022
 1.691813  3.294113  7.723403  6.490028 12.007089 20.708374
 2.004738  3.485415  7.806347  6.114850 12.571348 22.587895
 1.651827  3.389698  7.862112  6.391679 12.978068 19.800794
 1.734771  3.078575  7.573285  6.132603 12.966344 17.808764
 1.712099  3.711646  8.511094  6.142541 11.500348 21.026860
 1.778086  3.402519  7.781347  5.665500 12.542297 22.228301
 1.675903  3.205326  8.187366  5.933818 11.242108 19.350549
 1.863160  3.626976  7.319369  6.415808 11.374879 18.763461
 1.868671  3.295742  8.354668  6.135900 12.932907 19.170063
 1.952496  3.387237  8.544493  6.099280 11.644287 20.348028
 1.910946  3.490832  8.008628  6.494204 13.225189 17.853820
 1.923231  3.486653  7.899057  7.011027 10.713101 21.233538
 1.944224  3.424381  8.514276  6.279800 11.000181 17.713004
 1.711801  3.347762  7.964057  6.289004 12.193503 19.030568
 1.929135  3.827593  8.297399  5.705755 11.851031 21.217177
 1.731525  3.294301  8.082120  6.309417 12.673906 19.197038
 1.719391  3.852545  8.077945  6.299675 11.861044 20.165477
 1.825092  3.253664  8.266798  6.127187 11.010636 18.675126
 1.791060  3.024605  7.792072  6.287695 11.472004 17.699700
 1.824331  3.818240  7.308877  6.399587 11.607546 20.550620
 1.851359  3.639841  7.701570  6.387985 11.935380 19.596169
 1.781780  3.121207  7.801801  6.921832 12.044050 21.222845
 1.955430  3.216778  6.569794  5.668937 11.295692 19.818812
 1.908141  3.456424  8.239728  6.116402 11.138331 20.415635
 1.953818  3.562314  8.264873  5.936019 11.834183 20.488200
 1.745197  3.178246  8.275916  6.057503 12.127420 19.196981
 1.921168  3.309247  7.617567  6.441118 12.725566 20.980511
 1.881553  3.715379  8.006057  6.376855 12.065212 19.892994
 1.930307  3.791897  7.953848  6.940680 11.756484 20.918091
 1.761644  3.362034  8.486616  6.355961 12.356552 19.977434
 1.776377  3.249802  8.547732  6.234145 12.490666 20.332384
 2.150303  3.410198  7.779471  6.526807 11.535819 19.264216
 1.852317  3.400618  7.675238  6.625504 11.885186 21.841431
 1.840727  3.354994  8.507052  6.156668 11.440272 22.098638
 1.906126  3.468577  7.963512  6.532713 11.080137 20.396760
 1.881557  3.216994  8.713421  6.336973 11.250075 18.829456
 1.802476  3.220588  8.159482  6.946947 12.352071 19.568721
 1.742189  3.158000  8.575141  5.880856 11.128992 20.667153
 2.062252  3.786621  7.726302  6.167773 12.463329 19.724632
 1.818673  3.094645  8.024086  4.890347 12.822187 22.177556
 1.619218  3.301037  7.888306  6.018292 11.490301 18.602011
 1.790698  3.149683  7.339537  6.092749 10.708977 20.419121
 1.980585  3.220351  7.158572  6.338302 12.119962 19.434329
 1.991586  3.342365  7.603552  6.164764 11.386620 19.022920
 1.803094  3.533577  7.565777  5.897352 11.573862 20.401317
 2.058247  3.589716  8.040997  6.708829 13.538545 20.913929
 1.960557  3.347606  7.139060  6.200074 11.188155 22.033208
 1.732398  3.254734  7.214648  6.507805 12.129579 19.713720
 1.614135  3.555424  7.465940  5.833666 12.428258 19.394130
 1.850477  3.175655  7.403160  5.395480 11.864351 20.423009
 1.627342  3.264871  7.919449  6.305573 11.444516 18.390377
 2.030119  3.604920  7.708441  6.543725 12.151481 20.148338
 1.835241  3.390632  7.432255  5.862796 11.147106 20.373314
 1.798678  3.581448  8.032416  6.326983 12.958453 19.829058
 1.884749  3.208023  7.940538  5.780129 12.662480 21.586685
 1.803333  3.608414  8.655503  6.284890 11.993429 18.955643
 1.947284  3.518197  8.951306  6.740725 11.198346 20.670933
 1.946086  3.404985  8.739258  6.315928 13.498682 20.473822
 1.881906  3.269647  8.350543  5.391601 12.005438 20.238075
 1.795812  3.555093  8.487154  6.125188 12.773211 21.288321
 1.923068  3.519142  8.432949  6.318976 11.340064 19.163007
 1.897072  3.455376  8.681336  6.055748 10.809213 20.348088
 1.702584  3.343009  7.944138  5.497156 12.841376 22.161368
 1.713389  3.715000  7.928794  5.958045 11.376749 19.933111
 1.672806  3.402532  7.422237  5.804664 11.437216 19.487555
 1.618710  3.215409  7.302772  5.723807 11.389661 19.235446
 1.886465  3.039790  7.255788  5.693647 10.186824 17.877587
 1.800223  2.965228  7.441472  5.587414 12.261651 18.495513
 1.823156  3.689385  7.920264  6.945792 12.283785 18.521339
 1.831895  3.483848  7.907390  6.650006 12.581941 19.088164
 1.945416  3.687811  7.571927  6.627042 13.255203 20.604508
 1.952064  3.566384  8.066500  6.340870 12.624502 22.513689
 1.858743  3.383646  7.219328  5.591448 10.901665 18.774845
 1.679165  3.496697  7.382092  6.085235 12.786113 22.495451
 1.872785  3.556257  8.228051  6.725415 12.207569 22.727909
 2.224965  4.090755  8.642494  6.730101 11.793576 22.024068
 1.818738  3.593732  7.889990  5.915876 13.057937 20.808317
 2.019459  3.238529  8.464938  6.068172 13.018760 21.362572
 2.113199  3.436400  8.059497  6.757087 12.777607 21.246560
 1.870499  3.214763  7.772056  5.590167 11.047406 20.904312
 1.883916  3.018784  9.168489  6.314891 12.283177 19.196233
 1.828803  3.226877  8.116049  6.327324 11.630115 19.239118
 1.789034  3.370146  7.332111  6.255354 12.073908 17.939589
 1.658346  3.270719  8.084032  5.979480 10.988234 20.232617
 2.008471  3.576914  7.905432  6.365888 11.977603 20.999428
 1.807297  3.439866  8.301005  5.857916 13.348954 20.058683
 1.909293  3.405637  7.725667  5.473245 12.137123 18.161222
 1.672014  3.369244  8.012456  6.485269 10.917129 19.692954
 1.742602  3.488138  8.221298  6.314530 11.544942 18.419811
 1.920868  3.756879  9.012643  6.362877 11.470814 20.475185
 1.867131  3.128386  8.495284  6.841693 11.589478 19.419991
 1.987992  3.165246  7.826071  6.601795 12.282078 18.130615
 1.724223  3.592115  7.794993  6.715290 11.631341 20.978147
 1.748167  3.399754  8.120232  6.205528 11.454719 19.872454
 1.889230  3.504991  8.186249  5.972679 13.092736 20.684921
 1.961313  3.193784  7.966928  5.919158 10.674290 19.058564
 1.767779  4.008097  8.052621  6.802760 10.924325 21.529251
 1.902504  3.640456  8.520009  6.226541 11.250636 21.072314
 1.772114  3.792875  8.342099  6.612839 11.498386 22.500619
 2.018718  3.629026  7.641914  6.591383 11.980209 21.062318
 2.013674  3.958529  8.454286  5.774341 13.559332 20.790707
 1.809538  3.335933  7.322522  5.947541 13.117077 18.068713
 1.663994  3.474600  8.080049  6.163822 11.100118 19.302565
 1.864586  3.370956  8.476855  6.201074 11.121190 20.648563
 1.774834  3.400377  8.402061  7.431695 10.807215 19.338308
 1.939215  3.286625  8.009574  7.040085 11.357184 17.464319
 2.012591  3.644553  8.389207  6.028290 12.459375 21.173930
 2.074573  3.517228  8.023431  6.689986 12.244897 19.761414
 1.778274  3.431711  8.781438  5.978666 11.614158 21.167961
 1.737099  3.283011  8.802656  6.252955 11.607324 21.478655
 1.996926  3.361189  8.866391  6.893509 11.440553 22.729582
 2.023462  3.961689  8.559122  6.517048 12.930847 19.827268
 1.854502  3.841190  8.296152  6.327813 11.179569 23.144794
 1.965101  3.891509  8.689392  6.458480 13.864821 22.247083
 1.802476  3.480361  9.223592  6.194664 13.855200 19.836427
 1.816155  3.717050  7.172615  6.436609 12.280172 19.696974
 1.676322  3.642429  6.724258  5.911770 11.426479 19.866936
 1.997593  3.433843  7.558059  6.099554 12.220950 20.396456
 1.954469  3.212446  8.522401  5.783669 11.749700 20.006347
 1.789683  3.293904  7.909560  5.848416 12.662584 19.148029
 1.616695  3.169053  7.842135  5.998171 11.358115 18.847493
 1.847884  3.451799  9.191578  5.741646 11.949509 18.672596
 1.572398  3.421012  7.875628  5.866320 11.553988 20.145461
 1.605398  3.103760  6.445242  5.824846 12.177070 18.448784
 1.701553  3.089748  8.472150  5.699162 10.463847 18.387806
 1.879172  3.484277  7.986821  5.942089 11.065440 19.695425
 1.691153  3.376913  8.067467  6.107768 12.239989 17.191839
 1.748236  3.163114  8.817811  5.679630 11.196735 19.493382
 1.636747  3.487169  7.893382  5.842461 11.595262 18.843462
 1.762293  3.851347  8.464334  6.477849 12.437028 21.317685
 1.919567  3.788795  7.629070  6.736646 10.813574 20.768828
 2.068359  3.453227  9.031400  6.116380 11.672877 19.975603
 1.877722  3.605372  8.666737  5.818826 12.129646 22.029737
 1.917137  3.348713  8.520990  6.106813 12.703700 21.126814
 1.896356  3.435137  7.840415  5.485226 12.778947 21.271933
 1.874091  3.842277  8.369848  6.682159 13.427011 20.674603
 2.093472  3.553103  8.028265  6.503189 11.423819 22.406274
 1.789895  3.204981  7.756565  6.700293 13.387933 21.637691
 1.854552  3.595941  6.979619  6.368648 12.528606 20.285410
 1.943950  3.199058  8.288898  6.453268 12.608692 19.624119
 1.910788  3.448689  8.402489  6.294496 11.885739 19.393629
 1.814132  3.265726  7.744938  6.342882 12.389163 19.854325
 1.712739  3.455301  7.621815  6.211691 11.553805 18.595220
 1.874712  2.989272  7.861421  5.834295 11.635378 19.360311
 1.812261  3.622163  8.652082  6.668880 11.790018 18.068435
 1.854738  3.161280  8.671420  6.348794 11.529648 17.653517
 1.845964  3.085040  7.950793  5.827249 11.637972 18.158601
 1.622426  3.429331  7.221346  5.306269 12.030434 19.309607
 1.855288  3.187404  8.241304  6.145875 11.632577 18.715492
 1.787363  3.310567  8.164178  6.655521 11.831679 19.240777
 1.817253  3.326433  7.680011  6.049074 11.240680 17.456678
 2.055629  3.039781  7.883631  6.185536 12.530147 19.195996
 1.803746  3.320601  8.029196  5.968509 12.192574 19.285084
 1.922180  3.686055  7.425400  5.746923 11.861149 18.500079
 1.774436  3.242594  8.938516  6.080986 11.575542 18.710955
 1.867335  3.266158  8.574594  5.798173 11.895875 18.025015
 1.847098  3.662970  7.539224  6.325435 11.967100 19.633162
 2.019711  3.423900  8.047978  7.509705 12.138700 20.128308
 1.916395  3.249705  7.699506  6.383176 13.047036 20.058815
 1.848797  3.117918  7.951787  6.146381 12.071252 19.814147
 1.809961  3.650479  8.617116  5.680346 11.311827 21.936679
 1.773297  3.233798  8.123866  5.637976 11.863972 18.747981
 1.585524  3.421968  8.127699  6.195942 10.689399 19.503705
 1.812852  3.097076  7.508454  5.762649 11.715606 20.088992
 2.027118  3.308049  7.557223  6.064587 11.889590 19.124148
 1.892154  2.889628  8.309640  6.205253 10.003019 18.321058
 1.826263  3.843211  7.801658  6.753834 10.817582 18.662109
 1.779378  3.371576  7.123273  5.895183 11.679038 20.440426
 1.896650  3.305747  7.830332  5.973143 12.924194 19.919951
 1.593913  3.741758  7.427766  5.755773 11.711811 18.765808
 1.876015  3.385191  7.808698  5.534470 12.108169 19.851755
 1.916611  3.711065  7.259041  6.134710 14.365446 20.157192
 1.784669  3.260749  7.505140  6.157836 12.572181 19.370265
 1.827214  3.111360  8.435648  5.838197 10.782658 17.593407
 1.930763  3.422165  7.072458  6.378557 12.056864 21.343363
 1.760247  3.419151  8.250326  5.904700 10.973165 19.611684
 1.818280  3.523555  7.856807  5.991627 11.428931 16.826145
 1.943302  3.265662  7.995069  6.323538 12.570760 20.373769
 2.033841  3.380250  8.887101  6.983235 10.659400 20.628720
 1.864623  3.350495  8.622786  6.180803 13.807913 21.986764
 1.837603  3.572902  7.948261  5.817468 11.530849 18.945357
 1.991204  3.587415  8.370239  6.147966 12.334488 21.808084
 1.719063  3.533571  7.733576  6.332512 11.582225 21.450642
 1.724379  3.280049  7.386695  6.013621 10.690387 20.056657
 1.790894  3.380933  8.394101  6.122065 11.935880 20.208180
 1.921159  3.398331  8.852525  5.714115 11.231784 19.709374
 1.812712  3.206941  8.208048  5.989169 12.242252 20.840941
 1.952921  3.481925  8.683548  6.505064 12.607304 21.022999
 1.867240  3.917119  8.158549  6.190309 12.737180 20.201471
 1.830839  3.517080  8.610067  6.325849 11.435035 17.283737
 2.072755  3.451821  8.409583  5.985540 11.508426 18.464791
 1.994205  3.336011  8.207548  6.105981 12.302335 21.192940
 1.755344  3.398814  7.775120  6.155635 12.120663 21.437449
 1.729318  3.376234  8.027524  5.752554 10.902660 22.490048
 1.736664  3.655089  8.174373  6.657744 11.224341 17.851438
 1.804107  3.134648  7.983520  6.619193 12.756604 19.716116
 2.072254  3.500109  7.470849  5.705417 12.877846 20.932442
 1.729091  3.528080  7.717377  6.312507 12.047603 22.583808
 1.828271  3.298890  8.641666  5.570408 12.403627 22.988361
 2.011275  3.668890  7.824508  6.401937 11.699437 20.083261
 1.893317  3.661081  7.512409  5.937359 11.578509 20.650787
 1.535127  3.002286  8.137193  5.872243 12.203363 19.168783
 1.816378  3.101760  7.668365  5.899313 12.088996 17.889381
 1.829902  3.386835  7.636863  6.982064 12.655392 21.935704
 2.040026  3.696240  7.657161  6.180435 11.793728 22.068228
 1.721191  3.593567  7.414387  6.358051 12.342494 19.459962
 1.698519  3.157605  8.048041  7.021756 11.692725 20.346243
 1.630312  3.570820  7.591669  5.854468 11.809285 18.430323
 1.666393  2.989967  8.942952  5.264694  9.954928 19.261074
 1.964627  2.929907  8.042193  6.268451 11.604142 19.081146
 1.533808  3.600003  7.754399  5.280373 13.332348 18.150564
 1.851970  3.014070  7.868036  6.776713 12.408262 18.654018
 1.938623  3.488562  8.394070  6.211166 11.360307 20.436597
 1.720453  3.335226  7.054903  6.125853 13.273076 20.067270
 1.659880  3.143349  7.985277  5.912697 11.580964 19.785751
 1.895282  3.218891  7.827587  5.755888 11.900063 19.460646
 1.754238  3.197063  7.258776  5.809371 11.823218 19.270811
 1.915867  3.340339  8.590458  5.613594 12.511091 19.970286
 1.813142  3.520756  8.152924  6.511779 13.928328 18.467412
 1.852774  3.125995  7.534085  6.283227 11.973876 20.350564
 1.682489  3.389092  7.663173  5.502401 11.945369 21.217786
 1.844238  3.413357  7.097449  5.494004 12.804642 21.243062
 1.669434  3.070943  7.508325  5.504111 11.874476 17.369720
 1.795519  3.255891  7.805236  6.235949 12.362330 23.470871
 1.740552  3.075221  7.735073  5.871593 11.071232 20.096891
 1.698603  3.160238  8.113500  5.984737 11.367765 18.005367
 1.824134  3.321077  8.417284  6.170737 13.048905 19.750573
 1.817838  3.308800  8.009528  5.987063 11.872812 21.644739
 1.792935  2.876830  8.000616  6.122358 11.484921 19.074140
 1.899465  3.498080  8.133416  6.746818 11.236782 20.014196
 2.114547  3.817320  8.757780  6.781219 13.669424 22.378251
 1.970628  3.739832  8.933421  6.811533 13.870134 21.706252
 2.079989  3.614871  8.185987  6.841752 12.524806 21.970096
 2.041397  3.397193  8.066341  6.668483 12.336234 18.768398
 1.792095  3.292742  9.435838  5.873772 12.051903 20.513427
 1.793435  3.311880  8.745695  6.148469 12.652088 18.909216
 1.804420  3.451964  8.763243  6.387897 11.683968 19.993342
 1.808506  3.892091  7.360113  5.831620 11.761341 19.428760
 1.962806  3.473475  8.322135  6.232144 10.955275 20.376479
 1.998008  3.596579  8.069633  5.928057 11.743097 20.288036
 1.810370  3.205607  7.541200  5.853882 13.233896 19.946071
 2.067153  3.381956  8.086179  6.374376 11.066710 21.017473
 1.773908  3.588424  7.622832  6.320810 11.844647 20.929247
 1.904158  4.131351  7.430124  5.402112 12.269871 21.071472
 1.659861  3.645723  7.765250  6.031441 11.460821 20.037562
 1.585877  3.326832  7.966972  5.421796 10.600073 17.998851
 1.860286  2.982119  8.406073  5.722812 12.059073 19.250000
 1.687030  3.230507  7.284957  5.556620 11.514777 20.956212
 1.892764  3.145059  7.523419  5.518873 11.492082 18.617114
 1.895915  3.330044  7.886112  6.003405 12.884270 18.222592
 1.798468  3.347068  8.437220  5.596718 12.256323 17.823275
 1.796851  2.991581  7.883891  6.542682 10.576089 19.368889
 1.993428  3.452034  7.478806  5.497153 11.055627 17.931626
 1.736616  3.538640  7.865342  6.064783 11.496823 18.016217
 1.806080  3.599958  7.843617  6.335596 11.304718 20.284597
 1.977197  3.298994  8.367022  6.446381 12.500514 20.643599
 1.821229  3.124017  8.453554  6.377710 12.216423 18.225226
 1.776224  3.640678  7.405304  6.215184 10.717611 19.521715
 1.775886  3.238594  8.620622  6.472141 12.140686 20.003616
 1.902480  3.338024  7.935296  5.505861 11.619029 17.664305
 1.933628  3.321745  8.734993  6.204314 11.351418 18.364126
 2.054900  3.266395  7.670993  6.318543 11.352377 20.901669
 1.992102  3.355464  7.835681  5.832618 12.077711 20.644743
 1.842607  3.348785  8.204870  6.244811 11.236604 20.650336
 1.995802  3.578741  8.046844  5.827976 10.729372 21.267767
 1.712726  3.371877  8.101079  6.301766 11.992194 21.113012
 2.036978  3.436225  8.153262  6.083858 11.147229 21.389025
 1.862482  3.702296  7.174445  5.759494  9.995103 20.397513
 1.777554  3.198387  8.247497  5.742662 11.845906 20.309824
 1.976793  3.637781  7.364580  5.934373 11.829451 20.777818
 1.734053  3.801463  8.360520  6.262423 10.032443 21.370251
 1.987624  3.300709  7.496990  6.529034 13.116399 20.399919
 1.600590  3.182469  7.534025  5.156342 11.401255 18.544001
 1.736116  3.125524  7.445753  6.239360 11.654128 21.087012
 1.757695  3.038622  7.864160  5.747183 11.744137 20.715705
 2.072375  3.336735  7.434047  6.366584 12.740133 19.945991
 1.757064  3.767352  7.617241  5.852987 12.133400 20.777693
 1.998104  3.333655  8.226739  6.390361 12.450303 20.931554
 1.901062  3.705938  8.440100  6.509963 12.924850 21.578639
 1.877603  3.494718  8.153315  5.947652 12.895865 19.833023
 1.880324  3.086034  8.489222  6.418317 11.464274 19.849095
 1.868605  3.430548  8.393793  6.487522 10.653445 22.128437
 2.066941  3.340080  8.351486  5.791723 12.021644 20.038322
 1.782161  3.279029  8.211242  5.918935 11.694979 19.169491
 1.648077  3.214917  7.378675  5.953162 11.046188 17.805113
 1.793173  3.053595  8.168900  6.112139 11.914152 18.925428
 1.820390  3.224372  7.911951  6.019086 11.485943 18.705387
 1.729102  3.070728  7.433515  5.977010 12.710079 19.424132
 1.726309  3.432654  7.580770  5.639934 12.254970 18.461784
 1.778827  3.316537  8.155000  6.185407 11.870275 19.858346
 1.979201  3.289646  7.606979  5.751295 11.711690 17.382478
 1.713917  3.432553  8.024412  5.355973 11.388647 19.057777
 1.807173  3.501910  8.059727  5.867210 12.701896 24.312987
 1.706931  3.236343  7.448497  5.999598 12.464651 20.380022
 2.018982  3.098752  7.228822  6.652423 12.358343 19.010964
 1.822091  3.417206  7.737251  6.542522 10.956911 18.540335
 1.819376  3.347319  7.409194  5.882265 11.143258 20.313526
 1.930324  3.301080  8.256206  6.170067 12.385234 18.214575
 1.712074  3.630091  8.104442  5.899358 11.623453 20.061227
 1.726920  3.351658  7.236902  5.265305 12.698980 17.788580
 1.559306  3.056218  8.125124  5.811625 12.195759 18.303066
 1.698195  3.096918  7.683698  6.292171 11.886480 19.592882
 1.728653  3.385117  7.306193  6.661725 11.679625 19.158901
 1.628475  3.662655  7.561027  5.910106 11.007766 17.977714
 1.959720  3.659497  8.405706  6.691338 13.873240 21.373672
 1.830739  3.199336  8.372662  6.221575 12.350371 20.261790
 2.105132  3.549274  9.111796  6.658443 11.880755 18.935703
 1.984328  3.299948  8.426703  6.545884 12.076425 21.008512
 1.837705  3.606945  8.727337  6.343051 11.331146 18.695704
 1.929755  3.493831  7.884584  6.403664 12.223305 20.442102
 1.906946  3.419081  7.575813  5.566449 13.531567 20.386567
 1.993295  3.465295  8.079408  6.391429 11.526483 20.034548
 2.105464  3.575269  8.150942  6.138641 12.564184 21.085677
 1.842098  3.357429  7.656332  6.144639 12.319869 18.066348
 1.673639  3.954751  7.907293  5.914884 11.255121 22.695405
 1.632301  3.121266  8.102949  5.948486 12.511614 20.894040
 1.921294  3.427562  7.927843  6.122293 11.148230 19.179394
 1.832440  3.659610  7.978558  5.915598 11.909674 20.422913
 2.094184  3.719772  8.757143  6.609914 12.066453 20.592218
 2.071848  3.535661  7.683397  6.394978 11.444292 19.543892
 2.056520  3.329429  8.197046  7.025656 13.104521 20.455229
 1.819501  3.217353  8.111564  6.038945 12.624572 20.058623
 2.007082  3.604078  7.332572  6.212437 12.873108 19.022410
 1.743784  3.504814  7.509386  6.043227 11.667363 18.688092
 2.079612  3.822355  7.563292  6.425423 12.353847 20.081800
 1.757072  3.079620  8.946911  5.938095 11.237609 21.287265
 1.845016  3.621435  8.015966  6.542800 11.662762 20.414088
 1.948560  3.115282  8.359425  6.866583 11.821983 21.756076
 1.872531  3.669391  7.154153  6.288864 10.871763 22.067885
 1.875109  3.331793  8.387387  5.729978 10.673512 19.572339
 1.888267  3.296248  7.208954  6.084162 11.420383 19.532952
 1.825221  3.197091  7.617697  6.134110 11.805843 18.582139
 1.721986  3.299186  8.497674  6.015889 11.526614 20.718325
 1.715887  3.108127  7.082827  5.643401 12.441448 19.925718
 1.706485  3.196696  7.389074  5.634661 11.836650 17.811705
 1.591305  3.326947  7.971112  6.306191 11.973176 18.071532
 1.949959  3.124477  7.325599  6.582321 13.139123 20.528649
 1.919306  3.763074  7.033787  6.761621 12.440563 21.640710
 1.773097  3.663602  8.070537  6.014681 11.354536 19.239348
 1.721180  3.521239  7.610338  6.524411 13.409466 19.918340
 1.827203  3.075088  7.178201  5.559514 11.851975 20.088042
 1.904960  3.801099  9.338897  5.985766 13.017206 19.527329
 2.031785  3.224811  7.713867  6.800555 12.912705 20.750299
 1.874970  3.501455  7.747603  6.663303 10.887360 20.010695
 1.778827  3.863978  8.008637  6.295351 12.238804 22.856601
 1.660846  3.420615  8.129375  6.784888 11.244334 20.256934
 1.972488  3.483364  7.977478  6.183907 11.996865 19.499153
 1.833918  3.374311  7.896662  6.223714 11.521059 19.235557
 1.977229  3.297995  7.822826  6.056475 10.580896 21.688021
 1.891798  3.451777  9.148156  6.232054 11.662134 17.449471
 1.784803  3.706893  8.567303  6.277494 12.324681 19.688343
 2.148096  3.496522  8.420347  6.488266 13.627096 20.796581
 1.837026  3.525296  8.674008  7.328583 12.378022 20.833716
 1.924430  3.769179  8.380021  6.769590 13.002740 19.641097
 1.815747  3.192957  7.786080  6.283009 11.532536 19.840291
 1.767055  3.747658  8.275381  6.247689 12.105644 20.281404
 2.051195  3.412883  7.658800  6.361086 12.642255 20.815739
 1.748538  3.634071  8.202376  6.504568 11.990257 19.249898
 1.839581  3.271704  7.790944  5.933108 11.164721 19.588401
 1.713720  3.630997  8.291761  5.708783 12.146325 17.770332
 1.826388  3.503154  7.190172  5.778316 12.069710 19.085353
 1.767815  3.379908  8.668586  5.942564 11.725908 20.105879
 1.826479  3.225831  7.891668  6.920238 12.515325 17.399314
 1.753678  3.570776  7.944070  5.621813 13.109779 21.516298
 1.709383  3.370160  9.210646  6.272876 11.893403 19.107708
 1.745397  3.266727  7.194869  5.854573 12.051686 20.835615
 1.911946  3.437539  7.665356  6.161833 12.523040 19.844649
 1.927041  3.309886  7.808001  5.822832 11.940610 20.101501
 1.727121  3.537571  8.412404  6.276666 10.974105 19.664150
 1.550683  2.992274  7.817253  6.227045 11.181440 17.876730
 1.900904  3.032538  7.423744  5.646429 12.446823 18.937571
 1.743126  3.175711  7.856220  6.085603 11.540331 19.992425
 1.992488  3.451476  7.293964  5.682072 11.926810 21.102624
 1.776697  3.493020  8.433809  6.681484 12.289548 17.848941
 1.927802  3.585969  8.390298  5.937255 10.960236 17.567911
 1.810152  3.443731  7.698650  5.599472 12.468011 20.467768
 1.861212  3.110937  7.903256  6.491714 11.531663 19.252909
 1.752269  3.135877  8.420197  6.697015 11.109943 17.973074
 1.805100  3.297428  7.595886  5.654732 11.392483 21.325346
 1.864073  3.299534  7.376410  5.901607 12.915436 20.139063
 1.743992  3.182151  8.044929  6.143528 12.138788 19.301179
 1.850479  3.772603  8.228200  6.333144 11.205550 19.025535
 1.901451  3.195983  7.896286  5.772015 10.976140 19.987920
 1.907418  3.518627  8.562084  6.538978 11.915637 20.965667
 1.893672  3.662362  7.626003  5.923719 12.239713 19.768672
 1.926635  3.236126  8.320347  5.875448 11.452470 20.588758
 1.993142  3.493835  8.364500  7.171389 12.269899 18.251849
 1.962539  3.274426  9.578993  6.871460 12.051278 20.801269
 2.147608  3.480502  8.378394  6.520783 14.233191 19.384446
 1.907352  3.765800  7.919733  6.468417 12.192246 20.074129
 1.771658  3.810125  8.265015  6.543646 12.115483 20.322258
 1.744723  3.554129  9.799590  6.382128 12.625736 19.286617
 1.660664  3.317443  8.990516  6.227616 11.960461 19.166404
 1.916882  3.650691  7.687839  5.997276 12.159084 19.502081
 1.752331  3.486796  8.431870  6.220131 11.165880 23.923560
 1.876970  3.937679  8.913206  6.535685 11.422426 20.060097
 1.746491  3.834963  7.584530  6.088125 11.670121 20.714055
 1.786571  3.221114  8.514548  6.361123 12.641809 21.664354
 1.721834  3.111958  8.019806  6.478489 11.789738 20.678407
 1.666787  3.257362  7.922782  5.377159 11.438079 19.609750
 1.779431  3.028247  7.856638  6.397687 10.304719 18.808970
 1.765655  3.643971  8.027842  6.053506 12.026168 17.199013
 1.795153  3.552859  8.787314  5.892463 11.351218 18.524240
 1.875796  3.611237  7.429528  6.398568 11.098708 19.402184
 1.670254  3.330123  8.687800  6.708390 11.426221 19.326282
 1.972713  3.184877  8.336765  5.811820 12.160899 19.554690
 1.930338  3.567375  8.097531  7.034329 11.586454 22.776304
 1.968820  3.534343  8.048915  6.380732 10.391343 19.522127
 1.949930  3.418875  8.339144  6.683393 12.348285 21.059793
 1.865654  3.441506  8.203526  6.269463 11.031225 18.867067
 1.881556  3.590978  8.343147  6.436152 12.237273 21.074311
 1.798603  3.803294  7.589793  5.918815 11.492262 22.817705
 1.769688  3.202217  8.469526  5.686776 13.011067 18.617443
 1.870069  3.440844  7.412944  6.320818 12.044749 20.747089
 1.875132  3.528957  8.261209  6.143979 11.387102 22.434776
 1.815638  3.582779  7.507168  6.316801 12.324649 21.436770
 2.017180  3.241486  7.943802  6.028452 11.337078 19.048090
 1.654573  3.625891  8.565354  6.551211 11.064744 20.288548
 1.920582  3.262485  7.882223  6.564854 11.794137 20.925052
 1.939217  3.359539  8.260226  6.636465 13.112210 20.148549
 1.728176  3.459084  8.949573  5.705679 12.809770 21.061786
 1.921834  3.095329  7.780219  6.687761 12.425179 20.070283
 1.697682  3.382428  7.912244  5.519653 11.803384 20.035327
 1.891004  3.226607  7.347302  6.358671 11.445503 18.063523
 1.710174  3.518668  8.230868  6.160948 11.725608 20.810061
 1.911749  3.477736  8.187822  6.346772 12.263575 19.317260
 1.843806  3.405732  8.001309  5.952753 11.689686 18.006165
 1.848261  3.449550  7.667659  5.817945 11.325046 22.483185
 1.652801  3.407002  8.445615  5.969028 12.314060 21.105719
 1.909892  3.333922  7.971927  6.133760 10.664040 21.201189
 1.912556  3.635065  7.678218  5.806907 12.326516 17.166006
 1.700933  3.451880  7.915142  6.161969 11.704487 20.770223
 1.892382  3.406211  8.431151  6.005142 11.408154 19.386426
 1.779606  3.554823  7.754033  6.196081 10.975601 17.345800
 1.744117  3.369062  7.591079  6.000420 11.329999 18.333059
 1.767250  3.260715  7.763892  5.556397 10.517726 17.845928
 1.647372  3.303179  7.797817  5.358108 11.622636 20.478342
 1.694534  3.216679  7.354533  6.714588 11.053810 19.912465
 1.679545  2.815937  8.294796  5.808606 11.846844 20.153394
 1.689163  2.995163  7.733204  5.481849 12.101382 19.260952
 1.797343  2.980651  8.336696  5.579731 11.978385 19.742966
 1.828257  3.323664  8.096617  5.774091 12.462107 20.057682
 1.757486  3.430415  8.725591  6.227577 11.157816 18.821075
 1.640380  3.629184  7.162306  6.262608 12.371160 19.645286
 1.982370  3.587863  7.398916  6.749797 12.542833 23.576592
 1.754948  3.947407  8.618768  6.592307 13.071092 19.693317
 1.770969  3.424487  7.864954  6.807256 11.523550 19.349222
 1.859917  3.483038  7.689408  6.442163 12.132373 20.565508
 2.058792  3.384872  8.392914  6.519445 11.357458 20.400751
 1.826504  3.706629  8.094919  6.435108 12.296059 22.351046
 1.720276  3.471418  7.650220  5.930675 11.655509 22.212409
 2.155373  3.507284  8.727755  6.002143 13.402604 22.469492
 1.787356  3.837779  9.141818  7.208888 12.074213 20.519244
 1.876563  3.731760  7.912734  5.819757 12.176038 21.019512
 2.042758  3.475044  8.623184  6.328640 12.359976 19.598122
 1.884422  3.695243  8.435853  6.325152 12.835246 20.159615
 1.925368  3.446468  8.692714  6.154287 12.355651 20.377524
 2.080711  3.772832  7.953515  6.666269 13.624128 21.737177
 2.052308  3.555950  8.488798  6.358901 11.662090 21.037103
 1.955356  3.198705  7.899882  5.813599 11.565177 19.642417
 1.748621  3.488609  7.907015  6.393921 12.546108 18.874937
 1.940490  3.346841  7.946048  5.428550 12.797607 22.502568
 1.926183  3.425918  8.388117  5.816179 12.187029 20.548567
 1.867715  3.829472  7.111276  6.163964 10.966499 19.501162
 1.614809  3.309661  7.555932  5.503270 10.385874 19.372301
 1.880575  3.612083  7.520882  5.761433 13.272221 21.113502
 1.884549  3.503655  7.847256  5.890089 12.346685 20.887422
 1.856041  3.360585  7.985817  5.982564 12.251970 20.415721
 1.875252  3.584827  8.562702  6.155135 12.237174 21.737668
 1.935734  3.517216  8.521989  5.858094 10.499642 20.253385
 1.895788  3.476382  8.233939  6.023875 12.319580 22.294933
 1.873198  3.117120  8.002066  5.858593 11.285076 20.699581
 1.835409  3.171797  8.156270  5.932820 12.581197 19.016146
 1.805111  3.412541  7.024251  5.881669 11.574046 20.584104
 1.835891  3.628721  7.672400  6.475790 12.566918 19.808517
 1.897217  3.243269  8.314602  5.683681 12.646831 20.235475
 1.843382  3.654823  8.316544  6.434464 12.145471 20.833754
 1.749351  3.688522  8.511974  6.558578 13.019182 19.950031
 1.862313  3.452183  8.080154  6.072688 13.076323 22.189414
 1.889634  2.970027  8.154249  7.148799 12.647418 19.524260
 2.081440  3.185558  7.886756  5.704793 12.328812 20.699876
 1.863315  3.401577  8.118063  5.953684 12.609397 21.352364
 2.147411  3.213104  9.523333  5.580990 10.658479 17.647076
 1.938595  3.472652  7.896274  6.411269 11.501449 19.865317
 1.898615  3.641221  7.885779  6.811901 12.082593 19.050443
 1.795289  3.693157  8.798664  6.417466 12.729046 20.113513
 1.859565  3.436150  8.888165  6.074688 13.512636 22.565390
 2.078164  3.608048  7.420319  6.418212 12.609083 22.302582
 2.011796  3.641172  8.243551  6.589964 13.494994 20.970488
 2.163426  3.222293  7.989766  6.249385 12.424202 19.218516
 1.675173  3.199680  8.179680  5.960260 11.407390 19.951084
 1.736156  3.414650  7.424375  5.795587 11.037215 18.568358
 1.698886  3.277506  7.871412  5.966239 13.807002 20.145904
 1.759786  2.987691  7.240240  5.966895 12.305510 19.042776
 1.871146  3.387758  7.564531  5.687300 11.552444 19.782609
 1.698374  3.746354  7.906882  6.265212 11.220621 20.556313
 1.724906  3.618873  7.303160  5.655486 11.617776 20.466857
 1.770159  3.583350  7.687931  6.215275 11.534148 21.772963
 1.749496  3.361445  7.363534  5.639648 12.092487 18.939678
 1.686831  3.355462  8.262213  5.936630 12.998131 17.034582
 1.688266  3.241448  7.932167  6.131988 11.549093 18.596411
 1.721356  3.472690  7.064930  6.062737 10.927491 20.590265
 1.554798  3.194095  8.377178  6.719758 13.394942 19.259739
 1.755724  3.244193  8.102808  6.041510 11.342285 18.091885
 1.862252  3.146996  8.249726  6.159127 11.695203 19.178859
 1.776912  3.241407  8.496772  6.231740 11.957112 20.093838
 1.826519  3.310467  8.012485  5.890997 11.396530 19.071516
 1.880748  3.174824  8.116513  5.860164 11.224562 18.582292
 1.955967  3.341965  7.383902  5.953884 11.777090 19.224356
 1.827207  3.420722  7.875607  5.816386 11.852739 21.147155
 1.892109  3.708141  8.807595  6.171241 11.839921 17.901183
 1.826484  3.528789  7.666302  6.029637 10.945309 19.729774
 2.016959  3.347237  8.289280  6.163078 12.070255 19.323626
 1.990648  3.626347  8.356328  6.173053 12.418116 20.680638
 1.977600  3.719638  7.410935  6.517976 13.041096 22.863404
 2.045727  3.424449  8.643811  6.383505 11.939349 20.814224
 2.002341  3.606329  8.014140  6.229254 11.761750 19.906078
 1.918359  3.696279  8.028596  6.449698 12.468166 20.849810
 1.716382  3.811912  8.920991  5.970665 13.359790 18.655085
 1.894800  3.313625  8.564237  6.251242 11.360836 21.444744
 1.979593  3.357331  8.574018  5.893648 11.779455 22.118820
 1.960777  3.526011  8.392212  6.532011 12.000936 19.812708
 2.056582  4.014138  8.903267  6.505457 12.042767 21.442389
 2.085395  3.024746  7.506124  6.648894 12.305514 19.010497
 2.105446  3.768700  8.109306  6.468946 12.016975 21.264225
 2.016383  3.447532  8.537034  6.358907 13.228216 18.449321
 2.047579  3.480738  8.722813  6.125227 12.366245 21.215992
 1.700589  3.520373  8.938962  6.346195 11.964280 20.435094
 2.032178  3.432453  8.310202  6.343812 12.261546 19.011410
 1.665047  3.523256  7.487769  5.787933 11.846947 20.148192
 2.005634  3.405261  7.297006  5.727406 12.520208 19.734031
 1.913219  3.100190  7.605458  5.802238 11.263236 17.342995
 1.972321  3.160953  8.166299  6.661899 12.589115 21.153676
 1.798953  3.211223  8.237748  6.064950 11.314075 20.543932
 2.105597  3.448699  7.773580  6.583873 10.907788 20.955432
 2.158417  3.545049  8.303772  5.606754 11.690333 19.414269
 1.866544  3.029865  7.788739  6.059204 10.978291 18.507226
 1.802833  3.222571  7.649263  6.316842 11.638783 21.287941
 1.767066  3.146843  8.460927  5.873014 11.614281 19.693294
 1.623633  3.254484  8.574656  6.452030 12.554659 21.555010
 1.763049  3.559953  7.869051  5.985087 12.248815 20.921596
 1.821160  3.461004  7.791460  5.976464 11.532930 20.866580
 1.720670  3.244931  7.309335  5.805041 10.777989 19.681325
 1.776070  3.142740  8.261940  5.250695 11.622554 19.625874
 1.516332  3.458853  7.078374  6.995969 10.394388 19.644800
 2.071735  3.235444  7.834269  5.967758 11.886030 21.499791
 1.791400  3.310449  7.869911  5.765772 11.824709 19.916198
 2.021734  3.445704  8.450649  5.835563 12.621261 20.613614
 1.675596  3.727955  7.027833  5.485251 11.572605 18.574894
 1.657402  3.569896  8.505363  6.287402 12.070668 21.149742
 1.807351  3.438909  8.435350  6.226868 11.652388 19.392051
 1.745440  3.320771  8.257541  5.940633 12.226515 18.810058
 2.066150  3.302391  8.200831  5.862334 12.140007 22.544145
 1.891411  3.247308  8.033336  5.631459 11.720338 21.377055
 1.949417  3.512780  8.259079  6.407319 12.001977 18.695631
 1.885464  3.238759  7.799037  6.019416 13.424531 19.548724
 1.799613  3.199713  8.310047  6.138755 12.960632 21.513829
 2.024852  3.304597  8.775955  5.654342 12.899623 19.752882
 1.886535  3.650591  7.052675  6.425389 12.014844 19.282053
 1.921296  3.263541  8.066643  6.269502 12.918976 18.275992
 1.946987  3.562712  8.679896  5.906349 12.055647 19.544130
 1.696291  3.349608  7.235513  6.697785 12.394304 19.324838
 1.830443  3.393661  7.674168  6.390648 11.108457 18.870266
 1.829059  3.220395  8.224979  6.140675 11.157280 19.987940
 1.900119  3.548590  7.537924  6.070287 11.644461 21.590945
 1.802635  2.881353  7.820529  6.238508 11.598932 20.190990
 1.662825  3.640234  8.241230  6.875021 14.321392 19.436749
 1.751224  3.531622  9.024369  6.674528 12.983378 20.407067
 1.757544  3.292401  8.025548  5.882002 13.448644 21.101813
 1.669291  3.255527  8.251141  6.556091 12.642446 19.587722
 1.735658  3.606912  7.994476  5.357791 12.469908 20.913530
 1.789735  3.719084  8.331594  6.332427 12.020620 20.272448
 1.840791  3.580283  7.942517  6.043579 11.258914 20.280479
 1.776143  3.696338  8.109212  6.330608 12.215127 21.266673
 1.793337  3.538060  8.690083  5.962000 12.447609 21.675884
 1.814212  3.009989  7.831901  5.985364 12.458291 18.927007
 1.908527  3.126470  7.848737  5.480517 12.852470 20.250932
 1.806435  3.686925  7.483152  6.004033 12.813456 19.483840
 1.714509  3.873336  8.142931  5.820862 11.759046 19.034182
 1.858347  3.240241  7.887305  6.199448 12.527374 16.735498
 1.689644  3.462591  7.500841  5.900176 12.313717 17.745338
 1.936708  3.348348  9.036908  6.027009 10.989751 19.777422
 1.696133  3.481572  8.637568  5.928827 12.344775 19.621727
 1.806747  3.545529  7.602695  6.138650 11.703933 22.329818
 1.770790  3.286902  7.942932  5.658827 11.487360 19.628487
 1.836763  3.223166  7.826092  5.561831 11.267766 20.063888
 1.768700  3.200149  8.081846  6.278522 11.281687 19.995258
 1.686146  3.602599  7.268823  6.560839 11.236832 21.582490
 1.809696  3.658863  7.640814  5.779693 11.266533 20.494049
 1.776300  3.496577  8.923706  6.218381 10.636107 18.987986
 1.784823  3.319484  7.565437  5.688540 11.953268 18.138700
 1.768464  3.408877  7.145657  5.240425 11.971692 21.230345
 1.765823  3.274080  7.328082  5.027671 11.536413 18.445923
 1.773740  3.274414  8.589230  6.163255 12.211235 17.248407
 1.776661  3.438672  8.014376  6.026724 11.277607 19.390437
 1.624328  3.297261  7.767374  6.078361 12.271170 19.956281
 1.784264  3.790971  7.211139  6.107648 11.502081 19.029302
 1.707889  3.541529  7.171725  6.307684 11.684698 18.261587
 1.965053  3.522430  8.201755  6.017003 12.551468 18.687137
 1.698493  2.916485  7.685362  5.648285 11.053602 21.309830
 1.741480  3.167634  7.862123  6.206398 11.539582 18.787706
 1.936816  3.509586  8.325455  5.794285 12.601920 18.135716
 1.949290  3.258670  7.823127  6.341910 11.935758 18.776781
 1.930950  3.280738  7.851096  5.433806 13.267971 20.328537
 1.978044  3.485964  8.295577  6.651642 13.229330 22.614575
 1.973589  3.670937  8.635247  6.405185 12.340598 22.124917
 1.978313  3.617976  7.179512  5.978496 11.874074 20.958074
 1.776481  3.325856  8.153162  6.145371 11.791833 17.848259
 1.682844  2.835796  7.419248  5.875447 11.587053 18.619151
 1.808592  3.522361  8.090150  6.161871 12.049185 17.536885
 1.816085  3.253111  7.340707  6.290623 11.233412 21.785200
 1.792090  3.274288  8.211033  5.856374 13.144573 21.117643
 1.946974  3.444176  7.838370  5.700224 12.810569 20.648750
 1.758307  3.299337  7.809691  6.117980 11.443511 19.319092
 1.816836  3.786069  7.992348  5.875695 12.038361 18.424241
 1.755050  3.253472  7.284510  5.742215 11.162944 19.807838
 1.756716  3.064260  7.407187  5.952171 12.721743 20.857689
 1.948438  3.604531  8.006543  6.289585 12.159272 17.540484
 1.832717  3.490073  7.777514  6.458968 10.795050 19.559091
 1.929742  3.836014  8.592644  6.567202 10.581743 20.407288
 1.809107  3.344201  7.089614  5.776339 13.518093 21.357379
 1.955245  3.588953  7.813752  6.230773 11.142134 23.023431
 1.839595  3.237544  7.669175  6.072881 10.666652 20.619288
 1.796228  3.426376  8.412729  5.689749 11.977037 17.984421
 1.956550  3.813795  8.317684  6.157494 11.220130 19.544566
 1.785276  3.427034  8.331872  6.109957 11.091200 20.398214
 1.930505  3.436384  8.509562  6.469776 10.907694 19.584016
 1.808266  3.242249  7.497877  5.982802 12.473087 20.577836
 1.794519  3.121330  8.062613  6.120216 10.088201 20.114413
 1.735672  3.268652  7.751593  6.012851 12.690488 19.229812
 1.895368  2.888946  7.653622  5.841159 11.489125 18.851464
 1.643617  3.368970  8.241221  6.113956 11.551110 19.582574
 1.669236  3.381531  7.502163  5.338484 11.619498 19.001428
 1.694168  3.381846  8.082399  6.350789 11.421301 19.880752
 1.749215  3.390210  8.208673  5.951329 13.379848 19.321171
 1.963790  3.415610  8.347502  6.007073 11.955118 19.768811
 1.764546  3.553763  8.298389  6.078718 10.764725 21.412987
 2.101873  3.691886  8.545788  6.553635 10.994735 21.073302
 1.947898  3.695813  8.706917  6.328474 12.953775 21.941987
 2.150506  3.387517  7.542649  6.953023 11.740286 18.706427
 1.715927  3.540290  7.182895  5.938862 12.852703 19.561734
 1.948729  3.524057  8.272118  6.110097 13.486571 17.923927
 1.745853  3.355284  7.505856  5.840758 11.813416 19.021537
 1.886424  3.289002  7.211898  6.091625 10.757960 22.142156
 1.852850  3.134158  8.167793  6.408484 13.194624 21.669008
 1.890395  3.128250  7.819413  6.445882 11.837202 19.128694
 2.068725  3.474907  7.531978  6.248977 11.535873 18.088148
 1.895397  3.202667  7.714467  6.136407 11.435707 19.321997
 1.695001  3.175917  8.430587  6.234690 11.779642 21.934149
 1.783043  3.566808  7.757650  6.113106 12.495088 23.087168
 1.818242  3.398917  7.404886  6.306086 11.638008 20.780878
 1.741241  3.176437  8.022214  5.415253 11.182742 19.568943
 1.818811  3.264508  8.180220  6.648000 13.754476 19.522238
 1.813713  3.463310  8.287443  6.091605 11.349448 19.409108
 1.829412  3.365730  8.589125  5.514291 12.087092 21.785782
 2.047099  3.361193  8.514925  6.833118 12.070767 21.479375
 2.091022  3.360685  7.629394  6.451477 11.676495 18.228719
 1.853535  3.554867  8.200240  6.282972 13.854028 18.310629
 2.071376  3.874049  8.147638  6.291603 12.037621 21.148483
 1.896596  3.797892  8.324770  5.973484 12.170488 20.109980
 1.778382  3.924980  8.107344  5.542301 12.016606 20.486831
 2.134074  3.440041  7.786250  6.075483 11.668794 19.678459
 1.949686  3.471413  7.962006  6.119002 12.038047 20.334422
 1.827581  3.448178  7.461980  5.379546 12.006275 18.354533
 1.811655  3.429482  8.403331  5.698249 11.770228 20.301755
 1.630610  3.051091  7.693081  5.553553 11.420269 19.713214
 1.750155  3.235964  8.124824  5.609128 10.998666 17.761715
 1.863359  3.623126  7.864023  6.034594 12.816556 18.153171
 1.987583  3.582697  7.166945  5.914047 11.741999 19.695594
 1.808850  3.864356  8.629533  5.765378 10.983385 20.698048
 1.807591  3.358608  7.909548  7.013847 11.767041 19.955665
 1.854859  3.554393  7.990989  6.070191 11.618870 19.480662
 1.806233  3.711728  7.514798  6.207275 11.030821 19.621347
 1.720419  3.427331  7.392803  6.156167 12.957198 19.029178
 1.851667  3.507300  7.684774  6.153128 11.543587 19.893851
 1.755245  3.224304  8.544276  5.480546 12.091018 20.971730
 1.793687  3.511340  8.134323  5.881775 12.293731 21.971030
 2.060228  3.356902  7.780554  6.220778 11.966332 18.571122
 1.839133  3.801235  7.885367  5.426265 11.987256 21.376849
 1.894139  3.262535  7.565696  6.278950 12.061442 19.573386
 1.689708  3.356467  8.461889  5.208401 13.511741 18.012238
 1.802696  3.346360  8.749806  6.214262 11.927128 19.345027
 1.955757  3.055407  8.164987  5.536187 13.010135 20.138839
 1.611245  3.708110  7.469925  5.490691 10.388611 19.177249
 1.868776  3.126557  7.912093  6.536919 12.209964 19.653682
 1.904802  3.530462  7.466137  6.296367 12.210411 19.303138
 1.767072  3.231010  7.534701  5.611497 11.715952 20.060474
 1.953092  3.020878  8.021848  6.090120 11.784943 18.008495
 1.960182  3.573096  7.692538  6.070636 11.086460 20.434064
 1.996356  3.826356  8.267040  6.278120 11.903626 19.785035
 1.964744  3.572752  7.586513  6.206874 11.914809 20.996365
 1.916528  3.225704  8.325879  6.044894 12.221034 19.772071
 1.803399  3.461926  7.734047  6.014613 12.200941 17.946019
 1.669338  3.230344  7.118416  5.747284 12.485871 19.768835
 2.026329  3.605942  8.305561  6.419285 12.586658 20.885435
 1.757027  3.317265  8.265875  6.458071 13.810925 21.994694
 1.905178  3.491396  7.733580  6.019927 10.805905 21.736000
 1.828363  3.426678  8.483483  5.549549 12.642734 19.262253
 1.837495  3.702138  8.319629  6.078950 11.840963 20.366006
 1.777294  3.692822  9.028377  6.750071 11.487945 20.563933
 1.660412  3.504567  7.930253  5.993431 10.990133 20.731620
 1.739386  3.782204  7.794546  6.242061 11.774718 21.607955
 2.047152  3.510003  7.261449  5.855341 12.684848 20.743144
 1.919927  3.326550  7.636466  6.241517 12.087676 19.316395
 1.922619  3.656403  7.727512  5.939222 12.011001 17.281923
 1.601311  2.934759  8.747657  5.386154 11.602744 18.170540
 1.646665  3.334821  7.177992  6.062704 12.004110 17.718962
 1.687443  3.226412  7.774304  5.912932 11.856815 19.679766
 1.615660  3.311714  8.071213  5.739700 11.150435 21.232340
 1.735510  3.079972  6.996906  5.627692 11.818908 19.185671
 1.720273  3.533131  8.087065  6.473719 12.047666 18.262159
 1.765138  3.184490  7.849830  6.268671 12.086942 18.383799
 1.731508  3.250117  7.524285  6.009580 11.205849 19.294574
 1.681749  3.321841  7.660349  6.240730 11.390106 19.490177
 1.696830  3.279332  8.196724  6.145986 11.213436 20.171235
 1.819799  3.295442  8.649718  6.072771 11.799304 19.922735
 2.038007  3.545779  8.439508  6.597504 13.260180 21.948443
 1.783184  3.195383  6.882610  6.089695 11.867646 18.106826
 1.800408  3.299126  8.166881  5.962836 12.055004 19.540859
 1.768147  3.172561  8.125443  5.691531 10.887967 21.849232
 1.524721  3.250707  8.324137  6.211191 12.944515 21.346699
 1.720815  3.088943  7.906355  6.042464 10.964731 18.897583
 1.723152  3.415015  8.224014  6.277748 11.938545 19.376608
 1.913514  3.220674  8.385631  6.400479 11.235184 19.490541
 1.721491  3.255496  8.395780  6.090729 11.946957 19.662140
 1.889770  3.503527  8.029496  6.537484 11.768692 18.521914
 1.694052  3.512392  8.427188  6.085984 13.330871 16.199035
 1.745939  3.312206  7.345896  6.210267 14.013615 19.267559
 1.805397  3.289301  9.053926  5.838030 10.949456 18.681198
 1.898907  3.691223  8.092314  6.239901 13.451104 20.358390
 1.883455  3.534471  7.735233  6.345054 12.735270 16.939858
 1.946318  3.911992  7.055463  6.386617 11.592974 21.628375
 1.685033  3.170389  8.051456  6.672268 11.826583 22.176410
 2.002491  3.480172  7.817879  6.131918 12.097937 20.801767
 1.911598  3.342840  7.994193  6.013239 10.062148 20.016261
 1.776949  3.105599  7.680358  5.995744 11.836100 18.795320
 1.765626  3.285075  8.502333  6.083105 11.071108 21.966676
 1.886758  3.617435  8.330259  5.913674 11.784410 17.322765
 1.859644  4.048582  8.419959  5.831359 12.104815 20.913952
 1.701503  3.248729  8.168525  6.039448 11.148519 18.522741
 2.050708  3.506138  8.062315  6.514578 12.347793 18.625239
 1.790000  3.115050  8.233986  6.334538 11.257348 17.871414
 2.012743  3.378447  7.486650  5.748071 12.438385 19.923315
 1.825558  3.559111  8.487725  6.903419 12.247474 18.696058
 1.857968  3.208309  7.556867  5.958718 12.188036 16.864827
 1.948056  3.578987  8.773887  5.825768 11.430638 19.540760
 1.846191  3.431226  8.048096  5.144335 11.073658 18.458918
 1.673795  3.425200  8.942764  6.268538 11.095793 18.313414
 1.900643  3.857907  7.945396  5.608893 12.744664 20.149770
 1.985849  3.844299  7.923909  6.402665 11.673176 19.459238
 1.962931  3.765618  7.890325  5.938611 10.943528 19.993582
 1.868643  3.485085  7.841757  6.062916 12.313003 21.889544
 1.974232  3.538444  9.053418  7.799499 12.187999 20.665816
 2.208900  3.466605  7.734689  6.746423 13.762902 21.281476
 2.086255  3.431032  7.989802  6.626671 14.592104 20.036239
 1.902700  3.527673  7.696993  6.433486 12.651459 20.544458
 1.803079  3.113773  8.375426  6.529909 12.187070 20.606120
 1.903074  3.564016  8.481565  6.231308 11.772276 20.174998
 1.798531  3.460761  7.889629  6.570468 12.841611 21.989466
 1.658105  3.336640  7.317196  6.299792 11.459262 21.425859
 1.928432  3.232297  8.127076  5.981422 12.501213 21.578539
 1.731703  3.355697  8.006914  5.751810 12.216638 20.318334
 1.871779  3.154812  7.755086  5.912067 12.214636 18.188443
 1.809749  3.377673  7.421791  5.797959 11.013108 19.197332
 1.866148  3.308062  8.074262  5.478961 12.059633 17.856485
 1.642444  3.399832  7.544652  5.430018 11.961908 20.382075
 1.899263  3.305738  9.118081  6.247850 11.601901 19.961166
 1.931701  3.244562  7.478124  6.585683 12.384196 21.534120
 1.929231  3.484657  8.026862  6.358801 11.635667 21.118573
 2.014630  4.032046  8.443668  6.211911 11.171675 22.205241
 1.809196  3.336790  7.333101  5.811252 13.164052 22.970111
 1.783004  3.531153  8.458278  5.520206 11.627940 19.311978
 1.759458  3.747083  8.137898  5.792837 10.754521 19.334484
 1.815465  3.613349  8.807226  6.219226 11.817655 20.176534
 1.698069  3.612164  7.695055  7.151473 12.333431 18.986258
 1.845833  3.455340  7.565860  6.081802 12.718673 18.624488
 1.647841  3.435382  7.799873  5.608417 12.947787 18.254499
 1.701646  3.473264  7.862821  6.169612 10.957625 18.285438
 1.817658  3.233593  8.413287  5.865697 12.115220 18.907879
 1.948447  3.282603  8.189390  5.613450 12.135634 20.592977
 1.957601  3.518497  8.356616  5.880484 12.234961 19.156652
 2.155988  3.746364  7.953019  6.816982 13.727231 20.857893
 1.982685  3.348106  8.154483  6.634442 13.357926 21.988551
 1.743920  3.367203  8.666614  7.355151 13.854042 22.541727
 1.928603  3.450037  8.199531  7.676481 11.889924 21.997029
 2.043569  3.887942  8.449755  6.226460 12.494458 20.364015
 2.137499  3.298216  8.268509  6.644240 10.808601 19.081491
 2.016536  3.333734  7.804666  6.110861 11.922517 20.598255
 1.989763  3.665214  8.959052  6.471883 13.507885 22.164281
 1.783632  3.800604  8.863054  6.338424 11.890389 20.034389
 1.988538  3.223136  8.161097  5.752255 11.966046 19.089043
 1.878601  3.224020  7.547826  6.312390 11.805456 19.033034
 1.872400  3.421888  7.958225  6.810026 11.273754 19.895698
 1.656569  3.248000  7.592955  6.651295 13.110381 19.256629
 1.862227  3.559688  8.471332  6.299706 11.291700 21.837225
 1.812863  3.168897  7.322570  5.989379 11.281500 20.677160
 1.953520  3.481010  8.106463  5.820437 12.555304 19.912328
 1.577596  3.194342  7.700119  6.210540 10.741020 21.876683
 1.714930  3.224069  7.653406  6.256634 12.804423 20.107974
 1.922776  3.630572  8.114311  5.492212 12.696298 18.985159
 1.836147  3.352620  8.037311  5.565404 11.977426 20.564305
 1.722868  3.117813  8.344579  5.640617 11.737861 18.540637
 1.898786  3.594999  8.149638  6.382878 12.190097 21.316775
 1.944628  3.217117  7.913980  6.534456 11.771832 20.182705
 1.940303  3.348814  8.289183  6.734115 12.462033 20.038992
 1.849408  3.622477  8.371470  6.382161 12.055988 20.759207
 1.637878  3.498276  7.412824  5.669424 11.276862 20.957961
 1.968074  3.242477  8.053356  6.136632 11.359694 21.393265
 1.914147  3.571977  8.360162  6.824369 13.355109 23.284989
 1.816799  3.422481  7.662958  6.520348 11.848030 19.804759
 1.852789  3.454661  8.467181  5.587713 13.471446 19.076581
 1.908177  3.091880  7.251560  6.113514 13.497245 20.684585
 2.113870  3.487929  7.847513  5.872130 11.099795 19.230952
 1.794963  3.562806  8.665983  5.450125 12.103822 19.592963
 1.850000  3.650414  7.723993  6.587930 11.267974 22.189027
 1.965199  3.541597  7.904170  6.090363 12.983833 19.836243
 2.077565  3.517705  7.879411  6.658107 12.249402 20.579354
 2.022843  3.537674  7.932520  6.483391 11.232599 18.945728
 1.779609  3.538797  7.415252  6.253415 12.513892 20.004504
 1.567010  3.468612  7.776379  5.463980 12.590972 19.543421
 1.835937  3.570829  7.458858  6.792492 12.080974 19.225331
 1.931650  3.139115  8.120636  5.615499 12.593081 22.225552
 1.889865  3.665418  7.981884  6.826727 12.828221 21.198539
 1.626113  3.729865  8.168468  6.061174 11.976819 19.421984
 2.069386  3.576372  8.517506  6.760272 12.840945 21.744583
 1.798804  3.378184  8.799794  6.133019 13.083873 20.842583
 1.848132  3.451582  7.816796  5.780007 11.557794 20.172809
 1.851626  3.389577  7.443694  6.038956 11.636292 21.772202
 1.754250  3.578469  8.184494  6.291418 10.932036 18.232365
 2.006995  3.577673  8.770595  6.670395 12.187282 18.980398
 1.926307  3.367007  7.589256  6.156334 10.550953 20.635495
 2.128575  3.354318  8.024819  6.507678 12.040363 18.457899
 1.695179  3.207635  7.432550  6.469814 11.724795 20.848884
 1.649846  3.522759  8.855770  6.723679 12.968634 22.682539
 1.871223  3.518975  8.363791  5.848296 11.533622 22.822390
 1.721415  3.235134  7.859211  5.465089 11.202424 20.152995
 1.740458  3.223436  8.554688  5.669830 11.319115 19.237076
 1.693510  3.592808  7.830353  6.341482 12.267102 23.593035
 1.820085  3.256103  8.424936  5.759211 12.801698 19.863711
 1.804037  3.069194  8.531947  5.987377 12.579316 18.540753
 1.789356  3.453956  8.293900  5.801088 12.394601 20.047367
 1.803981  3.375963  7.407370  6.185938 12.213736 20.944216
 1.736357  3.516944  7.479718  6.300980 11.024858 20.067855
 1.622793  3.416652  7.973096  5.683496 11.156885 20.753660
 1.802132  3.383385  8.417539  6.842905 12.374756 17.666864
 1.585641  3.123618  7.728082  5.947746 13.299451 18.230840
 1.828701  3.023833  8.503060  6.070689 12.129519 19.881562
 2.093989  3.269323  7.269470  6.201884 11.773082 19.280108
 1.806814  3.026807  7.822197  6.225785 12.237123 18.693230
 1.728474  3.288176  8.016963  5.941894 12.332215 18.922759
 1.676701  2.996419  7.570043  6.034108 12.616805 18.795346
 1.912905  3.307779  8.051109  6.631009 11.599799 19.400753
 1.980169  3.511424  7.726365  6.181480 11.945460 21.520956
 1.746859  3.425999  7.998464  5.850306 11.647128 21.340111
 1.776442  3.067442  7.006638  6.045212 12.049537 18.278392
 1.666723  3.266765  8.819944  6.803167 11.576982 21.398192
 1.713800  3.108930  7.898491  6.021376 11.852765 17.960869
 1.800264  3.345924  7.573075  5.651320 11.300471 18.036535
 1.686258  3.381933  7.044726  6.014391 12.033939 19.466350
 1.519389  3.701917  8.319129  6.247779 10.878751 20.443999
 1.715476  3.477332  7.343246  6.036371 11.517584 20.585320
 1.807025  3.638880  7.186786  6.273792 12.241839 19.138236
 1.780129  3.387809  8.244290  6.150022 11.199540 20.699524
 2.005348  3.527875  7.384554  5.777184 12.511962 20.406910
 1.860616  3.391365  8.507095  5.759260 12.412962 20.457098
 1.878791  3.091321  7.571442  6.512728 10.887134 20.265659
