  1   5
  1   6
  1   2
  2   6
  2   7
  2   3
  3   7
  3   8
  3   4
  4   8
  4   9
  5  12
  5  13
  5   6
  6  13
  6  14
  6   7
  7  14
  7  15
  7   8
  8  15
  8  16
  8   9
  9  16
  9  17
  9  10
 10  17
 10  18
 10  11
 11  18
 11  19
 12  22
 12  13
 13  22
 13  23
 13  14
 14  23
 14  24
 14  15
 15  24
 15  25
 15  16
 16  25
 16  26
 16  17
 17  26
 17  27
 17  18
 18  27
 18  28
 18  19
 19  28
 19  29
 19  20
 20  29
 20  30
 20  21
 21  30
 21  31
 22  35
 22  23
 23  35
 23  36
 23  24
 24  36
 24  37
 24  25
 25  37
 25  38
 25  26
 26  38
 26  39
 26  27
 27  39
 27  40
 27  28
 28  40
 28  41
 28  29
 29  41
 29  42
 29  30
 30  42
 30  43
 30  31
 31  43
 31  44
 31  32
 32  44
 32  45
 32  33
 33  45
 33  46
 33  34
 34  46
 34  47
 35  50
 35  36
 36  50
 36  51
 36  37
 37  51
 37  52
 37  38
 38  52
 38  53
 38  39
 39  53
 39  54
 39  40
 40  54
 40  55
 40  41
 41  55
 41  56
 41  42
 42  56
 42  57
 42  43
 43  57
 43  58
 43  44
 44  58
 44  59
 44  45
 45  59
 45  60
 45  46
 46  60
 46  61
 46  47
 47  61
 47  62
 47  48
 48  62
 48  63
 48  49
 49  63
 49  64
 50  68
 50  51
 51  68
 51  69
 51  52
 52  69
 52  70
 52  53
 53  70
 53  71
 53  54
 54  71
 54  72
 54  55
 55  72
 55  73
 55  56
 56  73
 56  74
 56  57
 57  74
 57  75
 57  58
 58  75
 58  76
 58  59
 59  76
 59  77
 59  60
 60  77
 60  78
 60  61
 61  78
 61  79
 61  62
 62  79
 62  80
 62  63
 63  80
 63  81
 63  64
 64  81
 64  82
 64  65
 65  82
 65  83
 65  66
 66  83
 66  84
 66  67
 67  84
 67  85
 68  69
 69  89
 69  70
 70  89
 70  90
 70  71
 71  90
 71  91
 71  72
 72  91
 72  92
 72  73
 73  92
 73  93
 73  74
 74  93
 74  94
 74  75
 75  94
 75  95
 75  76
 76  95
 76  96
 76  77
 77  96
 77  97
 77  78
 78  97
 78  98
 78  79
 79  98
 79  99
 79  80
 80  99
 80 100
 80  81
 81 100
 81 101
 81  82
 82 101
 82 102
 82  83
 83 102
 83 103
 83  84
 84 103
 84 104
 84  85
 85 104
 85 105
 85  86
 86 105
 86 106
 86  87
 87 106
 87 107
 87  88
 88 107
 88 108
 89  90
 90  91
 91 111
 91  92
 92 111
 92 112
 92  93
 93 112
 93 113
 93  94
 94 113
 94 114
 94  95
 95 114
 95 115
 95  96
 96 115
 96 116
 96  97
 97 116
 97 117
 97  98
 98 117
 98 118
 98  99
 99 118
 99 119
 99 100
100 119
100 120
100 101
101 120
101 121
101 102
102 121
102 122
102 103
103 122
103 123
103 104
104 123
104 124
104 105
105 124
105 125
105 106
106 125
106 126
106 107
107 126
107 127
107 108
108 127
108 128
108 109
109 128
109 129
109 110
110 129
110 130
111 112
112 113
113 114
114 115
115 133
115 116
116 133
116 134
116 117
117 134
117 135
117 118
118 135
118 136
118 119
119 136
119 137
119 120
120 137
120 138
120 121
121 138
121 139
121 122
122 139
122 140
122 123
123 140
123 141
123 124
124 141
124 142
124 125
125 142
125 143
125 126
126 143
126 144
126 127
127 144
127 145
127 128
128 145
128 146
128 129
129 146
129 147
129 130
130 147
130 148
130 131
131 148
131 149
131 132
132 149
132 150
133 134
134 135
135 136
136 153
136 137
137 153
137 154
137 138
138 154
138 155
138 139
139 155
139 156
139 140
140 156
140 157
140 141
141 157
141 158
141 142
142 158
142 159
142 143
143 159
143 160
143 144
144 160
144 161
144 145
145 161
145 162
145 146
146 162
146 163
146 147
147 163
147 164
147 148
148 164
148 165
148 149
149 165
149 166
149 150
150 166
150 167
150 151
151 167
151 168
151 152
152 168
152 169
153 154
154 155
155 171
155 156
156 171
156 172
156 157
157 172
157 173
157 158
158 173
158 174
158 159
159 174
159 175
159 160
160 175
160 176
160 161
161 176
161 177
161 162
162 177
162 178
162 163
163 178
163 179
163 164
164 179
164 180
164 165
165 180
165 181
165 166
166 181
166 182
166 167
167 182
167 183
167 168
168 183
168 184
168 169
169 184
169 185
169 170
170 185
170 186
171 172
172 173
173 188
173 174
174 188
174 189
174 175
175 189
175 190
175 176
176 190
176 191
176 177
177 191
177 192
177 178
178 192
178 193
178 179
179 193
179 194
179 180
180 194
180 195
180 181
181 195
181 196
181 182
182 196
182 197
182 183
183 197
183 198
183 184
184 198
184 199
184 185
185 199
185 200
185 186
186 200
186 201
186 187
187 201
187 202
188 189
189 190
190 205
190 191
191 205
191 206
191 192
192 206
192 207
192 193
193 207
193 208
193 194
194 208
194 209
194 195
195 209
195 210
195 196
196 210
196 211
196 197
197 211
197 212
197 198
198 212
198 213
198 199
199 213
199 214
199 200
200 214
200 215
200 201
201 215
201 216
201 202
202 216
202 217
202 203
203 217
203 218
203 204
204 218
204 219
205 206
206 207
207 221
207 208
208 221
208 222
208 209
209 222
209 223
209 210
210 223
210 224
210 211
211 224
211 225
211 212
212 225
212 226
212 213
213 226
213 227
213 214
214 227
214 228
214 215
215 228
215 229
215 216
216 229
216 230
216 217
217 230
217 231
217 218
218 231
218 232
218 219
219 232
219 233
219 220
220 233
220 234
221 222
222 223
223 224
224 237
224 225
225 237
225 238
225 226
226 238
226 239
226 227
227 239
227 240
227 228
228 240
228 241
228 229
229 241
229 242
229 230
230 242
230 243
230 231
231 243
231 244
231 232
232 244
232 245
232 233
233 245
233 246
233 234
234 246
234 247
234 235
235 247
235 248
235 236
236 248
236 249
237 238
238 239
239 251
239 240
240 251
240 252
240 241
241 252
241 253
241 242
242 253
242 254
242 243
243 254
243 255
243 244
244 255
244 256
244 245
245 256
245 257
245 246
246 257
246 258
246 247
247 258
247 259
247 248
248 259
248 260
248 249
249 260
249 261
249 250
250 261
250 262
251 252
252 253
253 254
254 255
255 264
255 256
256 264
256 265
256 257
257 265
257 266
257 258
258 266
258 267
258 259
259 267
259 268
259 260
260 268
260 269
260 261
261 269
261 270
261 262
262 270
262 271
262 263
263 271
263 272
264 265
265 266
266 267
267 275
267 268
268 275
268 276
268 269
269 276
269 277
269 270
270 277
270 278
270 271
271 278
271 279
271 272
272 279
272 280
272 273
273 280
273 281
273 274
274 281
274 282
275 276
276 277
277 284
277 278
278 284
278 285
278 279
279 285
279 286
279 280
280 286
280 287
280 281
281 287
281 288
281 282
282 288
282 289
282 283
283 289
283 290
284 285
285 286
286 293
286 287
287 293
287 294
287 288
288 294
288 295
288 289
289 295
289 296
289 290
290 296
290 297
290 291
291 297
291 298
291 292
292 298
292 299
293 294
294 295
295 301
295 296
296 301
296 302
296 297
297 302
297 303
297 298
298 303
298 304
298 299
299 304
299 305
299 300
300 305
300 306
301 302
302 303
303 308
303 304
304 308
304 309
304 305
305 309
305 310
305 306
306 310
306 311
306 307
307 311
307 312
308 309
309 315
309 310
310 315
310 316
310 311
311 316
311 317
311 312
312 317
312 318
312 313
313 318
313 319
313 314
314 319
314 320
315 316
316 317
317 323
317 318
318 323
318 324
318 319
319 324
319 325
319 320
320 325
320 326
320 321
321 326
321 327
321 322
322 327
322 328
323 324
324 331
324 325
325 331
325 332
325 326
326 332
326 333
326 327
327 333
327 334
327 328
328 334
328 335
328 329
329 335
329 336
329 330
330 336
330 337
331 332
332 339
332 333
333 339
333 340
333 334
334 340
334 341
334 335
335 341
335 342
335 336
336 342
336 343
336 337
337 343
337 344
337 338
338 344
338 345
339 340
340 348
340 341
341 348
341 349
341 342
342 349
342 350
342 343
343 350
343 351
343 344
344 351
344 352
344 345
345 352
345 353
345 346
346 353
346 354
346 347
347 354
347 355
348 349
349 356
349 350
350 356
350 357
350 351
351 357
351 358
351 352
352 358
352 359
352 353
353 359
353 360
353 354
354 360
354 361
354 355
355 361
356 357
357 358
358 359
359 360
360 361
