 0.641364  0.677332
 0.801723  0.649134
 0.142034  0.610835
 0.319244  0.491657
 0.381243  0.610020
 0.664170  0.643455
 0.686151  0.630934
 0.489170  0.347610
 0.662448  0.498377
 0.649989  1.129125
-0.149291  0.621638
 0.149241  0.629706
 0.230352  1.739338
 0.459899  1.125577
 0.748890  1.139491
 0.760873  1.197026
 0.815130  0.955554
 0.696065  0.766900
 0.885663  0.912273
 0.478625  0.764408
 0.355681  1.155010
 0.210862  0.752215
 0.011782  0.325747
 0.569720  0.960983
 0.521171  1.375557
 0.536944  1.057674
 0.651945  0.471515
 0.142968  0.490728
-0.050240  0.675643
-0.363194  1.848166
 0.089324  0.848584
 0.280726  1.036943
 0.822397  0.529631
 0.785107  0.610347
 0.957180  0.925419
 0.896933  1.901042
 0.625872  0.682685
 0.651256  0.599305
 0.752734  0.557719
 0.783794  0.748801
 0.646033  0.683941
 0.421961  0.856292
 0.389053  1.468328
 0.390834  0.224428
 0.489802  3.038738
 0.712806  0.855029
 0.656475  1.073712
 0.730915  0.551325
 0.673415  1.189315
 1.039347  0.538070
 1.067499  0.523715
 0.973035  0.881790
 1.200500  1.524961
 1.074392  1.678271
 0.847362  0.701710
 1.050745  1.002547
 1.030521  1.383672
 1.379475  0.896346
 1.392572  0.900712
 0.957374  1.158419
 0.693309  0.603927
 0.369528  0.553735
 0.477446  0.857037
 0.609904  0.758421
 0.588076  1.177527
 0.439442  0.663158
 0.368567  0.997553
 0.214617  0.736644
 0.135614  0.665543
 0.030084  0.989391
-0.021223  1.040807
 0.155827  1.052579
 0.875968  0.867358
 0.795996  1.676543
 1.169351  1.005289
 0.664185  1.530320
 0.339327  0.502002
 0.360803  0.420150
 0.480305  0.670187
 0.525150  0.452623
 1.048160  1.108000
 0.944082  1.307679
 0.761856  0.660253
 0.934346  2.118441
 1.148172  1.817669
 0.984101  1.178124
 0.994243  0.975601
 0.746437  1.598740
 0.772235  0.557787
 0.837980  1.127096
 1.097457  1.104884
 1.088301  0.798662
 1.282873  1.192835
 0.976856  0.942430
 0.970946  1.045665
 0.428574  0.626124
 0.695997  0.419032
 0.006410  0.736705
 0.341174  1.106318
 0.512306  0.892896
 0.498298  1.200503
 0.504244  0.468684
 0.578161  0.664425
 0.479515  1.228791
 0.422339  1.015639
 0.859447  0.942776
 1.259612  1.120650
 0.852719  0.422391
 0.762816  0.393760
 0.934964  0.513885
 0.691185  0.538845
 0.808831  0.557920
 0.766343  0.644753
 0.619812  0.909888
 0.446886  0.645082
 0.614654  0.815825
 0.032563  0.655965
 0.392854  1.868662
 0.302986  0.898065
 0.810675  2.592854
 1.028178  1.084780
 0.518633  1.117761
 0.182291  0.478968
 0.435596  0.634660
 0.688181  0.612233
 1.140662  2.619871
 1.065724  0.998157
 0.568665  0.618875
 0.603929  0.716138
 0.589905  0.876173
 0.971177  0.952248
 0.728870  0.824343
 0.686332  1.772008
 0.793900  1.996412
 0.577869  0.647023
 0.627618  0.679843
 0.820646  0.540535
 0.834093  1.659796
 1.191117  1.315651
 0.853812  0.598926
 0.503895  0.433245
 0.658845  1.348985
 0.343390  0.647447
 0.401970  0.871704
 0.389832  1.157109
 0.349878  0.981900
 0.483453  0.384801
 0.558669  0.551860
 0.563118  0.588289
 0.594653  1.284726
 0.576376  0.977889
 0.592222  0.729614
 0.914924  1.198936
 0.570494  1.841381
 0.697007  0.838381
 0.932379  0.805579
 0.831277  0.513319
 1.087718  0.871364
 0.293680  1.469276
 0.796558  0.774753
 0.477041  0.947330
 0.650226  1.111465
 0.519548  1.008347
 0.286593  0.308257
 0.515747  0.507701
 0.500545  0.686301
 0.520950  1.136189
 0.341994  0.984632
 0.600650  0.745568
 0.718129  0.956681
 0.828396  1.080580
 0.847675  0.361913
 1.014948  1.560118
 0.787332  1.147682
 0.377452  0.715248
 0.155354  2.102388
 0.329951  0.749002
 0.235667  1.926219
 0.448010  0.614499
 0.295448  0.427528
 0.619329  0.587926
 0.409112  1.129655
 0.453700  1.009734
 0.609447  0.647992
 0.603982  0.845198
 0.835961  0.703754
 0.611247  3.160375
 0.323661  0.569741
 0.308501  1.321748
 0.617253  0.558487
 0.247103  1.161714
 0.352067  0.596779
 0.664410  0.783514
 0.334037  0.929720
 0.352296  0.588072
 0.387508  0.514029
 0.598881  0.560359
 0.511056  0.868736
 0.373324  0.666072
 0.614280  0.585087
 0.767109  0.544809
 0.849299  1.901444
 1.364327  1.295001
 1.520607  2.145104
 1.383029  0.930706
 0.909788  0.752046
 0.643799  0.720773
 0.553973  1.156073
 0.958431  1.399601
 0.928181  3.463940
 0.541917  0.501104
 0.734501  1.044838
 0.468802  0.721223
 0.434331  0.757894
 0.689187  1.045861
 0.545539  1.023238
 0.683463  1.054604
 1.089168  0.904962
 0.686630  0.997872
 0.531354  1.134151
 0.137827  0.771000
 0.398506  1.138014
 0.176032  0.399555
 0.369710  1.202088
 0.157771  0.721988
 0.252856  0.496616
 0.097306  1.211108
 0.493157  0.698724
 0.629468  0.788228
 0.662647  0.660900
 0.647772  0.263315
 0.597949  0.564575
 0.324252  0.700107
 0.510831  2.282105
 0.551452  0.945043
 0.132139  0.939933
 0.264544  1.455781
 0.860023  0.807850
 0.676648  0.555652
 0.966266  0.549117
 0.878949  0.662684
 1.208295  1.019955
 1.302508  1.063388
 1.132621  0.921337
 0.853096  0.748196
 0.821952  0.836625
 1.130324  1.149910
 1.441311  0.857158
 0.891355  0.617007
 0.640753  0.472690
 0.701104  0.731756
 0.595478  0.655844
 0.472263  1.187703
 0.743342  1.221274
 0.745117  0.173792
 0.472250  0.923489
 0.347146  1.040357
 0.398748  0.527320
 0.315603  0.422289
-0.038119  1.297079
-0.068445  0.370641
 0.496982  0.419626
 0.605451  0.656279
 0.957802  0.466897
 0.892297  1.580154
 0.626484  0.601999
 0.991429  2.038989
 0.850253  0.897268
 0.717527  0.961147
 0.709279  0.850740
 0.548640  0.485415
 0.609983  0.770067
 0.445929  0.629712
 0.415787  0.688009
 0.556000  1.112755
 0.505050  0.531874
 0.548374  0.954635
 0.680180  1.044082
 1.112738  1.526175
 0.908034  0.947271
 0.989155  0.888513
 0.911339  1.315975
 0.828363  1.295365
 0.563713  0.605280
 0.478886  0.594234
 0.333529  0.522437
 0.517046  0.567954
 0.492157  0.982860
 0.627870  0.981456
 0.055994  0.327165
 0.363543  0.403088
 0.728261  0.589284
 0.708588  0.973979
 0.553452  0.797795
 0.617774  1.056145
 0.311313  0.786495
 0.477086  0.762718
 0.808137  0.387100
 0.691281  0.734162
 0.888318  1.749392
 1.061963  1.247802
 0.889540  0.841615
 0.665085  0.878489
 0.894223  0.717765
 0.627588  1.043611
 0.663126  0.643474
 0.431168  1.350148
 0.178058  1.222658
 0.466314  0.713878
 0.499803  0.477336
 0.640603  1.048084
 1.010509  1.040178
 0.830488  0.493604
 0.960486  2.236754
 0.927365  0.537970
 0.883883  0.727991
 0.679166  0.847273
 1.178413  0.537014
 0.981484  1.109801
 0.941779  0.893522
 0.722096  2.092059
 0.582879  1.418044
 1.050758  0.903947
 1.327133  0.945357
 1.160234  0.993022
 1.231566  0.972760
 1.302392  1.488203
 1.312462  0.986563
 0.877758  1.073901
 0.953384  1.045189
 0.969903  3.006468
 0.985974  1.723364
 1.191242  1.163956
 1.175821  0.482325
 1.510861  1.505837
 1.298629  1.533385
 1.239519  0.746663
 0.461713  0.504054
 0.410665  0.355328
 0.512355  0.240226
 0.333157  1.085137
 0.441921  0.699268
 0.626960  0.403838
 1.108860  0.976332
 1.115177  1.148366
 1.226757  1.021353
 1.206131  1.954155
 1.148904  6.345277
 1.244137  1.584441
 1.072199  1.101719
 1.238106  0.940060
 0.771170  1.857779
 0.568848  1.223958
 0.590417  2.638785
 0.553227  0.896604
 0.564998  0.628263
 0.591132  2.930116
 0.688162  0.610793
 0.736539  0.947064
 0.452668  0.847674
 0.602509  1.096880
 0.234479  1.537057
 0.768621  1.409995
 0.937405  1.566681
 1.079426  1.361701
 0.626866  0.780269
 0.526006  1.117890
 1.012186  1.386753
 1.281588  1.381518
 1.323099  1.515682
 1.052256  2.144419
 0.545243  0.879200
 0.491283  0.804342
 0.597636  0.582950
 0.701853  0.355136
 0.839261  0.625901
 0.984892  1.090660
 1.085329  1.362322
 0.351031  0.819044
 0.553504  0.503478
 0.207509  1.764826
 0.181659  1.515042
 0.271442  0.456508
 0.485406  0.459201
 0.375675  0.707255
 0.634875  0.523115
 1.059723  0.598559
 1.539855  1.068382
 1.236085  0.455880
 1.138759  0.766656
 0.682265  0.518045
 1.362953  0.958963
 1.331298  2.058965
 1.203032  1.161936
 0.568161  1.365458
 1.138544  0.629846
 0.838247  0.526047
 0.995383  0.504599
 0.296621  1.098595
 0.593456  0.481771
 1.084777  0.963782
 1.197001  1.217283
 1.321038  0.753207
 1.200305  1.360078
 1.392230  1.209350
 0.945087  1.045543
 0.949101  1.565297
 0.969921  2.377783
 1.044125  1.267228
 0.860240  0.390145
 0.588551  1.216160
 0.490382  0.847001
 0.868998  0.386370
 0.914521  1.292695
 0.894853  0.812826
 0.883149  0.889047
 1.004960  1.731949
 1.346444  0.593654
 1.218387  0.885150
 0.979013  0.556568
 0.653642  0.619193
 0.799255  0.647723
 0.471586  0.477002
 0.875999  0.778245
 0.906586  1.189657
 0.607163  0.272596
 0.792900  1.124562
 0.814396  0.837525
 0.890063  2.195286
 0.931463  0.707563
 1.217420  1.895826
 1.081867  0.922736
 1.347336  1.133569
 1.516240  1.762448
 1.635064  1.924038
 1.260265  1.103193
 0.916742  3.317049
 1.365705  0.983315
 1.125543  3.277754
 0.986232  0.983738
 0.892543  0.736549
 0.791458  1.653434
 1.154311  0.672472
 1.135752  0.585483
 1.116334  1.945752
 0.786971  1.362570
 0.886241  1.123067
 0.868194  2.001898
 0.805689  0.703044
 1.043134  1.636433
 1.208694  1.063141
 1.087178  0.653782
 0.972424  1.141168
 0.989836  1.009570
 0.869228  0.683536
 1.020339  0.683094
 0.876566  0.496260
 0.786681  0.631033
 0.614534  2.291967
 0.927725  0.432527
 0.260022  0.528711
 0.004593  1.062426
 0.242174  0.805799
 0.295332  1.746157
 0.495016  0.641784
 0.559859  0.834927
 0.418535  0.646500
 0.213845  0.539564
 0.281415  1.250853
 0.310443  1.037991
 0.375982  1.037845
 0.412456  0.859264
 0.218363  0.610349
-0.032389  0.486082
 0.322709  0.632477
 0.303704  0.894056
 0.272647  1.453339
 0.317102  1.179331
 0.456181  0.750393
 0.458268  0.862250
 0.552564  0.592134
 0.115975  0.883924
 0.226443  1.333801
 0.646123  0.657047
 0.529474  0.590909
 0.463022  1.378630
 0.456896  1.357240
 0.581492  0.901382
 0.513090  0.616641
 0.527575  0.898712
 0.715284  0.465735
 0.752643  0.396531
 1.058176  2.062049
 1.189768  0.958554
 1.273015  2.486557
 0.809626  0.465027
 0.770000  1.895586
 0.443861  0.765234
 0.160691  1.023392
 0.401893  0.479688
 0.469167  0.585206
 0.575549  0.653135
 0.394766  0.675006
 0.693612  0.657956
 0.559332  0.352282
 0.395634  0.970047
 0.206867  0.530902
 0.206362  0.452315
 0.427304  0.414778
 0.409628  0.488085
 0.404671  0.438362
 0.499071  0.961568
 0.681971  0.898826
 0.802512  0.712409
 0.714151  0.830984
 0.908370  0.720953
 0.372325  0.289535
 0.387283  0.668003
 0.561464  0.710837
 0.725665  1.506065
 0.835369  0.640870
 0.655759  0.755664
 0.318610  0.302725
 0.531224  0.899657
 0.606906  0.291804
 0.452745  0.793004
 0.713785  0.534982
 0.960747  0.537533
 0.249909  0.384412
 0.367397  1.147054
 0.536035  0.553774
 0.407522  1.380416
 0.359769  0.852112
 1.224959  1.017814
 0.901204  0.725899
 0.453272  0.995675
 0.391794  0.371076
 0.240350  0.773959
 0.723978  0.949079
 0.628673  2.591396
 0.557222  1.090493
 0.667626  2.351025
 0.903097  3.360790
 0.983341  1.594996
 0.739313  2.169783
 0.487507  0.914969
 0.887240  0.564352
 1.197008  1.528828
 1.498811  0.704186
 0.745946  1.090266
 0.863861  0.558273
 0.819823  0.587744
 0.726521  1.808498
 0.690614  1.830853
-0.070614  0.238639
 0.511275  1.046529
 0.450533  0.793672
 0.374122  0.522238
 0.537574  0.512029
 0.440855  0.888108
 0.527472  0.834795
 0.723034  1.027968
 0.438978  0.464592
 0.455121  0.350841
 0.843964  0.520425
 0.716690  0.402411
 0.332274  0.366470
 0.352894  0.312642
 0.559982  0.348416
 0.534563  0.479497
 0.486605  0.619137
 0.336038  0.415880
 0.836208  0.557185
 0.415508  1.410843
 0.639197  0.879448
 0.479498  0.686104
 0.801842  0.625890
 0.992208  1.510669
 0.441290  0.427251
 0.589311  0.552657
 0.327404  0.668250
 0.761509  0.653584
 0.623355  0.481946
 0.959739  0.663118
 0.215518  1.435243
 0.134554  0.752192
 0.503413  0.521854
 0.314933  0.551816
 0.503634  0.444881
 0.065407  0.562476
 1.028546  1.057356
 0.544359  0.911238
 0.485124  0.709277
 0.885909  1.678759
 0.528644  3.241567
 0.874513  1.558328
 1.062539  0.410867
 0.848941  1.760245
 0.963945  1.954562
 0.794663  0.666734
 0.556109  0.857699
 0.783910  0.945705
 0.759177  1.161531
 0.669872  0.611038
 0.595997  0.941801
 0.404664  0.834443
 0.530447  0.554940
 0.453106  0.428053
 0.244058  0.460649
 0.316916  0.511768
 0.247357  0.292660
 0.253038  0.450804
 0.257561  0.586702
 0.094011  0.220453
 0.433831  1.157175
 0.484760  0.641218
 0.637555  0.803270
 0.384584  0.841784
 0.934418  0.675118
 1.021593  1.180043
 0.589682  0.756781
 0.920344  0.274706
 1.046860  0.941220
 0.712569  0.511753
 0.709125  0.531283
 0.917024  0.834507
 1.049482  1.684499
 0.845914  1.012299
 0.960894  0.476862
 0.826393  0.551134
 1.028169  2.230699
 0.943102  0.722341
 1.183257  1.143583
 0.937405  1.541574
 0.685364  1.690901
 0.692406  0.609961
 0.648755  0.372515
 0.387922  1.013483
 0.566866  0.652655
 1.102874  0.571023
 0.843790  0.566795
 0.797780  1.166500
 0.492348  1.175723
 0.481353  0.540538
 0.642716  0.926206
 0.296158  0.960117
 0.451000  0.296801
 1.108629  1.098084
 0.776072  1.038409
 1.018119  0.643941
 1.040200  0.969398
 1.135077  0.848208
 0.782914  0.590978
 0.404986  0.965578
 0.725986  0.458087
 0.459981  0.419387
 0.717506  0.405715
 0.594617  0.356778
 0.501160  0.728811
 0.811627  0.751670
 0.352768  0.775698
 0.624880  1.092661
 0.972802  0.619389
 0.711450  1.346540
 0.912284  0.813514
 1.016408  0.859792
 0.887095  0.778409
 1.019409  1.144422
 0.873142  1.013361
 0.853517  0.836490
 1.312176  0.819204
 1.143204  0.675082
 1.041177  0.745676
 0.642406  0.785551
 0.519347  0.477262
 0.640814  1.550706
 0.738788  0.705910
 0.727681  1.526178
 0.511316  0.684496
 0.243830  0.631571
 0.651788  0.410476
 0.681275  1.385038
 0.750576  1.056900
 0.698482  0.840624
 0.641408  0.449293
 0.822697  1.382552
 1.157443  1.341721
 0.841867  0.881670
 1.293845  1.521750
 0.954126  0.997936
 1.256186  0.736137
 1.066329  1.222010
 1.118197  0.932015
 1.135874  0.707342
 1.019287  0.802458
 1.165162  0.685949
 0.703025  1.514446
 0.829556  1.710402
 0.782739  0.778854
 0.503679  0.563705
 0.561420  1.400581
 0.523310  0.595174
 0.442208  0.681237
 0.287081  0.458521
 0.073511  1.481069
 0.331426  1.395922
 0.106603  1.066492
 0.653970  0.827872
 1.015486  0.709059
 1.220298  2.351598
 0.882339  0.880835
 0.926893  1.068064
 0.900158  1.119149
 0.980600  1.464305
 0.740652  0.962358
 0.812784  1.643567
 1.379707  0.838815
 1.186732  1.235301
 0.352963  1.171144
 0.931222  0.314267
 0.586896  0.724661
 0.783581  1.247243
 0.595387  0.558636
 0.360929  1.748890
 0.628992  1.480130
 0.534695  0.774843
 0.439595  0.712023
 0.347166  0.349093
 0.477955  0.448160
 0.766190  1.026494
 0.527419  0.873537
 0.872577  0.877531
 0.722372  1.094847
 0.679332  1.209359
 0.737426  0.769068
 1.047001  0.787881
 0.621248  0.928604
 0.758691  1.324542
 0.699798  0.497934
 0.831979  0.686308
 0.530061  0.616691
 0.533092  0.887857
 0.543664  0.638541
 1.110628  1.668576
 0.603253  0.810301
 0.741515  1.400337
 0.894053  1.131547
 0.576928  1.253654
 0.720787  0.535245
 0.773056  1.263826
 1.026886  1.275751
 1.376287  1.086474
 0.952192  1.038245
 1.310173  1.004746
 1.532159  1.347563
 1.175328  1.540109
 0.808524  1.082960
 0.639462  1.442927
 0.399912  0.324529
 0.709569  0.536886
 0.892699  0.537802
 0.589825  0.651007
 0.732509  1.421943
 0.983367  1.810493
 0.722068  0.852136
 0.691196  0.952798
 1.230310  1.799499
 0.918875  1.044375
 1.067649  0.366303
 1.130013  0.813746
 0.905433  1.248113
 0.810968  0.672555
 0.793490  0.564795
 0.949111  0.506740
 0.593625  0.455006
 0.446680  0.559679
 0.579950  1.178259
 0.609610  0.624074
 0.655543  0.656489
 0.280566  1.425210
 0.988208  0.680634
 1.102962  1.543382
 1.061212  1.449778
 0.793011  0.821016
 0.430173  1.062924
 0.221689  0.623628
 0.614734  0.675188
 0.598050  0.730720
 0.585516  1.507688
 0.546249  1.006010
 0.246226  0.771976
 0.488161  1.361777
 0.739790  0.490977
 0.593641  0.821928
 0.462581  0.873955
 0.692335  0.406895
 0.330962  0.571229
 0.584147  0.965829
 0.372621  0.536548
 0.430402  0.723298
 0.765942  0.653458
 0.831704  0.595766
 1.115096  0.913193
 0.828145  0.648080
 0.802598  1.434155
 1.210809  1.951305
 1.372304  0.777015
 1.427724  0.936598
 1.070008  1.099503
 1.173587  2.171228
 1.294022  0.918124
 1.523232  1.917437
 1.525270  2.192412
 1.309461  1.216090
 0.848203  0.700413
 0.961268  1.139272
 0.607365  0.834421
 0.585024  2.450259
 0.881244  0.762132
 1.037707  0.470155
 0.231805  1.022858
 0.523537  0.936688
 0.793259  2.239946
 1.160982  0.832596
 0.652941  1.517943
 0.677633  0.680442
 0.560118  0.545142
 0.259082  0.854836
 0.503079  0.444973
 0.483621  0.154107
 0.410872  0.216509
 0.534526  0.203926
 0.227614  0.391972
 0.313984  0.635685
 0.335256  0.693220
 0.309917  1.814314
 0.192230  0.449249
 0.054994  0.693005
 0.073291  0.462326
 0.260135  0.875921
 0.467248  0.253514
 0.646670  1.233294
 0.901673  0.732433
 0.920088  0.345412
 0.646717  0.417987
 0.617461  0.465661
 0.388419  0.766672
 0.685907  1.219585
 0.418220  0.605790
 0.669110  0.681332
 0.737809  1.279113
 1.045170  1.200800
 1.127994  1.053537
 1.080364  1.060181
 1.048973  1.034548
 0.834864  0.506892
 0.845354  0.742702
 0.744816  0.390044
 0.759157  0.900680
 0.939986  0.494450
 1.180354  0.565572
 1.421368  0.808071
 1.524936  0.972235
 1.337583  2.368841
 1.265410  0.831738
 1.205619  0.861813
 1.371838  1.177987
 0.939359  0.667420
 0.528656  0.465691
 0.337327  0.518737
 0.520189  0.757698
 0.346507  0.819940
 0.283775  0.490249
 0.171387  0.781920
 0.031618  1.503513
 0.497104  1.118489
 0.814223  0.703854
 0.822568  0.701193
 1.394965  2.581186
 1.100182  2.423714
 1.038940  0.750272
 1.112645  1.382544
 0.811478  0.905073
 0.369869  1.600092
 0.500856  0.450639
 0.664299  1.120343
 0.692859  0.541568
 0.617342  0.586783
 0.303054  0.653959
 0.349834  0.868275
 0.442961  1.201045
 0.344000  1.053669
 0.880771  1.435239
 0.908192  0.807533
 0.491039  0.477953
 0.670571  1.124350
 1.032837  0.968089
 0.636567  1.879284
 0.384827  0.429377
 0.275496  0.829486
