    79.123708 -27955.953463
    81.683934 -27948.274974
    98.772938 -27946.844923
    94.275964 -27947.320445
    59.080888 -27947.105532
    69.047585 -27941.645682
    72.747579 -27944.502002
    94.689825 -27944.588877
    83.220877 -27939.925990
    77.915800 -27943.313859
    79.780828 -27951.951358
    80.545444 -27944.883291
    68.628963 -27938.960782
   103.639959 -27949.819127
    99.390184 -27953.510512
   100.110693 -27947.382707
    94.321991 -27939.273976
    90.430570 -27938.129341
    96.225722 -27941.043933
    87.834787 -27945.122971
    73.710004 -27943.587157
    85.120431 -27947.930953
    80.444928 -27953.867587
    79.233587 -27946.036493
    78.102933 -27939.157607
    72.155666 -27939.018599
    71.109516 -27947.296784
    86.615993 -27944.238980
    72.339314 -27948.895187
    67.631737 -27944.985611
    57.813676 -27940.872588
    65.144884 -27942.379125
    82.045382 -27941.788423
    75.803277 -27939.436000
    81.094622 -27941.786402
    69.838956 -27946.139413
    78.805003 -27944.235011
    66.197706 -27943.712957
    67.338624 -27940.886353
    65.233364 -27939.321537
    63.522410 -27938.366948
    58.609322 -27946.218743
    61.411025 -27944.959811
    80.534646 -27954.401117
    51.228496 -27938.328760
    68.075457 -27943.194149
    75.097920 -27943.815778
    83.276807 -27942.287930
    75.546069 -27946.348375
    84.480063 -27942.847099
    74.043536 -27947.192346
    72.757593 -27939.482438
    80.334885 -27943.029366
    77.679108 -27942.428675
    88.409332 -27939.957649
    98.377537 -27941.355967
   101.007464 -27941.624372
   100.985438 -27941.274542
    80.466003 -27940.979874
    90.226984 -27953.519348
    81.839812 -27945.065558
    85.652082 -27943.362806
    79.494943 -27950.666309
    70.868904 -27944.430441
    84.415921 -27945.016433
    68.570902 -27944.938690
    43.495943 -27944.360775
    52.302671 -27950.756248
    57.980274 -27945.629721
    57.290700 -27942.951382
    63.430031 -27943.505683
    74.773499 -27942.717150
    89.538492 -27944.897951
    82.328264 -27940.345501
    73.530653 -27945.773018
    84.700028 -27944.366268
    67.807681 -27943.483000
    60.338562 -27940.621257
    63.937049 -27946.279802
    79.748712 -27949.851197
    73.767741 -27942.502588
    69.611242 -27939.553359
    88.784963 -27945.867047
    82.993534 -27947.859534
    99.612653 -27945.357919
    86.152716 -27940.959521
    70.565344 -27937.402063
    93.513943 -27939.517572
   115.305240 -27945.459329
    97.896539 -27940.462771
   104.899618 -27939.872892
    84.670355 -27948.394695
    95.702825 -27941.553978
   101.072612 -27938.793888
    84.001623 -27939.670885
    74.832404 -27937.379361
    75.647110 -27940.944699
    60.792244 -27949.786403
    39.463535 -27944.928014
    42.747183 -27943.118262
    62.353911 -27946.573315
    69.683100 -27941.631487
    69.956720 -27939.491148
    69.094220 -27934.346937
    92.552667 -27944.221716
    82.590267 -27934.261307
    91.230555 -27938.002260
    78.860441 -27941.208420
    56.239400 -27939.774813
    80.286595 -27938.387467
    89.248301 -27945.146241
    79.462417 -27936.769317
    64.385806 -27945.571364
    53.539012 -27945.337398
    54.878626 -27940.245980
    76.636729 -27939.636181
    74.725981 -27941.660942
    68.267228 -27936.106345
    64.977197 -27950.641421
    55.871053 -27944.465130
    52.443334 -27940.893590
    47.649180 -27945.399099
    53.513276 -27948.626683
    53.977619 -27940.662825
    59.792146 -27954.129684
    65.871055 -27939.836518
    75.945548 -27941.657703
    70.612123 -27944.043178
    67.195424 -27941.635448
    46.970311 -27942.278057
    61.692834 -27944.761646
    74.473381 -27946.787945
    62.931162 -27941.665184
    66.194330 -27945.533815
    63.869662 -27941.588333
    69.706677 -27944.973139
    64.260609 -27936.899414
    50.596657 -27946.161080
    63.777756 -27940.991047
    58.392180 -27939.591457
    61.242078 -27943.937166
    47.154033 -27940.694490
    55.029197 -27943.547725
    57.127846 -27946.661069
    50.455990 -27939.822786
    55.958369 -27939.236982
    62.181747 -27943.892205
    72.278580 -27945.608022
    88.771820 -27944.265893
    83.302721 -27948.549773
    73.373253 -27938.737107
    57.686135 -27944.337332
    70.800886 -27950.545350
    65.193039 -27945.253151
    64.857364 -27940.927949
    74.953321 -27944.405367
    79.999980 -27939.942330
    83.110178 -27942.985523
    75.151367 -27944.615472
    58.379338 -27949.225300
    72.891910 -27941.779727
    78.216528 -27946.071592
    57.071734 -27954.985659
    58.941270 -27947.582957
    64.064773 -27943.695301
    81.458178 -27947.286507
    73.362434 -27943.641751
    58.766097 -27943.155770
    70.147029 -27942.897900
    59.861533 -27950.985414
    66.142737 -27948.172011
    89.617890 -27947.312458
    68.324312 -27945.592792
    67.461994 -27950.349396
    96.113646 -27939.119554
    76.183936 -27950.911600
    78.454642 -27941.374747
    74.870250 -27942.833774
    76.535750 -27936.288164
    84.353193 -27943.213898
    97.301851 -27947.930544
   117.234639 -27942.379632
    97.776645 -27940.485482
   124.589327 -27938.951442
   115.681178 -27937.156208
   108.526670 -27934.209493
    99.631156 -27937.633634
    87.283462 -27947.444824
   111.885831 -27941.524171
    94.587001 -27945.013941
    91.665864 -27942.453982
   113.283818 -27939.593565
   133.448619 -27949.493218
    99.695182 -27946.355685
   103.812595 -27941.396273
   103.164011 -27940.839632
    69.490307 -27941.161222
    75.915414 -27944.089512
    98.638896 -27949.709646
    97.328099 -27945.628230
    64.611371 -27940.778345
    51.474473 -27941.595743
    83.796522 -27943.003364
    66.973751 -27943.012276
    64.335976 -27940.742783
    62.351201 -27945.793703
    64.299538 -27945.986724
    76.366755 -27947.657897
    62.759753 -27940.877146
    62.724931 -27944.502710
    72.046360 -27947.321746
    73.316333 -27944.675112
    75.545851 -27952.067277
    58.945579 -27949.958759
    58.722752 -27944.031938
    62.821767 -27946.046439
    65.715557 -27944.615364
    52.187065 -27951.479318
    72.628674 -27947.436559
    56.492057 -27941.683852
    63.656308 -27947.141180
    75.050388 -27943.926644
    77.341333 -27943.140684
    70.280635 -27947.184695
    57.947548 -27945.055092
    71.333738 -27949.819656
    71.656044 -27940.384780
    82.951565 -27940.774194
    89.914583 -27941.369633
    72.188170 -27942.545270
    66.889967 -27945.254310
    93.191309 -27946.254908
    96.238441 -27952.136369
    82.362377 -27939.438738
    83.991066 -27943.827722
    73.780772 -27938.007615
    93.235829 -27941.216433
    97.485173 -27944.465310
    81.408109 -27939.313552
    85.838125 -27943.458473
    89.781420 -27947.314199
    63.335986 -27949.276179
    80.590171 -27937.701114
   102.354180 -27945.189930
   103.032937 -27943.037124
    78.242679 -27940.539411
    60.894037 -27943.473554
    78.470334 -27943.321614
    70.571267 -27941.011072
    96.022526 -27938.665890
    94.201842 -27935.129769
    87.476608 -27945.088652
    94.143147 -27939.653679
   100.733839 -27947.712651
    77.659080 -27941.074343
    86.032619 -27944.938148
    82.175162 -27946.070585
    83.218529 -27946.646657
    92.952279 -27942.560320
    94.237889 -27951.100702
    92.408585 -27949.861131
    84.114316 -27944.140892
    79.031586 -27943.686083
    67.191357 -27947.944169
    80.917444 -27944.552287
    90.363148 -27938.533579
    93.044893 -27938.167756
    99.123324 -27935.575517
   102.260017 -27940.102383
   127.584321 -27939.309342
   147.175690 -27940.886535
   127.949686 -27936.752149
   114.900447 -27946.580188
   106.531421 -27949.006040
    93.058038 -27942.473484
    84.191795 -27945.444151
    94.172678 -27948.692643
    88.625349 -27948.427470
    68.900546 -27945.022630
    66.169673 -27943.566485
    68.402998 -27939.637482
    62.780665 -27940.109099
    71.612835 -27944.576417
    89.260897 -27946.169863
    63.320827 -27948.641913
    56.120022 -27944.996192
    55.402111 -27946.373965
    65.611876 -27951.063323
    65.882315 -27946.326160
    73.304881 -27949.669923
    98.929164 -27951.926938
    91.024965 -27952.870669
    84.028660 -27947.154726
    89.876207 -27947.075665
    85.774833 -27951.845656
    86.215721 -27942.623436
    94.106317 -27952.358444
    83.051485 -27949.834499
    76.668428 -27950.456272
    79.547174 -27952.142140
    75.356344 -27950.748462
    68.649664 -27953.601070
    63.691814 -27944.894003
    78.166287 -27941.142841
    73.201273 -27953.501705
    68.773044 -27949.240144
    85.518625 -27952.921286
    80.467678 -27952.214134
    59.428763 -27954.787653
    69.204426 -27947.531433
    68.595562 -27952.863342
    76.721387 -27943.115991
    68.276876 -27947.892582
    81.976999 -27941.915711
    62.038781 -27953.396095
    53.198650 -27943.026759
    56.255933 -27937.839439
    40.988836 -27943.682568
    46.439265 -27946.191485
    64.351324 -27943.516492
    71.033652 -27940.664671
    59.943175 -27941.482575
    62.589390 -27937.441288
    68.706425 -27933.720371
    66.905443 -27940.506524
    86.903702 -27942.266302
   111.769638 -27944.501593
   102.332042 -27944.079227
    98.814444 -27944.673851
    93.213631 -27943.601360
    92.628770 -27943.404235
    76.725522 -27941.004449
    60.446687 -27942.443450
    87.750531 -27938.333735
    72.650456 -27940.193240
    72.939325 -27944.988613
    81.214669 -27941.060527
    78.785685 -27951.644714
    63.552657 -27947.511331
    84.708569 -27945.691692
    94.338787 -27943.602718
    97.142152 -27948.498719
   102.923801 -27940.635911
    95.996781 -27943.230506
    92.110338 -27946.392699
    73.926434 -27944.697046
    67.438185 -27948.952142
    50.898742 -27946.377485
    75.170580 -27941.933796
    90.935274 -27939.755747
    76.918100 -27943.474925
    62.497419 -27943.375805
    60.387966 -27941.730537
    65.159820 -27946.160255
    65.696159 -27950.875675
    56.829337 -27949.066842
    75.739758 -27949.409965
    79.590756 -27939.145386
    91.298190 -27946.549302
    88.930836 -27942.691604
    84.889607 -27944.893469
    71.989065 -27943.909585
    78.558546 -27945.366559
    75.382303 -27939.504193
    77.555102 -27937.557387
    88.217827 -27941.952588
    60.393051 -27947.711237
    76.811180 -27938.613548
    65.503696 -27940.388676
    59.750686 -27948.404734
    62.016790 -27938.242533
    56.677146 -27948.461383
    73.607288 -27947.534266
    75.526340 -27942.112973
    75.030897 -27943.965000
    76.032802 -27943.002908
    97.579878 -27936.109743
   105.810511 -27938.110113
    93.085583 -27934.276640
   108.163508 -27939.637176
   114.771290 -27941.017720
    93.545010 -27942.898611
    70.687139 -27944.197848
    79.231291 -27939.924875
    66.507782 -27941.743097
    52.863194 -27945.881555
    70.861503 -27939.252300
    76.715556 -27941.349758
    60.922461 -27942.287480
    76.484199 -27938.094399
    88.423077 -27939.242577
    61.612466 -27937.511666
    59.102705 -27936.577428
    65.182246 -27939.087327
    57.089254 -27947.304866
    79.698384 -27940.405155
    63.398093 -27935.478541
    60.961271 -27944.367803
    56.253709 -27950.247049
    73.779283 -27941.455462
    95.564638 -27944.985087
    78.002832 -27948.033202
    61.803416 -27940.841061
    51.041724 -27942.055787
    54.606588 -27944.187734
    56.065634 -27934.272950
    44.065610 -27935.779421
    62.271454 -27944.140642
    59.122914 -27942.151254
    60.818018 -27955.763771
    66.081449 -27943.095069
    49.969718 -27957.920541
    50.300106 -27940.366524
    59.201004 -27947.101081
    63.928290 -27942.464474
    72.656629 -27948.284554
    64.695761 -27944.354055
    30.934705 -27943.736241
    55.946237 -27939.036666
    55.956412 -27941.047199
    68.606589 -27941.178982
    76.866934 -27943.369597
    86.153499 -27942.543423
    97.946313 -27939.475417
    67.392104 -27939.808654
    84.851490 -27943.708252
    68.950321 -27944.882153
    82.384933 -27940.780002
    71.384229 -27949.164516
    51.579157 -27937.874288
    78.949173 -27944.696901
   101.705575 -27939.424332
    88.489979 -27941.058578
    87.066718 -27940.843161
    63.363710 -27947.100530
    60.586427 -27944.673826
    58.362977 -27943.614929
    77.013783 -27943.368987
    65.613867 -27942.196426
    85.330411 -27938.916428
    62.494130 -27950.966728
    64.971706 -27944.211304
    70.810345 -27940.811954
    62.185763 -27940.774772
    54.047412 -27945.948470
    58.130788 -27942.652415
    76.384307 -27945.583878
    78.746554 -27951.506120
    87.666636 -27939.735039
    81.215238 -27946.099734
    65.541826 -27937.737548
    60.477579 -27943.249954
    48.679648 -27944.443506
    49.022570 -27945.200151
    60.851740 -27939.164817
    76.592370 -27941.075504
    71.734360 -27942.342792
    69.661264 -27946.163651
    74.010555 -27939.200321
    64.398520 -27941.368268
    58.601588 -27947.907258
    51.341254 -27945.431065
    89.321539 -27943.961388
    80.801283 -27942.650346
    83.075276 -27955.097121
    74.249850 -27941.418947
    61.900382 -27940.987103
    48.836588 -27945.683979
    34.206009 -27943.800957
    57.007088 -27940.817224
    56.233343 -27949.725930
    62.716768 -27939.333302
    56.198674 -27944.069729
    63.034986 -27956.555243
    92.607720 -27945.228384
    93.732959 -27941.881489
    82.660502 -27950.951629
    76.797578 -27942.704343
    73.845648 -27950.623842
    74.814769 -27940.959950
    84.287616 -27943.021699
    56.134460 -27949.004855
    60.344886 -27945.281463
    52.099691 -27947.532202
    62.068448 -27946.932489
    65.288438 -27950.169380
    73.047733 -27945.209326
    75.691388 -27947.001859
    86.586510 -27943.892637
    86.806392 -27957.977879
    73.984424 -27950.785254
    83.613606 -27949.078342
    57.010962 -27951.989113
    63.951915 -27939.497784
    60.652696 -27939.779839
    58.727810 -27949.351340
    52.653016 -27943.223535
    83.282527 -27946.884038
    64.743873 -27949.957636
    67.358728 -27953.470673
    54.115103 -27949.124594
    78.966713 -27946.908661
    86.476803 -27946.876151
    84.958200 -27946.324434
   101.707471 -27945.452091
   104.080899 -27951.534933
   105.183866 -27951.074496
    91.130677 -27951.466790
    81.524947 -27948.141754
    82.627338 -27941.425584
    97.889465 -27949.611096
    80.281277 -27945.329725
    70.222979 -27946.237027
    72.617099 -27952.327496
    83.685932 -27939.883615
    62.571676 -27941.271108
    74.859632 -27945.506606
    56.994537 -27941.640588
    66.045612 -27936.168103
    51.138257 -27939.006983
    58.031474 -27941.700573
    54.114023 -27935.163457
    55.378609 -27947.761589
    45.915095 -27941.316044
    61.146327 -27946.001858
    61.869655 -27946.066938
    71.920575 -27944.883116
    65.324844 -27942.150250
    83.948819 -27944.070215
    99.918207 -27944.864762
   103.561533 -27947.939528
   107.692712 -27947.201244
   106.912851 -27939.452443
   124.285644 -27940.695315
   105.202796 -27940.286075
    98.631233 -27948.842863
   105.268630 -27949.460802
    99.872789 -27946.274967
   102.118569 -27947.369797
    57.962609 -27944.046403
    59.235110 -27949.455194
    70.325723 -27950.085583
    61.772737 -27946.829195
    87.297096 -27944.465468
    81.946769 -27942.734616
    80.478576 -27949.313964
    52.412785 -27945.163823
    34.703741 -27941.600536
    54.552260 -27940.858429
    55.826709 -27941.411990
    65.511445 -27941.828255
    72.711639 -27938.801085
    81.448079 -27945.269793
    74.897650 -27941.676457
    73.325410 -27953.619415
    87.023625 -27935.881820
    97.072334 -27940.300759
   104.978913 -27942.914014
    62.456855 -27940.158204
    67.283499 -27946.273088
    83.113935 -27944.395324
    85.508453 -27943.916338
    84.335796 -27946.556255
    76.114305 -27959.244575
    76.935071 -27953.139610
    79.567002 -27944.209913
    72.484535 -27954.688608
    83.412371 -27950.251548
    84.562192 -27950.100886
    79.736478 -27938.918822
    58.235506 -27944.912730
    74.801924 -27942.743829
    73.407642 -27938.814734
    61.437812 -27935.154828
    62.554302 -27944.509554
    61.493043 -27943.898435
    59.636315 -27937.420949
    60.717466 -27944.446542
    74.116970 -27948.497060
    52.611017 -27947.833571
    66.727940 -27944.038142
    62.349055 -27940.669215
    68.693251 -27939.947104
    69.521491 -27942.965052
    83.375506 -27940.739370
    68.023891 -27946.796934
    86.087591 -27943.201386
    73.652870 -27949.225491
    67.696502 -27946.335889
    76.826810 -27952.541619
    79.104534 -27938.946023
   100.068534 -27943.356798
   126.023981 -27939.444177
   100.074775 -27938.543914
    99.569197 -27938.559171
    81.203742 -27939.725939
    72.840910 -27939.134382
    71.802421 -27946.077607
    57.680009 -27940.685917
    51.647064 -27940.275816
    74.920142 -27947.776784
    78.295229 -27943.761645
    84.458937 -27943.800509
    71.311576 -27941.788289
    70.993012 -27943.367588
   102.362871 -27938.865782
    93.371297 -27941.585016
   118.140544 -27940.459537
    84.500923 -27947.740356
    89.410608 -27936.929502
   100.866413 -27945.725079
    87.341987 -27943.422079
    76.354665 -27939.419362
    85.382439 -27942.557348
    78.068688 -27941.373353
    57.882907 -27943.465657
    61.650589 -27947.291224
    68.823809 -27946.924057
    88.562607 -27944.080753
    87.119114 -27941.560739
    93.451024 -27941.748331
    82.511086 -27941.854984
    74.939991 -27941.672796
    70.602616 -27940.363669
    87.038842 -27939.098261
    88.522347 -27940.594284
   103.373482 -27942.433476
   102.044036 -27942.691061
    85.567199 -27948.497366
   120.598321 -27944.703061
    88.688499 -27940.682802
    84.441488 -27954.545764
    87.318143 -27942.607792
    67.822274 -27946.402286
    96.281250 -27954.628777
    91.591127 -27950.861038
    85.407287 -27945.088532
    79.230096 -27954.266393
    72.880045 -27952.278256
    83.328781 -27947.917763
    88.424958 -27948.964475
    76.906335 -27954.654690
    55.334865 -27960.185832
    59.860246 -27950.848254
    55.363322 -27949.312721
    49.441812 -27942.818860
    76.124421 -27941.794817
    88.386015 -27938.208348
    69.423847 -27946.876423
    72.969442 -27936.903581
    83.124556 -27941.693655
    67.140717 -27939.727680
    75.186605 -27936.617956
    68.502959 -27945.609803
    73.237537 -27935.623026
    70.988917 -27937.872920
    83.831773 -27942.646057
    74.986010 -27945.832731
    66.462762 -27934.875337
    71.354072 -27938.380141
    73.703707 -27940.865387
    72.504075 -27942.884213
    64.476136 -27945.479415
    69.514699 -27943.087144
   103.070808 -27933.824792
   107.911058 -27935.717046
   111.796816 -27933.382188
   131.152626 -27939.927272
   135.192396 -27942.781345
   159.190606 -27938.350422
   134.177145 -27940.672203
   153.846605 -27943.421321
   131.699492 -27937.964911
   153.003698 -27939.434177
   135.909566 -27937.757256
   139.816151 -27937.675659
   121.435812 -27939.692833
   116.507891 -27943.027344
   123.007205 -27958.181555
   111.918274 -27948.116525
   127.942025 -27945.130400
   118.188295 -27945.237132
   119.278325 -27947.803335
   119.829501 -27944.094261
   122.540683 -27944.349222
   124.967909 -27954.339832
   108.012086 -27941.801551
    95.639926 -27947.795019
    89.785099 -27943.621520
    85.752883 -27946.213261
    61.790762 -27948.012617
    83.753705 -27947.649227
    83.884482 -27949.252716
    91.102474 -27949.625125
   108.997955 -27945.519861
    88.566474 -27935.339804
    79.659234 -27946.842459
    70.055393 -27948.169585
    85.221995 -27943.604087
    88.587056 -27937.377769
    88.750149 -27943.442329
    93.245405 -27938.500340
    95.761392 -27942.775234
    90.318173 -27945.277762
    82.814014 -27944.252198
    87.679968 -27942.045262
    95.333093 -27943.497802
    74.702613 -27937.144558
   100.928489 -27939.233736
    93.606421 -27936.721624
    90.885898 -27945.690844
    77.962095 -27937.902444
    60.809548 -27938.726561
    69.832548 -27937.423521
    57.825045 -27938.879256
    73.877285 -27943.859427
    58.328339 -27946.558721
    49.735039 -27944.387302
    63.532725 -27939.257351
    77.248535 -27943.883782
    71.607295 -27942.307999
    54.743917 -27945.768990
    56.703999 -27940.109912
    47.610360 -27940.841465
    62.889150 -27943.760143
    66.727573 -27944.848777
   100.133599 -27950.571978
    63.788176 -27953.662427
    81.979475 -27946.139673
    89.070824 -27944.048163
    75.742421 -27939.595862
    70.974323 -27939.195795
    68.097987 -27943.041373
    51.855246 -27940.339260
    72.920673 -27942.031664
    78.031165 -27942.188472
    78.349440 -27939.428314
    67.282272 -27940.578982
    58.913608 -27941.697346
    55.219360 -27937.430558
    66.418954 -27940.192381
    80.742785 -27943.195297
    74.415026 -27944.801618
    69.130590 -27945.663154
    74.213859 -27941.576212
    81.677307 -27943.044532
    75.238475 -27944.852994
    93.645787 -27945.770473
   106.018546 -27955.681781
    89.577198 -27936.242820
    60.000923 -27949.877668
    97.827030 -27942.445665
    93.921027 -27938.037513
    78.806615 -27944.987729
    72.811559 -27944.027910
    71.583035 -27949.268575
    68.820450 -27945.583730
    78.387895 -27947.805319
    82.298690 -27947.868411
    81.794209 -27952.204586
    63.227140 -27948.797530
    47.864310 -27944.821858
    72.583324 -27940.391324
    62.444697 -27946.071705
    56.063007 -27942.721817
    76.105674 -27947.254295
    50.996799 -27939.969192
    65.598994 -27941.037115
    41.609904 -27947.576345
    62.024495 -27940.196735
    71.044987 -27942.881780
    71.955967 -27942.072553
    84.303967 -27943.201633
    83.702883 -27943.095536
    63.563084 -27946.171532
    61.745359 -27949.952437
    58.445619 -27943.697331
    63.585305 -27945.765262
    91.518944 -27941.008365
    67.803914 -27942.806773
    64.289714 -27941.329921
    71.027871 -27940.424064
    36.582684 -27937.720160
    49.102699 -27941.768294
    57.218579 -27942.834787
    57.038411 -27946.436390
    67.153622 -27943.534997
    88.718454 -27940.058913
   106.543315 -27940.787037
    93.697046 -27935.403326
    83.490912 -27948.087659
   100.915339 -27939.339208
   124.300419 -27941.046330
   107.678376 -27939.534569
   100.842690 -27944.968344
   101.768260 -27943.564721
    77.806122 -27941.371511
    83.040965 -27948.257582
    65.320890 -27948.477483
    56.623830 -27946.664809
    57.259298 -27952.134965
    49.563522 -27953.379142
    59.753521 -27945.291550
    59.498321 -27944.242031
    64.171615 -27951.387693
    87.662851 -27938.251871
    66.761049 -27946.634304
    83.606254 -27949.066110
    60.605415 -27940.738414
    81.876028 -27937.610527
    94.150651 -27947.280307
    83.652049 -27947.471363
    66.660767 -27941.220440
    90.926516 -27941.031008
    82.360928 -27940.846528
    61.606703 -27940.687623
    72.006961 -27936.259558
    71.110961 -27942.649897
    70.471558 -27948.658349
    62.619532 -27944.351948
    57.306308 -27950.547605
    64.698742 -27934.206576
    58.529092 -27933.253194
    41.485142 -27944.118046
    47.112094 -27943.315689
    72.136363 -27942.523885
    63.214716 -27941.475106
    67.586549 -27948.685721
    75.608504 -27947.891178
   114.639363 -27952.835898
   112.024525 -27948.156120
    89.740510 -27947.633074
    65.489886 -27944.103837
    76.947675 -27943.083829
    90.252206 -27949.280619
    68.907983 -27942.365400
    63.518808 -27949.389259
    62.486111 -27943.092958
    69.819170 -27948.980902
    70.832033 -27944.929854
    88.281360 -27937.048366
    98.977920 -27938.831379
   104.343328 -27941.298482
    87.406981 -27943.880074
    83.768246 -27944.620094
    81.577782 -27945.969318
    79.173578 -27943.214015
    72.890506 -27942.929105
    69.196236 -27942.852095
    66.248728 -27945.221800
    49.477324 -27942.913916
    66.719175 -27942.129563
    65.228163 -27942.771879
    65.499674 -27951.338331
    64.508153 -27952.142646
    68.848326 -27947.243843
    33.158751 -27941.391735
    70.102641 -27941.807641
    76.307409 -27944.043302
    52.853055 -27947.744408
    60.495108 -27946.250057
    59.512150 -27937.728486
    71.151012 -27939.868889
    58.668342 -27942.921808
    68.215724 -27938.716028
    62.969077 -27941.527734
    76.527141 -27945.155166
    89.524906 -27939.957026
    91.382046 -27950.576658
    87.225349 -27946.457178
   102.182020 -27937.601581
    90.531256 -27953.389689
    97.211095 -27942.972902
    97.245940 -27941.664612
    94.361566 -27948.750349
   110.217083 -27948.316340
    97.634632 -27944.419346
    86.460278 -27946.878581
    87.920810 -27942.849042
    85.477400 -27941.136914
    88.212998 -27944.351212
    84.650357 -27943.090023
    83.296296 -27941.684845
    85.801978 -27947.838608
    67.847189 -27945.363480
    70.552190 -27947.431116
    76.938192 -27945.570260
    91.292579 -27949.171474
    74.661763 -27945.866534
    60.911863 -27946.405855
    69.380745 -27945.434613
    62.740710 -27942.071545
    60.822489 -27943.358161
    67.144357 -27942.207093
    76.126425 -27942.826572
    63.751530 -27943.738584
    74.169757 -27947.416484
    65.175015 -27945.324375
    64.713449 -27941.119077
    77.397894 -27938.412585
