 1.667102  3.287688  7.624185  5.764375 12.406510 18.409142
 1.766178  3.038256  8.862143  5.167950 10.882046 18.140455
 1.770557  3.402548  7.988521  5.901737 11.974657 20.198999
 1.829204  3.256707  7.549140  5.851691 12.729690 19.462117
 1.700505  3.325702  7.973246  5.773964 12.022117 17.726135
 1.523044  3.680674  7.455793  5.969505 12.284728 17.977850
 1.940383  3.138357  8.095133  5.470945 10.778931 19.478797
 1.684249  2.967653  8.185508  6.457865 12.412970 20.450460
 1.604695  3.467073  8.571278  5.689950 11.850079 18.227708
 1.692490  3.331637  7.129572  5.964802 11.346892 20.100218
 1.666257  3.256801  8.088950  5.820397 11.452270 20.253325
 1.816124  3.548011  7.399272  5.565876 11.698553 21.540553
 1.874984  3.455021  7.948363  5.312402 11.763543 19.671350
 1.841421  3.539554  8.486330  6.147895 13.085391 22.050322
 1.777749  3.567501  8.468078  6.409756 13.133329 18.850666
 1.852280  3.855399  7.815975  6.194191 11.961854 19.424198
 1.844456  3.774596  7.950315  6.191317 11.431868 21.667640
 1.858596  3.490475  7.847195  6.115534 13.256446 21.184668
 2.110932  3.374807  7.312198  6.603343 11.939846 18.701449
 1.951874  3.358433  8.566043  6.230745 12.353195 20.305292
 2.057526  3.515561  8.020640  6.092699 12.783417 19.564658
 1.867620  3.010912  7.515060  6.520007 11.454838 21.330285
 1.806058  3.522336  9.077954  5.858984 12.379587 18.627923
 1.830405  3.642647  7.230614  5.285586 11.889128 17.616178
 1.957886  3.414016  8.590273  6.297995 13.799927 19.612930
 1.840300  3.466465  7.914088  5.875581 12.169038 19.278473
 1.865570  3.375135  8.027960  5.681090 12.440419 19.643350
 1.827029  3.574315  7.630832  6.280364 11.488992 21.000170
 1.899185  3.060557  7.557576  6.177854 11.595822 21.732681
 1.890143  3.669600  8.541353  5.638878 12.327477 20.204234
 1.822892  3.539941  8.053145  6.481429 12.050921 18.508264
 1.798080  3.437796  7.892439  6.070541 11.050742 19.863417
 1.702952  3.569207  8.147627  6.561271 12.141538 20.465578
 1.878700  3.531609  8.159844  5.991994 13.466484 18.876700
 2.006814  3.301393  8.486523  6.496729 12.080249 18.983376
 1.946828  3.406897  7.758790  6.404865 12.409851 20.229163
 1.888396  3.204960  8.235459  5.931079 11.907917 20.126981
 1.873677  3.441473  7.762080  6.329341 11.747569 19.163881
 1.893481  3.561103  8.345505  5.703840 13.210231 20.237983
 1.904628  3.466463  8.146590  5.899404 13.072899 21.356653
 1.845965  3.299246  7.539112  6.001168 11.568674 19.871499
 1.817292  3.648264  7.873532  5.981508 12.964407 18.337633
 1.603393  3.590600  8.197676  6.555349 12.560150 20.407767
 1.777498  3.427656  7.964148  5.457233 11.556130 19.518984
 2.014976  3.502416  7.021547  6.835053 12.397440 20.939576
 1.828656  3.336264  9.290263  6.240709 10.979439 22.162586
 1.927364  3.281525  7.979753  6.126881 12.984231 21.908998
 2.081217  3.855587  7.618235  6.739820 12.607906 20.300937
 1.886524  3.533552  7.803654  6.319822 11.126197 22.005655
 1.775435  2.910689  8.530083  5.789234 13.027477 19.366113
 1.744806  3.442446  8.159912  5.883890 11.186629 18.055118
 1.854579  3.389216  7.813849  5.629348 12.713362 20.466667
 1.859310  3.382071  7.300289  5.551885 11.567354 23.053984
 1.895149  3.769222  8.371609  5.711369 10.473855 18.809624
 1.918531  3.426785  7.659603  6.689778 12.254277 20.796778
 1.900501  3.357767  7.825072  6.632276 11.480891 18.721557
 1.630467  3.488536  7.667563  5.898852 11.909064 17.518732
 1.730347  2.939158  7.669497  5.955552 11.411786 20.509668
 1.612624  3.247148  7.556528  5.637619 10.808304 20.149908
 2.096472  3.536064  8.019393  5.945515 12.398627 21.693469
 2.040999  3.835312  8.700157  6.222595 12.568192 20.042855
 1.732097  3.730710  8.926343  5.992567 11.712765 20.636502
 1.661124  3.195121  7.739359  6.090936 12.798315 19.002727
 1.781082  3.628608  8.811861  5.876856 11.104143 19.928379
 1.980977  3.308791  7.714012  6.074922 11.405729 22.615474
 2.025169  3.339035  7.780944  5.945527 13.590735 19.557418
 1.958436  3.828038  8.250772  5.931357 12.376496 23.597575
 1.886413  3.705815  7.592341  6.085448 12.767571 18.626777
 1.979265  3.575405  8.883264  6.108574 12.103213 20.376450
 1.916056  3.333349  8.127142  5.849393 11.991935 18.487811
 1.823999  3.426949  8.289912  5.940295 12.792888 18.892690
 1.885743  3.755355  8.391109  6.114768 11.691286 19.750873
 1.840638  3.717411  7.592459  6.704209 13.504815 19.428529
 1.799537  3.151925  8.602203  6.220246 11.696679 20.222229
 1.851377  3.433686  8.546897  6.564559 12.144483 19.427712
 1.803557  3.609131  8.163258  6.431804 12.885460 18.276720
 1.817056  3.446505  7.613171  5.979897 11.505126 21.288010
 1.781026  3.519363  8.002036  7.094258 12.068297 21.884373
 1.717341  3.677150  7.932636  6.162070 11.999433 22.023295
 1.701656  3.177808  7.252058  6.207471 11.400165 18.756528
 1.825888  3.483625  7.586920  6.454205 10.868148 21.876382
 1.922336  3.841330  7.496619  6.015050 11.479358 19.578619
 1.903408  3.315855  7.401510  6.111298 10.753070 20.312776
 1.975407  3.341951  8.489069  6.074554 12.320780 17.743589
 1.926458  3.101442  7.110336  6.807870 12.918927 19.447676
 1.750956  3.250533  7.752040  6.173425 11.411604 19.103795
 1.738028  3.256356  7.220634  5.543509 11.534457 21.000417
 1.820816  3.041690  7.975008  5.950261 11.711144 18.674674
 1.796168  3.668007  7.849255  6.072471 11.783640 18.988041
 2.027896  3.161994  8.271151  5.874248 11.153282 19.348305
 1.733700  3.541975  7.642914  6.268353 11.530826 20.439846
 2.017381  3.407443  8.352816  5.614447 11.976632 18.973232
 1.747477  3.605704  7.510982  5.489115 11.238853 17.202161
 1.701470  3.437243  7.546429  5.352252 10.994159 20.629711
 1.825246  3.324453  8.018138  5.621153 10.876498 19.847403
 1.850118  3.467615  7.871161  5.856032 11.473671 20.791408
 1.823479  3.346866  8.204621  5.677778 11.361777 21.803854
 1.715543  2.950905  7.412464  6.149332 11.641009 18.498244
 1.881600  3.382981  7.326665  6.532496 13.236688 19.552824
 1.963201  3.393871  7.556643  5.914512 11.455363 21.821586
 1.947475  3.739096  8.670437  5.965261 11.417906 19.907114
 1.871469  3.352775  7.932573  5.640403 11.907654 19.484645
 1.708272  3.731828  8.103192  6.034819 11.738946 18.049326
 1.881613  3.253072  7.649362  6.213596 12.729659 21.328689
 1.767665  3.382207  8.063863  6.220077 11.618952 21.395033
 2.016695  3.149968  9.129614  5.962950 12.376034 20.683183
 1.838008  3.132809  7.910110  6.134389 12.908468 17.643082
 1.875356  2.934203  7.181823  5.584607 12.370651 19.069966
 2.015334  3.348176  7.495323  6.005413 11.753235 19.384732
 1.771715  2.967451  7.461146  5.943586 12.106541 19.280802
 1.980968  3.299571  6.988524  5.781343 12.296443 17.114180
 1.830930  3.397154  8.103263  5.649706 11.000772 22.651219
 1.703750  3.579752  7.300475  6.076061 12.632078 22.482629
 1.677700  3.477478  8.231413  6.337701 12.381065 17.858695
 1.648761  3.597546  8.158213  6.576349 12.694663 17.635359
 1.956669  3.417973  7.993884  6.568138 12.970493 18.183131
 1.762463  3.603343  7.618738  6.071843 11.710131 20.060054
 1.833132  3.491109  7.616007  6.274915 11.375890 19.602144
 1.755177  3.539636  7.867166  6.201016 11.047732 18.082820
 2.007352  3.353066  8.516088  5.688447 12.505614 21.451799
 1.933215  3.256679  8.518798  5.837161 11.902712 20.554670
 2.020134  3.451012  8.333727  6.110051 12.425492 19.083968
 1.874891  2.964853  8.315121  6.208469 12.417598 17.491944
 1.822933  3.359029  7.378044  5.950814 11.538397 17.937123
 1.820942  3.275666  7.886421  6.652535 12.106532 22.212250
 1.942164  3.505256  7.853257  6.315068 12.138516 19.086410
 1.803327  3.381780  7.340571  6.265314 12.181000 20.895684
 2.038800  3.880688  8.414448  6.261797 13.319869 20.615322
 1.788175  3.280388  8.377205  6.111139 12.035503 22.009747
 2.167105  3.590340  8.363966  6.429344 11.179131 19.095526
 1.980537  3.396359  8.854507  7.176832 13.876296 20.833524
 2.012723  3.765247  8.677937  6.492287 12.577282 21.154229
 1.686159  3.229068  8.699232  5.425331 12.866707 21.836965
 1.814211  3.276832  8.740100  6.071845 11.052166 19.245855
 2.007082  3.635677  8.219579  6.130157 12.625026 19.262733
 1.711377  3.576593  8.017362  5.984351 10.944762 19.528470
 1.643007  3.474946  8.172713  5.540020 11.907298 19.792277
 1.945567  3.392381  7.560250  5.977050 13.072730 18.190582
 1.764334  3.169337  8.369855  5.483475 11.180205 19.075398
 1.719687  3.342484  7.155020  5.332962 12.814706 19.339843
 1.683480  3.378918  7.751075  5.879878 12.178828 22.758047
 1.796830  3.835522  9.002343  6.407168 12.537215 18.376223
 1.918774  3.385275  7.643662  6.731828 12.372955 20.856420
 2.153193  3.353541  9.295128  6.039240 12.403329 20.656179
 1.848515  3.711352  8.598918  6.163779 12.926089 20.736222
 1.696308  3.239369  7.643192  5.765019 11.484794 20.124008
 1.823392  3.518941  8.356767  5.715025 10.985319 20.975568
 1.809770  3.190841  7.851624  5.500418 11.605039 18.697774
 1.824892  3.385195  7.921501  5.767624 10.860866 21.737234
 1.840814  3.262381  8.494029  5.758921 11.744022 19.351584
 1.793727  3.127567  7.812775  6.016549 12.437074 19.339275
 1.807498  3.199086  8.406490  5.957321 12.906114 21.140851
 1.820275  3.453331  8.545084  6.579874 13.047903 19.020309
 1.980712  3.311239  8.705119  5.878690 12.122748 17.122683
 1.942258  3.411163  9.026650  6.461869 12.256654 20.106306
 1.714975  3.433676  8.445638  5.869626 11.402139 18.993903
 1.852780  3.384753  8.481166  6.160759 10.359111 19.532855
 1.850060  3.424525  7.829435  6.400027 12.845618 19.091224
 1.895906  3.364262  7.941303  6.003601 12.726211 19.336067
 1.942935  3.394739  8.558089  6.669275 11.451474 22.293991
 1.764885  3.169501  8.398258  5.651115 11.867912 19.867979
 1.716649  3.356802  8.134104  5.968613 11.722724 19.267203
 1.670251  3.210033  7.337010  5.536204 11.639838 21.621945
 1.723837  2.970325  7.137458  5.426284 11.028052 20.214471
 1.608632  3.531530  7.269102  5.184395 11.868577 19.065879
 1.686305  3.595959  7.935771  5.654871 11.768239 19.950393
 1.865970  2.978080  8.301744  6.256242 10.895820 21.429201
 1.793738  3.489429  7.897601  6.237968 11.038478 18.191877
 1.925440  3.761643  8.365290  5.994337 11.895323 19.667501
 1.892842  3.902278  8.538314  5.540334 12.224098 19.115416
 1.662187  3.599216  8.641771  5.961764 11.322041 20.657565
 1.676643  3.716529  7.996865  5.884881 11.847704 21.125513
 1.714571  3.531481  8.022313  6.424354 11.399317 20.175847
 1.741128  3.733502  8.284631  5.788230 11.175991 20.743738
 1.793875  3.352594  7.839259  5.926749 10.926208 20.103735
 1.610487  3.523817  7.645138  5.961763 10.673171 18.832459
 1.729374  3.330751  7.651857  6.321542 12.235890 19.376367
 1.783768  3.110752  8.560768  5.653859 12.076267 19.158631
 1.955436  3.460481  7.628019  6.064242 13.637842 19.571558
 1.675030  3.381192  8.383452  5.871088 11.854850 21.002792
 1.696446  3.233228  7.285742  5.294569 11.864699 17.089838
 1.486210  3.031855  7.036363  5.948148 11.006729 18.294542
 1.898782  3.335748  7.832030  6.076911 13.022868 20.354514
 1.773924  3.223968  8.894498  6.437690 11.628874 18.647136
 1.868594  3.561795  7.539368  6.108846 11.632330 18.973376
 2.009815  3.417533  8.370667  6.154320 12.111163 20.139741
 1.792359  3.978769  8.604203  6.367256 12.271781 19.781446
 1.863099  3.376496  8.246229  6.275744 12.820092 18.822001
 1.850214  3.298184  8.492812  5.761590 12.426516 20.663599
 1.830414  3.519646  8.007583  5.762692 13.486469 20.835496
 2.173365  3.289058  7.955746  5.970695 12.359733 22.232802
 1.904598  3.663718  8.242109  5.973973 11.840446 20.778626
 1.967501  3.597057  8.800195  6.246670 11.257713 19.125663
 1.928254  3.635492  7.881565  6.100818 11.667295 19.847727
 1.805374  3.602000  8.704313  6.485374 13.825731 21.074922
 1.753882  3.134927  7.971644  6.749121 12.352650 21.439076
 1.924669  3.624630  8.864261  6.322459 12.827622 19.807038
 1.680669  3.660557  8.561230  6.004337 12.594494 22.798982
 1.836779  3.438954  7.356634  6.063064 12.801158 21.286659
 1.934503  3.549652  7.251335  5.694793 10.711334 18.583654
 2.012963  3.470399  8.548611  6.384082 11.903008 20.288235
 1.931362  3.265535  8.449066  6.040671 12.148125 18.641128
 1.803889  3.293212  7.491414  5.913401 11.317592 20.467309
 1.911815  2.997604  7.085029  6.476743 10.955121 19.315862
 1.923450  3.316263  7.895771  6.142358 11.472296 20.964021
 1.952247  3.546961  8.340832  6.151799 10.474502 21.361221
 1.948219  3.265076  8.398968  6.499825 12.405252 20.542821
 1.847349  3.394106  8.779780  5.684735 12.351969 19.799967
 1.944933  3.391081  7.393591  5.935257 12.301788 20.712154
 1.863704  3.564859  7.771894  5.754851 12.849079 19.540730
 1.815169  3.694876  8.205141  6.318199 12.105120 21.752306
 1.824303  3.641624  8.756042  6.436777 12.652418 19.836568
 1.774407  3.457991  8.042202  6.326225 11.352365 22.027625
 2.047628  3.527596  7.787540  6.602020 12.298969 21.069022
 1.891554  3.411371  8.070726  5.859483 11.444271 22.472529
 1.984773  3.477936  8.938218  6.100981 11.723880 20.318624
 1.756016  3.499514  7.626423  5.900645 11.852382 18.328526
 1.966535  3.689768  8.624738  6.179297 13.552357 21.071763
 2.259679  3.624821  7.543309  6.294123 13.282989 21.477698
 1.941788  3.197890  8.134079  6.288311 10.951019 22.194570
 1.639952  3.128439  7.409149  6.101113 12.464100 17.708651
 1.794444  3.593945  7.645400  6.228390 11.680237 20.967438
 1.758296  3.529008  8.094749  5.830198 10.625978 18.003399
 1.814927  3.295670  8.172632  5.841944 12.484017 20.125748
 1.761445  3.175095  7.575976  5.425691 12.450495 18.797841
 1.898048  3.244779  8.046145  6.206959 12.317361 20.841172
 1.808088  3.462229  8.368548  6.481653 11.366283 17.681607
 1.659079  3.082443  7.565494  6.004070 10.959878 20.152743
 1.607012  3.050413  8.336068  5.448518 11.834867 19.945996
 1.618585  3.049721  8.951705  5.602672 10.989670 19.350182
 1.867334  3.680564  7.249932  6.103407 13.179080 20.240233
 1.828005  3.591953  8.480892  6.535317 12.418357 20.240951
 1.859172  3.460287  8.971016  6.552529 11.703653 18.471773
 1.995543  3.545299  7.642514  5.572780 11.765077 19.712807
 1.688344  3.411477  7.652115  5.669042 11.897967 20.025384
 1.778225  3.187820  8.160434  5.898898 12.764944 20.285656
 1.859531  3.358096  7.377410  5.590791 13.437404 18.505222
 1.764110  3.339041  8.186805  6.115520 12.765941 18.091976
 1.698221  3.252881  7.858178  6.027307 11.760154 19.202729
 1.730626  3.351864  7.509626  5.964875 13.076845 19.335850
 1.862719  3.773969  7.498102  5.978805 10.878199 18.790882
 1.534396  2.832015  7.924179  5.710134 11.372572 18.948975
 1.657084  3.125878  8.647583  5.982598 12.120721 19.930659
 1.879656  3.233059  8.116290  5.793545 11.577314 20.179250
 1.792618  3.379637  8.590604  6.650940 12.388077 21.187554
 1.920914  3.542706  7.758323  6.437122 11.812003 21.078771
 1.669799  3.469713  7.752399  5.357207 10.481180 20.450081
 1.660844  3.516521  8.163700  5.530036 11.437452 19.729451
 1.595781  3.578803  8.389279  6.033752 11.542448 20.632466
 1.897516  3.247411  8.394355  6.277573 11.435710 18.257393
 1.691000  3.231742  7.701753  5.484742 10.680596 19.373961
 1.782674  3.058411  8.293569  5.629363 12.268614 16.996024
 1.769172  3.120779  7.795583  6.073231 11.930099 18.427214
 1.643512  3.407284  7.947159  5.810242 12.092578 18.310990
 1.756160  3.035132  7.499979  5.993756 12.407919 18.450285
 1.822581  3.365430  8.467039  5.512198 12.461300 22.007308
 1.675254  3.329224  8.108551  6.375994 11.627438 20.328002
 1.543383  3.015586  8.224861  6.121558 11.669535 17.952631
 1.766507  2.963997  7.420346  5.358680 11.719181 17.922500
 1.582370  2.959616  8.084478  5.464489 11.561255 17.487654
 1.872068  3.284975  7.596861  6.157497 11.788955 17.009943
 1.869458  3.320136  8.357432  5.373548 12.063080 18.022327
 1.817509  3.517668  7.428583  6.147521 10.578979 22.054117
 1.834733  3.482630  8.888793  5.479107 12.052069 18.440256
 1.820125  3.276046  8.215247  6.796667 11.024310 18.828952
 1.778689  3.440415  7.247069  6.403131 12.629379 19.880606
 1.748304  3.317233  7.598925  5.976926 12.291438 20.111231
 1.792833  3.338277  8.355621  5.714684 11.074272 19.810339
 1.539089  3.516027  7.717729  5.845454 11.442277 19.896640
 1.847356  3.235802  7.768149  5.800530 12.221762 18.271371
 1.833238  3.374173  7.298799  6.018139 10.496313 19.894594
 1.754582  3.160326  8.286415  5.813650 12.189893 18.433501
 1.893550  3.297882  7.470714  5.404968 13.062043 17.427858
 1.831778  3.438866  7.332404  5.968517 11.602585 18.441440
 1.667632  3.158905  7.403453  5.499496 10.979555 19.923476
 1.653267  3.363125  7.467461  5.774478 11.125801 18.838782
 2.128844  3.555190  7.721226  6.541729 12.365535 18.767472
 1.761413  3.643064  7.554138  6.341134 12.565105 20.458848
 1.948228  3.350979  8.892348  6.256246 12.730648 19.623249
 1.941084  3.699991  7.479907  6.624678 11.479497 17.638512
 2.002745  3.625765  7.598378  6.157222 11.598244 18.922167
 2.006249  3.343183  7.446101  5.906442 12.130564 19.773508
 1.847879  3.599545  8.997084  5.826009 12.457650 20.928886
 1.827020  3.688833  8.589478  6.211450 12.040277 20.863269
 1.602877  3.364024  8.246449  5.706766 11.198969 18.389754
 1.617444  3.423678  7.504676  5.888475 10.310459 19.546304
 1.789449  3.356656  8.055736  6.088496 12.147615 19.817549
 1.854903  3.495323  7.902989  6.825681 12.275813 20.355697
 1.767019  3.496309  8.225078  5.919357 12.327192 19.163302
 1.909984  3.313603  8.572961  6.032197 12.447812 19.958024
 1.820193  3.416494  9.042848  6.174273 10.842228 19.826657
 1.673538  3.591317  8.540143  6.796172 12.966368 21.569927
 1.946275  3.508317  8.386862  5.920209 11.590307 18.378684
 1.667404  3.630723  8.177322  6.176319 12.136422 19.069523
 1.942434  3.065839  8.061994  5.530530 11.492290 18.682985
 1.734853  3.218163  8.246961  5.934099 13.580938 19.123593
 1.719362  3.431964  7.516128  5.763548 11.191344 19.113091
 1.756541  2.974324  7.846487  6.164612 10.496916 17.204894
 1.856349  3.161793  8.869783  5.908336 10.680124 20.418007
 1.667786  3.239621  7.538343  5.757200 11.359249 19.420431
 1.834494  3.329311  7.703712  6.939037 13.048827 18.787757
 1.848036  3.602102  8.469612  6.007484 13.136566 21.184825
 1.739444  3.090299  8.637667  6.295730 12.530078 19.286131
 2.095016  3.556440  7.262568  6.479023 12.601854 19.427422
 1.902557  3.635887  8.020740  6.920605 11.802943 20.967793
 2.017526  3.527579  9.294328  6.649581 13.448056 23.383974
 1.872360  3.504481  7.955041  5.549326 12.811423 18.666571
 1.897261  3.434934  7.793673  6.242771 12.380060 19.869546
 1.833342  3.325006  7.943570  5.714957 11.689806 19.491207
 1.882457  3.650465  7.662753  6.209138 13.179762 23.191921
 1.936776  4.005410  8.011935  6.097481 12.370604 21.065773
 1.916034  3.721962  8.562165  6.313606 12.382072 22.341382
 1.780313  3.801866  7.944389  5.620352 13.173631 20.585981
 2.056576  3.609875  8.388676  6.084653 10.904638 18.428336
 1.774556  3.538949  8.093761  6.683088 11.975779 21.085176
 1.919164  3.294195  8.450461  5.814921 12.648117 18.769132
 1.834035  3.500428  8.383548  5.970957 13.807912 22.390619
 1.811528  3.221536  7.785529  5.767605 11.461750 21.789231
 1.804386  3.183122  7.936572  5.607076 13.108210 18.908272
 1.580333  3.723713  7.565205  6.158841 13.140504 19.432669
 1.772815  3.411608  8.005298  6.665214 11.296351 18.129841
 1.670032  3.277868  7.388218  6.247855 12.358523 20.788466
 2.094978  3.619178  7.844406  5.868163 12.114960 22.445633
 1.799618  3.168683  7.839704  6.199292 11.602402 17.759692
 1.857578  3.586228  8.118862  6.153456 12.929254 18.838429
 1.838107  3.490156  8.434976  6.285109 11.162242 22.346062
 1.902150  3.641542  8.235905  5.935226 12.384928 22.428727
 2.041695  3.624177  8.378724  5.645379 12.159629 19.457191
 2.281986  3.455071  8.439872  6.606520 12.103448 22.015566
 2.063966  3.353506  8.351567  5.866484 12.257199 20.707299
 1.793433  3.481864  8.344755  6.105873 12.906302 21.379066
 1.745233  3.655409  8.373932  6.250703 13.403861 20.337119
 1.668449  3.075715  8.401530  5.851303 11.848668 22.227985
 2.057519  3.553690  7.908635  6.470198 11.482609 20.987529
 1.748801  3.448616  8.017673  6.521623 12.618797 19.977653
 1.842826  3.299989  7.942257  6.014092 12.880514 21.633387
 1.968780  3.475183  8.599065  6.362861 12.471078 21.860598
 1.769028  3.536783  8.774281  6.488687 12.379330 17.742310
 1.852413  3.310834  7.872620  5.526322 12.659759 19.667689
 1.812531  3.323513  7.788929  5.831067 11.276748 18.065285
 1.926722  3.422763  8.542076  5.978410 12.047420 20.254283
 1.877366  3.348561  8.653705  6.121197 12.465802 21.317345
 1.790106  3.600534  8.124023  6.445138 12.689875 21.957356
 2.014356  3.650374  8.961939  6.696496 11.464866 19.461749
 1.995840  3.610205  7.851836  5.873369 13.405788 20.063935
 1.792654  3.191381  8.114245  6.023983 11.012848 18.340351
 1.816640  3.258496  8.449891  5.420785 12.274284 20.985240
 2.135907  3.257882  7.916412  6.250724 13.302779 22.317494
 1.880661  3.484025  7.679217  6.337708 12.381115 19.906280
 1.772930  3.479931  7.421980  6.797368 12.300628 20.645478
 1.661126  3.534513  7.703259  6.754787 11.088518 20.772585
 1.689571  3.186428  7.815884  6.197538 11.960051 20.637161
 1.655983  3.858689  8.015196  6.643649 12.914501 20.877892
 1.812122  3.482600  7.840385  5.740422 12.462242 19.426423
 1.855955  3.346835  7.040689  6.112068 12.834910 21.269553
 1.947024  3.599757  8.360649  5.889206 12.032532 19.660756
 1.855618  3.363506  8.371715  5.680618 11.769848 20.516290
 1.584593  3.341297  7.476153  6.151605 10.501811 21.583124
 1.698174  3.431754  7.482281  5.781458 11.162866 20.060734
 1.856965  3.355217  7.693212  5.789546 12.488468 19.157864
 1.757204  3.539317  7.758968  5.503759 11.584062 19.744140
 1.715776  3.647634  9.131373  6.602040 12.600199 19.404406
 1.891460  3.355121  8.386757  5.785207 11.764924 18.361288
 1.816919  3.421236  8.016781  6.382936 11.961082 19.735042
 1.994944  3.718785  8.836467  6.396342 12.705586 19.942963
 2.361590  4.202452  8.110957  6.958218 12.923147 20.119678
 2.098717  3.704955  9.269487  6.102305 12.337952 20.415301
 2.187155  3.846491  8.499324  6.902285 13.962137 21.615855
 2.272394  3.434471  8.078159  6.762010 13.171948 20.626245
 1.955482  3.523993  8.632681  6.313902 12.461046 19.159022
 2.080281  3.471823  8.177855  6.185052 12.753080 20.064872
 2.045230  3.473798  8.120398  6.768347 13.088408 18.378656
 1.934144  3.846936  8.224490  6.752870 12.672236 19.840316
 2.001751  3.346172  7.466056  5.864571 11.430522 18.676114
 1.853520  3.306044  8.010146  5.637011 12.069694 18.558060
 2.117108  3.446415  8.004122  6.375034 13.722725 20.477683
 1.746221  3.135232  7.582051  6.053675 12.609051 19.575168
 1.869469  3.161522  9.157593  5.243953 11.605291 18.584635
 1.766582  3.402285  8.588099  6.445143 12.647770 22.737969
 1.591602  3.383247  7.193622  6.168579 11.904742 20.376150
 1.668697  3.029202  7.271090  5.574512 11.972236 18.394662
 1.671059  3.325059  8.565286  5.447222 10.905659 21.356763
 1.853456  3.604800  7.571439  6.580630 11.796501 20.199014
 1.916983  3.356539  8.282792  6.325975 11.793251 18.940275
 1.731751  3.803287  8.109406  6.146208 12.198094 21.906814
 1.704464  3.535913  7.976277  6.934507 13.518851 18.293916
 1.655758  3.253399  7.726612  5.972918 11.059910 19.993017
 1.863948  3.337838  8.248502  7.057513 12.163890 19.770644
 1.642711  3.130618  7.184938  5.903778 12.483150 22.009684
 1.893882  2.940975  8.620017  6.603145 11.922141 21.686460
 1.681910  3.313254  7.710621  6.117045 12.588705 19.309520
 1.648657  3.344906  8.323384  6.090927 11.143897 19.943247
 1.635798  3.495107  8.867277  6.433666 13.578975 21.254755
 1.949900  3.078453  8.054951  5.600521 12.500277 19.713687
 1.759360  3.559637  7.246392  5.352326 13.193650 20.721330
 1.744762  3.709672  7.251015  6.169394 11.824305 18.709258
 1.645951  3.758191  8.087821  6.516913 11.475393 19.995194
 1.616343  3.595460  8.130727  5.789984 11.718245 20.702532
 1.620161  3.325070  7.319178  6.293716 11.350341 21.837695
 2.116781  3.590162  8.288713  6.523809 12.682890 18.348366
 1.726301  3.716651  7.704743  6.561928 12.738652 22.340347
 1.730956  3.123218  7.473230  4.933110 10.710730 21.409330
 1.694154  3.388731  7.823929  5.658411 11.124552 17.629419
 1.698514  3.232574  7.278326  5.711848 12.276607 19.998936
 1.653791  3.304625  7.488423  5.424090 11.664873 18.734506
 1.681138  3.215086  8.097180  6.401374 11.627456 19.678627
 1.972536  3.488818  8.192024  6.155361 11.480265 18.918010
 1.721595  3.553095  7.438416  5.639555 11.399436 20.483510
 1.803794  3.018348  9.131714  5.727472 11.849977 19.785350
 1.824969  3.438566  7.787616  5.777733 11.482899 19.566537
 1.880090  3.027603  7.608366  6.390552 12.191548 20.333606
 1.923602  3.169143  8.356126  6.494799 11.460194 20.864836
 1.821043  3.519772  8.176870  6.620873 11.082950 19.310244
 1.919522  3.516860  8.636218  5.862324 10.862946 19.610522
 1.878687  3.413187  8.062220  6.127267 12.141381 20.569277
 1.814707  3.716230  8.699115  6.447076 12.143553 20.176908
 2.165977  3.724350  8.310737  6.573694 13.254900 19.573271
 1.754104  3.546542  7.600002  6.085996 12.804221 19.997357
 1.989370  3.511558  7.390765  6.054211 12.045466 21.269427
 1.955676  3.461864  7.634406  6.550085 12.056394 22.998146
 1.949412  3.275587  8.421689  5.676784 11.879103 18.517212
 1.853950  3.578514  7.826662  4.983110 11.356376 21.200033
 1.709026  3.135436  7.538098  6.045541 11.282421 17.600652
 1.869825  3.647069  8.175506  6.151321 11.853310 19.300924
 1.687877  3.401983  8.012765  5.599934 11.288239 19.893171
 2.095467  3.302286  8.707616  6.110384 11.903464 22.165132
 1.990333  3.210890  8.274675  6.271925 12.122881 20.821288
 1.757448  3.427381  8.634658  6.123610 12.599807 20.598563
 1.898315  3.590995  8.603563  5.915735 12.056630 20.743007
 2.085403  3.388984  8.194920  5.520605 12.290466 22.390802
 1.932976  3.304025  7.872051  6.000344 12.081063 21.271823
 1.688160  3.670501  7.880348  6.522466 11.693126 21.560781
 1.776029  3.444869  7.743447  6.503390 13.067234 19.882083
 1.754886  3.526874  7.767885  5.860326 12.321362 20.477831
 1.897654  3.533091  8.403896  6.242917 11.868020 20.361934
 1.980358  3.015912  7.798179  6.303774 10.992709 19.622699
 1.825316  3.576321  8.142609  6.003339 12.083537 18.885263
 1.751807  3.363150  7.288227  6.483276 12.239061 18.662284
 1.802492  3.082697  6.723647  5.524057 10.889969 19.309069
 1.814188  3.488235  7.865120  5.581517 11.605175 19.751049
 1.917471  3.545196  7.735024  6.052906 10.983225 20.631086
 1.856950  3.098838  7.930426  6.180947 13.044607 19.704172
 1.849980  3.661909  8.031215  5.633130 12.687618 21.283567
 1.826230  3.308085  8.872967  6.138657 11.339841 19.056197
 2.013471  3.665457  7.607366  6.049322 11.790600 20.503445
 1.774164  3.796346  8.261123  6.440453 11.503719 19.175356
 1.866708  3.754841  8.186263  5.883594 11.714217 18.075265
 1.677869  3.378763  8.307422  6.239159 12.733432 19.786025
 1.899376  3.483917  8.114864  6.245955 11.354744 18.924694
 1.948351  3.688896  8.000167  6.502080 12.540473 21.023603
 1.728566  3.327632  7.927800  6.330232 11.796420 21.816845
 1.977310  3.592768  8.342109  5.683226 11.945325 20.943986
 1.719702  3.173559  7.792889  6.615882 13.794928 20.494262
 2.064970  3.707381  8.057475  6.481441 11.756957 17.900175
 1.881473  3.362414  7.126239  6.441236 11.708473 22.459111
 1.797047  3.449306  8.643278  6.586819 12.611273 18.921280
 1.711676  2.991924  7.228177  5.471672 11.914225 22.853518
 1.859806  3.120521  7.934030  5.237373 12.353217 19.867265
 1.757701  3.547146  7.550965  6.117090 10.888331 19.885409
 2.059109  3.873340  7.745915  6.685751 12.684798 20.366262
 1.893034  3.668992  8.222677  6.587997 12.088552 20.512019
 1.817191  3.801534  8.202645  6.503993 12.648485 19.868163
 1.952029  3.711904  8.522721  6.095449 13.713290 20.698670
 1.901970  3.409859  8.096298  5.656983 11.374936 19.547413
 1.813396  3.134544  8.143599  5.546533 12.000083 19.498650
 1.897264  3.510719  7.618886  5.665379 12.497466 19.448780
 1.824823  3.100670  8.054287  6.310165 11.500385 19.357807
 1.741067  3.322336  8.464328  6.322063 12.123659 20.780046
 1.755289  3.505347  9.087634  5.895919 13.014036 20.930465
 1.914696  3.936879  7.960575  5.609140 11.556056 20.257971
 1.896855  3.376080  7.537565  6.234730 12.019079 20.405600
 1.866116  3.332770  8.294830  6.694860 11.233923 20.502142
 1.858128  3.721921  7.450909  6.880865 10.871565 22.824868
 1.807038  3.347091  8.692909  5.967261 11.829579 20.851748
 1.951697  3.480800  8.549029  6.319961 12.198167 19.841618
 1.930457  3.264229  8.713499  6.713730 14.495843 19.110028
 1.953195  3.840356  8.911944  6.569131 13.113655 20.484406
 2.074624  3.721952  8.683621  5.867664 13.141347 21.487725
 2.111537  3.783371  7.998026  6.104408 11.834799 23.404511
 1.905383  3.790486  7.566834  6.063032 13.120942 22.692275
 2.061176  3.596743  7.932477  6.254759 12.169455 21.449541
 1.691215  3.160489  6.893404  6.026377 12.514393 19.894375
 1.819393  3.859050  8.273047  5.774038 11.499061 18.308719
 1.708464  3.403025  7.980080  6.141933 12.232852 18.043427
 1.783237  3.274036  7.523551  6.025597 11.978285 21.702783
 1.720581  2.973109  8.120187  6.035071 12.344729 19.804155
 1.732463  3.491591  8.724696  6.238733 12.395929 18.960468
 1.797934  3.337540  8.213558  6.274984 11.615578 20.674560
 1.837874  3.235281  8.279430  6.159554 12.657873 19.945628
 1.642031  3.561964  8.474198  6.126683 12.290939 20.821535
 1.884858  3.717942  8.108282  7.002215 12.502625 20.169000
 2.172361  3.762335  8.494365  6.473309 12.958202 19.489098
 2.062487  3.713226  8.908752  6.076030 11.838982 20.812535
 1.790081  3.697915  8.414276  6.306817 12.973841 19.583444
 1.821634  3.224660  7.866064  6.493338 12.478765 20.083574
 1.764069  3.413336  7.982543  6.092598 12.070191 19.775877
 1.810159  3.396740  8.133318  6.129668 11.934765 21.305504
 1.875054  3.397833  7.202698  6.247405 12.111305 19.113705
 1.774579  3.223033  8.885753  6.630196 11.691305 21.106285
 1.835422  3.489375  8.956215  6.588236 12.309506 18.385728
 1.974362  3.444078  8.073078  5.990371 12.571620 20.797888
 1.807850  3.165261  8.240632  5.849836 11.507207 20.709461
 1.984397  3.405125  7.516113  5.339181 11.131171 18.644133
 1.566361  3.659812  7.682518  5.871288 11.326906 18.530304
 1.655364  3.261425  8.176670  6.678657 12.151101 18.523440
 1.760772  3.271760  8.140307  6.282157 12.712003 18.638614
 1.933784  3.426468  8.162911  6.308782 12.044362 21.925088
 1.691060  3.425581  8.685494  6.502548 12.039357 20.547621
 2.141106  3.791542  7.967394  6.628348 12.464619 22.909697
 1.690146  3.432176  8.927310  6.610630 12.255511 18.924110
 1.821325  3.166762  8.758209  5.747812 11.359206 19.698634
 1.618220  2.856888  7.970771  6.722346 11.029844 19.650446
 1.741971  3.550905  9.044439  6.445499 11.882585 18.462410
 1.656023  3.248911  6.911238  5.745045 13.897435 19.433665
 1.801130  3.411180  7.894065  6.069715 12.031141 19.442959
 1.883515  3.558715  7.325990  6.001344 12.400529 21.723052
 1.762723  3.271666  9.431853  5.661398 12.672367 22.060733
 1.648827  3.297510  7.936297  5.228955 12.079101 19.715140
 1.817613  3.728983  8.613669  5.734753 12.714848 20.672631
 1.660960  3.632647  7.776184  6.188691 12.480668 19.892516
 1.784129  3.446738  8.072982  5.691227 11.270668 20.618059
 1.554293  3.025141  8.011620  5.584581 12.246744 19.958587
 1.749614  3.057978  7.311726  5.959784 11.427925 19.818393
 1.889754  3.167659  8.037471  5.449060 11.714001 21.034339
 1.964803  3.545196  8.685274  6.438432 13.495998 22.931141
 1.848376  3.044054  8.465147  6.353062 11.384767 19.882844
 1.691401  3.470236  8.302308  5.708644 11.444211 19.211245
 1.782822  3.738330  8.224173  6.318544 11.009489 21.588775
 1.799333  3.552528  7.341829  5.545186 12.980946 18.537146
 1.711491  3.318527  8.146146  5.285071 11.057365 19.134729
 1.568684  3.668652  8.817257  6.016058 12.017205 18.164719
 1.971658  3.484104  8.817972  6.281015 11.845369 20.209329
 1.798419  3.308242  8.585027  6.312904 11.391772 18.976172
 1.702510  3.642829  8.012891  6.052253 11.952784 21.121272
 1.913272  3.525086  8.435621  5.598503 11.438546 19.309316
 1.972311  3.178032  8.357660  5.468006 11.848323 19.023519
 1.886874  3.156648  8.753370  5.940566 12.206173 19.802017
 1.830448  3.389062  8.285854  6.482635 12.918905 19.247901
 1.847765  3.245020  7.241119  6.197495 12.857117 20.364164
 1.735279  3.492597  8.814575  6.097782 10.772046 19.451993
 1.635502  3.206025  8.026016  6.212909 11.310221 18.884741
 1.739888  3.195181  7.803947  5.360804 12.243600 19.209964
 1.699918  3.893980  8.593787  5.754451 11.526249 20.530248
 1.973081  3.425007  8.387506  5.896290 12.946445 18.261706
 1.673817  3.263935  7.560370  6.227344 12.458754 17.251842
 1.657129  3.397909  7.351511  6.074475 12.055838 19.950203
 1.885937  3.748953  7.945093  6.518560 11.467660 22.081609
 1.918717  3.679309  7.144709  6.505831 12.326275 20.909637
 2.076273  4.032624  7.881918  6.130779 12.196761 22.404973
 1.823825  3.487840  8.018136  6.239649 11.141091 19.916878
 1.858946  3.079092  8.075128  6.561011 12.612298 20.321485
 1.833285  3.300434  7.610368  5.883884 11.408046 20.034064
 1.723632  3.315906  7.730374  6.242151 11.177644 20.453632
 1.806676  3.415792  7.937639  5.938835 12.273426 19.935252
 2.062620  3.326524  7.970607  5.635116 12.165002 20.029665
 1.804415  3.670572  7.948962  6.248604 12.617298 20.301793
 1.726268  3.770415  8.553997  6.365675 11.073455 19.141925
 1.782325  3.715271  7.875285  5.858702 11.791617 18.128163
 1.724420  3.543061  8.551037  5.783852 11.766135 18.379111
 1.813486  3.702171  8.371748  5.974761 11.969276 19.706933
 1.826771  3.483913  8.205882  5.990423 12.212860 20.054627
 1.758055  3.320035  8.123338  5.777720 12.085584 21.454666
 1.725990  3.195486  7.371132  6.399094 12.035199 20.879292
 1.819703  3.654319  7.636351  6.581626 13.294574 20.707228
 1.817338  3.293363  7.834860  6.640787 12.037957 20.648946
 1.756242  3.141889  8.441083  5.480578 13.288122 18.491219
 1.846547  2.697980  8.463813  5.940805 12.692405 19.863161
 1.825091  3.378508  7.906903  5.677959 10.626449 17.923598
 1.734324  3.276952  6.983628  6.448180 11.967728 19.757829
 1.789486  3.392219  8.093254  5.884198 10.819520 18.454332
 1.845345  3.149063  7.954537  5.892529 11.416201 19.081024
 1.693598  3.186556  7.970612  5.985567 11.378055 18.004314
 1.755689  3.192607  7.550620  6.047552 11.650727 22.132361
 1.563188  3.728062  7.321178  5.656781 11.171583 18.233368
 1.704520  3.229644  7.676329  6.226235 11.270017 19.147970
 1.650443  2.972939  7.515022  5.550150 11.423974 18.985464
 1.744222  3.293393  7.929689  6.195934 11.401824 17.398821
 1.858161  3.071647  8.534711  6.270209 11.794638 16.560228
 1.891462  3.605159  7.890380  5.667306 11.352161 20.629871
 1.820087  3.275722  7.465956  6.088297 11.997801 18.903697
 1.763176  3.296960  8.397540  5.747677 12.064497 18.942443
 1.849718  3.579213  8.529204  5.993930 11.058836 20.335344
 1.675450  3.330959  8.252406  5.351811 10.916030 19.550273
 1.828157  3.115291  6.654356  5.835751 12.130880 21.024322
 1.648795  3.153795  8.030926  5.716635 11.868056 19.427531
 1.889619  3.219961  8.916587  5.887483 12.122369 20.839454
 1.752620  3.350537  8.603590  5.580974 11.715840 19.825335
 1.783415  3.301148  8.071907  5.708497 11.135423 20.086407
 1.814239  3.899522  7.799326  5.780559 11.515148 20.149067
 1.746163  3.284207  7.913048  5.744129 11.469035 19.582594
 1.698941  3.308226  7.601591  5.790120 10.690506 20.751794
 1.920878  3.549837  7.342439  5.937504 11.261590 19.588073
 1.793034  3.541249  8.185216  5.682989 11.391385 20.218648
 1.770817  3.422865  7.589801  6.162351 11.174105 20.390987
 1.956389  3.403439  7.817382  5.889432 11.365187 22.639941
 1.895663  3.134004  7.637419  5.560284 11.519988 22.455062
 1.698734  3.337048  8.833235  6.023253 12.478847 18.314278
 1.959348  3.687634  8.016585  6.452314 13.309399 22.765070
 1.774826  3.370395  7.947292  6.662091 12.742662 21.053377
 1.940151  3.478390  8.343379  6.509927 12.341058 23.571151
 1.751084  3.526306  7.634288  5.786894 11.342554 18.673382
 1.620857  3.110398  9.075313  5.558893 11.043158 21.696065
 1.793597  3.070965  7.952174  6.328825 11.429164 19.628584
 2.036421  3.533269  7.736450  5.646618 11.704265 21.917727
 1.880326  3.627977  7.835155  6.069219 12.284395 22.049600
 1.921712  3.522695  7.977720  6.281138 12.692386 22.311062
 1.676993  3.125662  8.117861  5.807559 11.145675 19.950936
 2.007676  2.939982  7.695200  6.257260 11.500531 19.199403
 1.704036  3.438138  9.172507  6.729297 12.265070 18.083214
 1.808542  3.836715  9.054536  5.727498 12.645227 18.665944
 1.926532  3.413937  8.084735  6.412153 11.269130 21.050448
 1.774105  3.395782  8.130823  6.920028 11.736496 19.650632
 1.906155  3.672150  8.345049  6.988301 11.612968 20.481549
 1.616868  3.487546  7.428725  6.618096 11.572244 19.916023
 1.854360  3.071379  7.935893  6.053337 12.842210 18.977887
 1.772315  3.206084  8.017435  6.127711 13.032026 20.102026
 1.654346  3.351719  8.045231  6.890991 10.965881 20.115782
 1.947595  3.308685  8.333914  6.140014 10.988551 22.964299
 1.831122  3.239685  7.723299  6.452959 11.613688 21.590460
 1.879087  3.444010  8.352746  6.136547 12.241866 20.577483
 2.040929  3.184823  8.174628  6.200684 11.315108 20.555302
 1.948723  3.340213  8.566886  6.404255 13.473300 23.234027
 1.871314  3.079185  8.040776  6.855301 12.027769 21.051492
 1.886196  3.765791  7.743070  6.822606 11.286769 21.627103
 1.790514  3.258698  7.811502  5.900031 12.121261 21.239204
 2.046237  3.680806  8.257384  6.820089 12.527000 21.178046
 2.121818  3.603396  8.987681  6.960238 11.873324 20.243161
 1.761716  3.513696  7.318273  6.570681 13.083705 18.836079
 1.879924  3.617805  7.351206  6.340950 11.580721 19.897643
 1.980074  3.486863  8.685144  6.849158 11.688689 20.250192
 1.790196  3.388124  7.726213  6.388613 12.567188 20.242646
 1.868029  3.491215  8.905973  6.516224 11.619818 22.783127
 1.810613  3.237173  7.875775  6.579455 11.222030 20.173103
 1.883595  3.743154  8.166810  6.871696 11.706624 18.204614
 1.663619  3.273715  7.957811  6.349432 13.363939 17.037172
 1.920242  3.734688  8.357021  6.405285 11.353984 20.401120
 1.812411  3.265613  7.700974  6.589258 12.426439 21.898988
 1.927873  3.237906  8.073450  5.912418 11.794828 17.906384
 1.867727  3.504886  8.880065  7.130049 12.468953 22.522584
 1.846505  3.249513  8.047641  6.312577 12.162845 21.035668
 1.851441  3.580701  8.089620  6.190961 11.878808 18.535264
 2.085244  3.569791  8.125176  5.376432 12.070882 19.992356
 1.624045  3.539515  7.807665  5.601935 11.530772 17.560327
 1.758766  3.067459  7.802388  5.367520 11.234260 17.085785
 1.929974  3.746993  7.927110  6.151062 12.452534 24.136511
 1.893917  3.227924  8.190057  6.329191 12.387645 20.244979
 1.839466  3.550312  8.463501  6.533547 12.048722 18.771546
 1.756397  3.718678  8.153760  6.637258 12.180959 23.276472
 1.650529  3.437066  7.488660  6.620102 12.317859 22.177423
 1.706156  3.033090  7.662067  5.774128 11.005615 21.947630
 1.751122  3.548862  7.195376  6.180718 11.642230 19.551630
 1.830819  3.346545  8.207933  7.126454 11.400396 21.349537
 1.787751  3.580151  7.752648  5.535721 12.080347 18.382216
 1.735885  3.015720  7.124333  6.539724 12.176002 19.743956
 1.796852  3.097911  8.126196  6.384090 12.109429 19.113131
 1.951634  3.549452  8.532195  5.904890 12.263390 19.959305
 1.724816  3.292395  7.988235  6.334959 11.901222 18.566827
 1.706531  3.117367  7.439367  5.239801 11.761855 20.899329
 1.991739  3.389443  6.690552  6.486970 10.519105 20.574497
 1.941562  3.484523  8.215571  5.953711 11.651672 19.704023
 1.785797  3.501349  7.876613  5.798229 12.963275 21.016134
 1.656398  3.712196  7.771370  5.302177 11.770074 19.712075
 1.606822  3.322544  8.183219  6.578359 12.592973 20.579298
 1.818014  3.519840  7.180509  5.973511 10.813770 18.728869
 1.646891  3.315809  7.489018  5.567841 13.028978 19.597830
 1.703322  3.102323  7.995262  6.333087 12.183676 19.264326
 1.672322  3.306593  8.307969  5.868345 11.371074 19.277459
 1.681237  3.401445  7.729112  5.618656 11.516341 21.641592
 1.827815  3.619684  7.789001  6.196017 12.050135 20.585266
 1.989707  3.399291  7.757765  6.048383 11.390719 20.367962
 1.801352  3.464075  7.883864  5.525443 11.297161 19.886693
 1.998500  3.195027  7.977171  6.452273 12.075546 21.110923
 1.872374  3.442397  7.893686  6.186706 11.520849 18.512467
 1.871184  3.157033  7.874002  6.491590 12.055529 19.382916
 1.657185  2.958304  7.965509  5.764106 11.218715 20.665056
 1.688249  3.241035  7.433064  5.523443 10.217813 20.607856
 1.648352  3.228341  8.036158  5.999009 11.061484 21.367720
 1.814552  2.980331  8.607293  6.188715 12.585648 21.253453
 1.795075  3.463004  7.745751  5.938423 13.089058 20.930465
 1.687600  3.652690  8.326096  5.582743 11.966355 22.707819
 1.999958  3.105512  7.242816  5.737495 12.808599 19.918323
 1.838638  3.307531  7.685493  5.919920 10.759262 19.324692
 1.856843  3.356561  7.716588  6.301783 11.500610 19.542913
 1.939116  3.617972  9.353594  6.438174 13.353742 22.030886
 2.011288  3.331464  8.365243  6.022128 11.393752 22.206462
 1.737393  3.469057  9.130881  6.337147 12.424426 22.504526
 1.739415  3.579217  7.953409  5.911285 13.187290 20.652267
 1.818291  3.472538  8.333021  6.140841 10.798754 18.985399
 1.818544  3.617074  8.818681  4.876181 11.241355 19.925010
 1.743930  3.518082  8.087853  5.907461 11.606085 18.581776
 1.773212  3.425193  8.291129  6.336887 12.175635 21.729337
 1.865508  3.012327  7.450620  6.762537 11.393168 21.543341
 1.834131  3.561609  8.797517  6.291912 10.645520 19.158333
 2.005503  3.656689  8.544232  6.528339 11.863730 20.156035
 1.814520  3.690561  8.859170  6.202435 13.409658 20.304441
 1.995700  3.575321  7.244256  6.411119 13.470863 23.312855
 1.798689  3.613231  7.845046  6.570045 11.019780 19.742074
 1.782017  3.837097  8.189828  5.690576 13.588722 22.520213
 1.754709  3.253092  7.514168  6.301391 12.863767 17.968802
 1.946211  3.220243  8.290111  6.586402 11.143431 22.069006
 1.895827  3.459463  8.882613  6.344899 11.787569 21.395170
 1.761117  3.413505  8.179726  5.759593 10.903484 19.976678
 2.044251  3.576934  8.836342  6.620845 13.629738 20.564149
 1.958411  3.755537  7.741822  6.964393 12.182974 20.287740
 1.980260  3.410491  8.198382  6.534229 12.481219 20.365576
 1.804916  3.462443  7.827544  6.426886 11.542964 17.819109
 1.850301  3.497855  8.856625  5.630262 12.570279 19.395804
 1.930238  3.379180  7.674275  6.398793 11.645868 20.066605
 1.985785  3.882503  8.291450  5.917744 12.288312 19.714894
 1.935411  3.230544  8.585458  6.086638 11.886417 20.539960
 1.985727  3.666875  8.674978  6.766245 12.498201 19.324746
 1.864828  3.369933  7.922902  6.629473 12.118971 20.160494
 1.913967  3.312040  8.306846  5.682017 12.715769 20.775984
 2.049300  3.392367  8.136534  6.617657 11.505292 20.874687
 1.758912  3.518824  7.953267  6.151145 11.713979 19.630935
 1.935714  3.311298  8.259009  6.057695 13.919052 21.457143
 1.971183  3.509998  7.786363  5.802999 12.410907 16.896161
 1.805902  3.537993  8.520287  5.723075 13.765081 22.573724
 1.908648  3.535438  8.113000  5.914810 11.155715 18.638067
 1.797865  3.476187  7.537324  5.945768 11.887813 20.147637
 1.789848  3.476517  8.560340  5.848861 12.022485 18.828150
 1.792484  3.700289  8.416911  6.305858 12.548708 19.820096
 1.947480  3.554216  8.318498  6.433606 11.837148 21.971064
 1.743624  3.424827  8.060326  6.194926 11.107293 18.600065
 1.826626  3.916918  8.146271  5.806550 12.670824 18.055607
 1.835449  3.322509  8.459614  6.727417 11.744938 20.718924
 1.743819  3.296953  7.762324  6.466566 11.537896 20.893340
 1.878788  3.019488  8.051920  6.590211 12.233707 18.945201
 1.781683  3.637123  7.452918  5.671706 12.535928 20.285688
 1.857209  3.562389  8.443733  5.895006 12.932531 20.672104
 1.827603  3.738422  8.696136  6.705347 12.247163 20.153565
 1.834094  3.458814  8.001840  6.035005 12.516289 19.245862
 1.891747  3.519236  8.246890  6.171040 13.626802 18.170760
 1.688879  3.253249  8.070717  6.168429 13.747410 19.896852
 2.098755  3.338651  7.644690  5.496208 11.313357 21.244162
 1.718855  3.651751  7.862293  5.510137 11.395879 20.950916
 1.781050  3.425471  8.219766  6.371980 11.917443 19.413009
 1.950983  3.561576  7.929911  6.175082 11.379309 21.114117
 1.681069  3.086886  8.230904  6.178700 11.733637 17.614402
 1.755322  3.604155  8.097611  6.147285 11.751796 20.556140
 1.853216  3.072565  8.124814  6.122415 11.372936 17.904911
 1.799757  3.203349  8.257697  6.263054 11.648603 20.764539
 1.619665  3.351625  7.727883  6.125167 11.964331 20.815142
 1.852784  3.472872  7.700523  6.141760 12.170853 21.188703
 1.842139  3.395494  9.027648  6.637394 14.924906 21.366119
 1.774153  3.692814  7.948434  6.475634 13.900609 22.020868
 1.947860  3.600258  8.697429  6.167462 12.899524 20.740000
 1.936714  3.425993  8.799373  5.940873 11.788641 20.483258
 1.961343  3.312531  8.853678  7.073115 11.800247 18.643982
 2.038501  3.420751  7.937259  6.148326 12.208157 20.247496
 1.775819  3.118908  8.038450  6.065216 12.932534 21.830118
 1.929453  3.507681  8.609953  6.713993 12.063662 21.624390
 1.881932  3.519272  8.562184  6.374843 12.462626 20.206967
 1.856028  3.625438  9.257882  6.079542 12.489201 23.414233
 1.948702  3.693453  8.459444  7.425216 13.674952 18.810586
 1.987704  3.538806  8.564800  6.426599 11.260479 20.892698
 2.069870  3.068226  7.916873  5.970924 11.800601 18.122796
 1.721680  3.443615  7.546017  5.579409 11.624066 17.631733
 1.809008  3.529533  8.273468  6.100827 11.777235 20.526206
 1.895024  3.647646  8.324619  5.845466 12.394518 18.735976
 1.664234  3.529629  8.112833  5.808804 11.334579 20.805075
 1.542101  3.221616  7.167365  5.083975 11.833574 19.025728
 1.764564  2.990211  7.668447  5.321405 11.924730 18.339554
 1.643701  3.541364  6.854402  6.054542 12.856004 19.194378
 2.026732  3.325844  7.964686  5.750947 12.809721 21.443032
 1.670536  3.398676  8.100947  6.568496 12.297418 20.780851
 1.790725  3.345285  6.907573  5.752489 12.976732 19.525347
 1.655433  3.141791  7.617895  5.640466 11.608232 18.811629
 1.731077  3.267397  7.502189  6.323541 11.371523 19.557976
 1.952290  3.543888  8.966961  5.802427 12.403660 21.457406
 1.700479  3.421160  8.033954  6.334440 12.896992 19.389597
 1.754993  3.260794  8.502239  6.360057 13.198453 21.347002
 1.999295  3.542302  8.050158  5.794865 11.966426 20.792955
 1.856452  3.619600  7.604974  5.980039 11.942882 19.225965
 2.030810  3.628880  8.988402  6.229018 12.746041 18.679299
 1.791209  3.579889  7.513101  5.791478 12.142223 21.514449
 2.080147  3.447935  8.270788  6.760917 12.134443 22.174338
 1.847415  3.393104  7.118073  6.223663 11.916163 19.055487
 1.906962  3.246509  8.139468  5.506233 10.895413 19.558252
 1.951937  3.329239  7.412603  5.910736 11.832758 18.791877
 1.679976  3.368634  7.197813  5.967261 11.126688 20.112358
 1.689922  3.143640  7.983461  5.870869 12.392104 17.937769
 1.804123  3.300690  7.363672  5.312919 11.497695 19.884367
 1.657369  3.037282  8.333122  6.109402 12.207798 20.824758
 1.739400  3.839611  8.290101  6.233230 10.097980 18.927475
 1.771616  3.116796  8.423230  6.073301 12.458585 18.706854
 2.002220  3.279775  8.732914  6.386099 11.964008 20.272219
 1.555157  3.434228  7.931010  6.213574 11.869286 18.288230
 1.848608  3.107160  8.723221  5.994965 11.263906 20.261068
 1.750106  3.370951  8.079011  5.745857 13.373681 18.960530
 1.826708  3.447768  7.310446  5.787304 13.003108 20.177843
 1.833031  3.545596  8.426415  5.845598 11.616762 17.295916
 1.685696  3.294508  8.003733  6.616333 11.394157 19.803703
 1.914366  3.144749  7.388026  5.766259 11.760874 19.272318
 1.733006  3.145565  7.588724  6.479073 12.055161 19.497061
 1.828131  3.242109  7.874119  6.311245 11.346029 22.011666
 1.763376  3.093886  7.378408  6.568691 11.005642 18.257222
 1.740782  3.339565  7.920176  6.496629 13.051710 21.689928
 1.575519  3.476571  8.176727  5.814382 12.595740 20.553917
 1.634280  3.533386  7.587575  5.773394 11.060790 19.723711
 1.746391  3.114668  7.714145  5.882359 12.096242 17.596595
 1.685971  3.267686  7.530397  5.594861 11.101790 19.976394
 1.887909  3.472521  8.428365  5.750226 11.429795 20.614901
 1.804148  3.155923  8.188909  5.645771 12.275006 19.593937
 1.863803  3.434609  7.839660  6.489615 11.856926 20.367872
 1.681906  3.419342  7.126982  6.304747 11.739913 19.937111
 1.743364  3.382366  8.180367  6.224603 12.041615 20.138358
 1.855134  3.323771  8.146761  6.163799 11.867651 18.406523
 1.869908  3.631741  8.137778  6.099148 12.998112 19.877221
 1.745717  3.447180  7.674407  6.095765 11.836227 18.709083
 1.908172  3.790713  8.343835  7.098370 13.253330 20.102117
 1.705871  3.458439  8.744432  5.779813 10.986061 16.684900
 1.768734  3.271855  8.301023  5.711111 13.050513 17.711680
 1.791829  3.082644  8.158204  5.901972 10.767877 17.813330
 1.862012  3.372219  7.732596  5.979717 11.719463 20.432755
 1.597620  3.373217  8.318661  6.230956 13.836007 19.823816
 1.914359  3.549814  7.766643  6.094777 12.126809 21.287496
 1.910625  3.585551  8.923500  6.582993 11.359973 20.322480
 1.821827  3.517749  8.189349  5.923454 12.871418 21.669602
 1.964792  3.328442  7.642351  5.933311 12.954289 21.132094
 1.683897  3.467683  7.842965  5.743899 12.325794 20.227317
 1.814919  3.175707  8.034419  5.412129 12.021611 19.294383
 1.637567  3.244375  7.463330  6.545971 13.577503 19.992347
 1.864305  3.355665  7.269608  5.773066 12.844268 19.248823
 2.062879  3.547893  8.616423  6.489753 13.261592 20.041426
 2.114658  3.764673  7.827094  6.355839 13.903322 21.193040
 1.934000  3.687865  7.313173  6.471986 12.720074 20.624366
 2.109364  3.433985  8.648023  6.576718 10.763654 22.718815
 2.058492  3.437915  7.782736  7.336014 12.723626 19.434971
 1.880204  3.535363  9.298015  6.221535 11.675100 20.565891
 2.090210  3.154791  9.283566  6.049201 11.737925 22.174784
 2.062489  3.371399  8.238566  6.455060 11.747545 19.476756
 1.848397  3.349760  7.716873  6.015612 10.749488 19.641524
 1.970488  3.391757  7.661437  6.036239 12.292174 22.022887
 1.830796  3.438335  8.229391  6.918786 12.332529 19.863681
 1.772947  3.342828  8.123039  6.178819 12.474869 19.099141
 1.828815  3.343685  8.025758  5.575973 11.757864 20.758356
 1.842611  3.573698  7.994388  6.396825 11.535751 21.381322
 1.982701  3.419129  8.121312  6.253492 11.599540 21.285012
 1.766070  3.612824  8.338745  7.208778 12.070186 20.777200
 1.684382  3.284110  8.267189  6.087403 12.012254 17.349500
 1.763182  3.201809  7.353462  5.772098 12.010508 20.980252
 1.764940  3.197632  8.597842  5.352623 10.979275 19.827968
 1.646706  3.043620  8.753163  5.817150 12.277870 20.666522
 1.633079  3.832797  7.115719  5.507808 11.312767 19.263316
 1.834086  3.230448  7.626491  5.705275 13.388311 20.439235
 1.803043  3.466097  7.707010  5.549168 10.858089 19.868753
 1.917794  3.623948  7.878567  5.808985 11.336802 19.759002
 2.057161  3.649701  7.783984  6.524639 11.326831 21.105910
 1.604706  3.348064  8.325316  5.542085 12.045912 19.753642
 1.793757  3.154509  8.691796  5.996984 11.533809 20.881985
 1.795661  3.323813  7.276059  5.824751 10.264722 18.351258
 1.653875  3.534358  7.991826  5.539101 11.650023 19.811649
 1.759667  3.547000  7.631243  5.553259 12.306035 19.979337
 2.052486  3.379906  8.303987  6.613586 13.442686 21.581064
 1.725513  3.110462  7.263600  5.843931 11.862863 18.275513
 1.842710  3.221083  7.677532  6.294132 11.889017 18.960182
 1.605980  3.440578  8.340770  5.534689 12.832439 22.524566
 1.827285  3.583522  8.028624  6.131701 10.833600 21.012929
 1.538484  3.315115  8.008427  6.177224 12.099462 18.723862
 1.602342  3.383497  8.424453  5.810343 11.974456 18.292217
 1.804971  3.459790  8.508971  6.353997 11.632273 19.752125
 1.647895  3.741728  8.138042  6.202843 12.623068 19.774667
 1.884450  3.573268  8.175170  6.417771 13.678407 18.903392
 2.061299  3.699948  8.190213  5.759769 11.313766 19.194942
 1.965822  3.137258  8.058575  5.756223 12.809099 20.899281
 1.745391  3.078818  8.108850  6.186017 11.966740 19.635769
 1.798426  3.430833  8.378244  6.136495 12.376358 19.524721
 1.845391  3.458686  8.295885  5.459507 11.294894 22.822188
 1.875970  3.483199  8.330232  6.337510 13.735374 19.063481
 1.896514  3.279670  7.446330  6.320705 12.212190 22.730715
 2.021108  3.481611  8.870184  6.341957 14.334406 22.899394
 1.923424  3.485170  7.413682  5.637981 13.514789 18.222013
 2.071636  3.450158  7.765528  6.025373 12.451880 18.712533
 1.858463  3.325343  8.293067  5.726422 11.194056 20.021122
 1.912794  3.513513  9.026248  6.343056 11.879704 18.998053
 1.950793  3.947801  8.390181  6.384675 12.626510 18.187822
 1.775836  3.390432  8.846004  6.191873 12.078066 19.623551
 1.806646  3.616125  8.832557  5.926383 12.552713 19.989299
 1.914625  3.056876  7.792590  6.765542 12.978133 21.916901
 1.929566  3.224914  8.948754  6.396897 12.930334 22.466584
 2.029203  3.657830  8.530459  6.625984 14.469183 20.600697
 1.919110  3.881101  8.457665  6.359219 11.984914 21.435281
 2.032038  3.457466  8.653100  6.392622 13.135890 22.461737
 1.758047  3.301365  8.773726  6.501073 12.454627 17.919675
 1.806495  3.313262  7.645785  6.229136 10.635285 19.064554
 1.693972  3.373690  8.391619  6.145582 12.634125 19.147743
 1.880176  3.777078  7.856958  6.027516 11.851479 19.575048
 1.738921  3.876353  8.302302  6.240698 12.013982 19.500264
 2.005850  3.481724  8.582895  6.471883 10.744892 19.593405
 1.895471  3.336087  8.102088  6.265110 11.493626 19.630566
 1.821885  3.216867  8.631537  6.216950 12.187194 21.259017
 1.806703  3.479621  8.040213  6.331704 11.255484 20.361979
 1.953032  3.170859  8.184560  6.623279 13.560392 19.920630
 1.846468  3.483770  8.092776  6.447968 13.605148 19.922545
 1.649618  3.437947  7.516877  6.598066 11.420100 19.792000
 1.974682  3.508644  8.464108  6.269435 13.074444 21.208883
 2.113909  3.688669  8.398535  6.249727 12.991257 20.361574
 1.970747  3.705222  7.905331  6.022361 10.520996 21.323041
 1.793312  3.474641  8.626211  6.286461 12.500866 18.992156
