0.000000 0.050137
0.000000 0.045989
0.000000 0.020418
0.000000 0.017112
0.000000 0.022873
0.000000 0.085778
0.000000 0.060972
0.000000 0.030213
0.000000 0.019252
0.000000 0.041859
0.000000 0.026563
0.000000 0.036081
0.000000 0.030564
0.000000 0.025088
0.000000 0.021410
0.000000 0.061328
0.000000 0.025483
0.000000 0.033674
0.000000 0.030456
0.000000 0.029607
0.000000 0.034570
0.000000 0.054840
0.000000 0.047386
0.000000 0.019505
0.000000 0.019311
0.000000 0.029764
0.000000 0.051824
0.000000 0.033507
0.000000 0.027701
0.000000 0.019089
0.000000 0.036001
0.000000 0.025909
0.000000 0.026854
0.000000 0.030692
0.000000 0.034072
0.000000 0.029983
0.000000 0.052954
0.000000 0.072122
0.000000 0.030089
0.000000 0.049082
0.000000 0.067570
0.000000 0.026598
0.000000 0.049333
0.000000 0.022485
0.000000 0.038216
0.000000 0.018792
0.000000 0.021496
0.000000 0.035148
0.000000 0.070573
0.000000 0.027333
0.000000 0.022939
0.000000 0.029393
0.000000 0.028126
0.000000 0.034630
0.000000 0.029286
0.000000 0.024267
0.000000 0.036772
0.000000 0.033690
0.000000 0.038657
0.000000 0.041256
0.000000 0.042127
0.000000 0.032925
0.000000 0.055933
0.000000 0.039701
0.000000 0.023878
0.000000 0.052871
0.000000 0.049951
0.000000 0.053998
0.000000 0.038636
0.000000 0.049500
0.000000 0.036096
0.000000 0.026222
0.000000 0.055873
0.000000 0.041703
0.000000 0.029393
0.000000 0.024626
0.000000 0.036692
0.000000 0.030839
0.000000 0.040622
0.000000 0.025220
0.000000 0.022780
0.000000 0.020115
0.000000 0.021619
0.000000 0.041134
0.000000 0.028600
0.000000 0.021380
0.000000 0.026523
0.000000 0.034397
0.000000 0.033397
0.000000 0.067650
0.000000 0.048160
0.000000 0.042834
0.000000 0.035572
0.000000 0.027007
0.000000 0.032456
0.000000 0.091136
0.000000 0.062562
0.000000 0.031171
0.000000 0.014869
0.000000 0.022033
0.000000 0.038486
0.000000 0.013485
0.000000 0.017132
0.000000 0.015762
0.000000 0.019183
0.000000 0.017369
0.000000 0.029901
0.000000 0.016013
0.000000 0.014144
0.000000 0.031028
0.000000 0.016100
0.000000 0.031966
0.000000 0.031145
0.000000 0.056318
0.000000 0.030378
0.000000 0.028042
0.000000 0.024796
0.000000 0.027329
0.000000 0.063715
0.000000 0.044282
0.000000 0.027825
0.000000 0.031824
0.000000 0.021377
0.000000 0.025103
0.000000 0.032010
0.000000 0.029974
0.000000 0.017689
0.000000 0.023209
0.000000 0.021379
0.000000 0.025612
0.000000 0.097064
0.000000 0.030336
0.000000 0.023374
0.000000 0.088352
0.000000 0.043171
0.000000 0.025470
0.000000 0.037782
0.000000 0.037742
0.000000 0.066519
0.000000 0.036323
0.000000 0.026196
0.000000 0.028993
0.000000 0.048832
0.000000 0.030189
0.000000 0.081411
0.000000 0.027193
0.000000 0.028875
0.000000 0.055155
0.000000 0.043289
0.000000 0.037149
0.000000 0.027724
0.000000 0.015198
0.000000 0.023653
0.000000 0.028463
0.000000 0.041787
0.000000 0.037462
0.000000 0.019481
0.000000 0.017369
0.000000 0.025947
0.000000 0.023674
0.000000 0.030226
0.000000 0.025785
0.000000 0.092504
0.000000 0.023774
0.000000 0.025776
0.000000 0.029781
0.000000 0.051242
0.000000 0.049214
0.000000 0.038007
0.000000 0.024787
0.000000 0.018043
0.000000 0.054488
0.000000 0.033038
0.000000 0.025701
0.000000 0.034065
0.000000 0.032977
0.000000 0.034030
0.000000 0.042278
0.000000 0.055544
0.000000 0.035669
0.000000 0.021519
0.000000 0.024237
0.000000 0.024148
0.000000 0.035582
0.000000 0.036298
0.000000 0.018610
0.000000 0.029656
0.000000 0.031541
0.000000 0.025198
0.000000 0.036822
0.000000 0.034466
0.000000 0.032455
0.000000 0.022630
0.000000 0.023844
0.000000 0.041826
0.000000 0.045765
0.000000 0.047709
0.000000 0.021680
0.000000 0.027192
0.000000 0.015426
0.000000 0.026384
0.000000 0.016943
0.000000 0.016654
0.000000 0.028991
0.000000 0.028073
0.000000 0.029837
0.000000 0.040389
0.000000 0.025978
0.000000 0.024225
0.000000 0.023818
0.000000 0.021108
0.000000 0.020676
0.000000 0.047645
0.000000 0.023473
0.000000 0.024353
0.000000 0.022393
0.000000 0.033731
0.000000 0.037408
0.000000 0.038970
0.000000 0.023410
0.000000 0.045956
0.000000 0.024237
0.000000 0.030594
0.000000 0.020269
0.000000 0.023316
0.000000 0.044553
0.000000 0.058493
0.000000 0.031554
0.000000 0.020134
0.000000 0.016168
0.000000 0.017576
0.000000 0.025390
0.000000 0.018881
0.000000 0.022905
0.000000 0.029213
0.000000 0.042082
0.000000 0.017288
0.000000 0.029015
0.000000 0.018029
0.000000 0.015073
0.000000 0.026064
0.000000 0.029165
0.000000 0.065055
0.000000 0.022908
0.000000 0.055171
0.000000 0.031502
0.000000 0.047559
0.000000 0.037259
0.000000 0.049093
0.000000 0.016569
0.000000 0.026610
0.000000 0.015727
0.000000 0.014716
0.000000 0.013901
0.000000 0.055610
0.000000 0.044324
0.000000 0.030804
0.000000 0.032089
0.000000 0.020828
0.000000 0.040058
0.000000 0.064866
0.000000 0.039457
0.000000 0.050367
0.000000 0.031784
0.000000 0.015216
0.000000 0.036057
0.000000 0.017614
0.000000 0.020711
0.000000 0.021632
0.000000 0.019055
0.000000 0.011802
0.000000 0.022885
0.000000 0.024752
0.000000 0.009834
0.000000 0.015094
0.000000 0.020414
0.000000 0.012332
0.000000 0.017870
0.000000 0.016407
0.000000 0.014836
0.000000 0.018488
0.000000 0.025537
0.000000 0.015290
0.000000 0.024158
0.000000 0.018308
0.000000 0.023435
0.000000 0.023649
0.000000 0.038095
0.000000 0.078292
0.000000 0.035282
0.000000 0.024326
0.000000 0.014822
0.000000 0.036211
0.000000 0.046957
0.000000 0.023587
0.000000 0.032008
0.000000 0.041831
0.000000 0.053056
0.000000 0.020881
0.000000 0.027288
0.000000 0.052695
0.000000 0.036241
0.000000 0.031563
0.000000 0.029703
0.000000 0.029748
0.000000 0.029605
0.000000 0.034538
0.000000 0.044319
0.000000 0.028190
0.000000 0.034604
0.000000 0.031348
0.000000 0.024642
0.000000 0.028789
0.000000 0.016776
0.000000 0.017339
0.000000 0.031491
0.000000 0.015370
0.000000 0.021087
0.000000 0.018208
0.000000 0.029441
0.000000 0.022954
0.000000 0.020336
0.000000 0.023498
0.000000 0.015857
0.000000 0.021557
0.000000 0.017068
0.000000 0.025124
0.000000 0.023470
0.000000 0.015527
0.000000 0.031185
0.000000 0.021911
0.000000 0.042387
0.000000 0.078054
0.000000 0.034223
0.000000 0.030645
0.000000 0.043788
0.000000 0.034542
0.000000 0.037845
0.000000 0.017376
0.000000 0.028983
0.000000 0.017421
0.000000 0.023775
0.000000 0.017132
0.000000 0.012957
0.000000 0.020243
0.000000 0.014083
0.000000 0.034516
0.000000 0.038057
0.000000 0.055524
0.000000 0.017629
0.000000 0.029108
0.000000 0.033080
0.000000 0.024681
0.000000 0.024028
0.000000 0.024110
0.000000 0.020908
0.000000 0.031455
0.000000 0.022155
0.000000 0.068286
0.000000 0.016770
0.000000 0.027598
0.000000 0.034850
0.000000 0.025584
0.000000 0.025833
0.000000 0.021125
0.000000 0.030430
0.000000 0.023341
0.000000 0.015264
0.000000 0.016114
0.000000 0.023249
0.000000 0.034471
0.000000 0.021356
0.000000 0.021876
0.000000 0.017133
0.000000 0.028322
0.000000 0.024016
0.000000 0.031514
0.000000 0.024846
0.000000 0.027656
0.000000 0.021097
0.000000 0.015022
0.000000 0.043258
0.000000 0.027518
0.000000 0.015929
0.000000 0.013896
0.000000 0.034579
0.000000 0.036325
0.000000 0.059000
0.000000 0.035772
0.000000 0.022434
0.000000 0.025223
0.000000 0.030176
0.000000 0.043575
0.000000 0.033670
0.000000 0.015071
0.000000 0.024910
0.000000 0.031707
0.000000 0.032518
0.000000 0.024674
0.000000 0.036231
0.000000 0.048099
0.000000 0.032136
0.000000 0.037658
0.000000 0.037304
0.000000 0.031886
0.000000 0.026129
0.000000 0.024217
0.000000 0.036244
0.000000 0.029234
0.000000 0.031929
0.000000 0.024975
0.000000 0.030520
0.000000 0.032674
0.000000 0.042619
0.000000 0.051035
0.000000 0.038069
0.000000 0.022683
0.000000 0.058441
0.000000 0.086558
0.000000 0.022041
0.000000 0.037173
0.000000 0.027862
0.000000 0.022631
0.000000 0.016326
0.000000 0.030027
0.000000 0.021496
0.000000 0.032218
0.000000 0.026719
0.000000 0.018273
0.000000 0.057702
0.000000 0.024792
0.000000 0.020295
0.000000 0.055607
0.000000 0.022717
0.000000 0.016913
0.000000 0.015333
0.000000 0.026514
0.000000 0.017886
0.000000 0.037240
0.000000 0.087392
0.000000 0.060252
0.000000 0.051197
0.000000 0.031664
0.000000 0.022145
0.000000 0.031084
0.000000 0.080079
0.000000 0.035749
0.000000 0.041152
0.000000 0.043702
0.000000 0.033859
0.000000 0.027839
0.000000 0.102628
0.000000 0.110610
0.000000 0.030128
0.000000 0.063020
0.000000 0.079698
0.000000 0.049835
0.000000 0.024673
0.000000 0.022417
0.000000 0.033920
0.000000 0.052060
0.000000 0.043857
0.000000 0.021588
0.000000 0.038950
0.000000 0.028090
0.000000 0.025927
0.000000 0.042426
0.000000 0.030245
0.000000 0.032394
0.000000 0.019501
0.000000 0.036575
0.000000 0.020880
0.000000 0.025005
0.000000 0.029545
0.000000 0.038318
0.000000 0.023489
0.000000 0.039867
0.000000 0.038443
0.000000 0.048863
0.000000 0.026860
0.000000 0.017692
0.000000 0.039776
0.000000 0.060957
0.000000 0.084749
0.000000 0.033670
0.000000 0.020792
0.000000 0.030179
0.000000 0.022820
0.000000 0.029507
0.000000 0.018992
0.000000 0.020184
0.000000 0.021531
0.000000 0.052770
0.000000 0.041989
0.000000 0.039370
0.000000 0.029194
0.000000 0.090919
0.000000 0.040076
0.000000 0.040727
0.000000 0.051411
0.000000 0.039769
0.000000 0.039017
0.000000 0.019948
0.000000 0.012574
0.000000 0.013974
0.000000 0.014591
0.000000 0.011606
0.000000 0.035548
0.000000 0.017548
0.000000 0.016480
0.000000 0.017824
0.000000 0.018117
0.000000 0.026046
0.000000 0.035469
0.000000 0.035637
0.000000 0.029540
0.000000 0.031128
0.000000 0.033419
0.000000 0.041209
0.000000 0.022524
0.000000 0.026842
0.000000 0.025528
0.000000 0.046021
0.000000 0.032387
0.000000 0.035184
0.000000 0.042540
0.000000 0.046484
0.000000 0.018336
0.000000 0.060683
0.000000 0.028261
0.000000 0.021669
0.000000 0.032155
0.000000 0.014001
0.000000 0.024458
0.000000 0.030301
0.000000 0.020017
0.000000 0.026012
0.000000 0.024485
0.000000 0.027550
0.000000 0.026768
0.000000 0.040847
0.000000 0.024657
0.000000 0.021750
0.000000 0.019991
0.000000 0.018667
0.000000 0.032378
0.000000 0.018193
0.000000 0.026767
0.000000 0.047227
0.000000 0.031369
0.000000 0.045454
0.000000 0.018563
0.000000 0.036544
0.000000 0.031575
0.000000 0.031326
0.000000 0.019481
0.000000 0.009408
0.000000 0.018856
0.000000 0.028602
0.000000 0.050647
0.000000 0.039732
0.000000 0.027832
0.000000 0.047702
0.000000 0.015629
0.000000 0.036546
0.000000 0.052949
0.000000 0.017272
0.000000 0.040567
0.000000 0.029490
0.000000 0.018359
0.000000 0.030937
0.000000 0.024727
0.000000 0.018686
0.000000 0.036921
0.000000 0.036913
0.000000 0.036776
0.000000 0.023064
0.000000 0.027041
0.000000 0.038477
0.000000 0.015009
0.000000 0.013874
0.000000 0.025093
0.000000 0.037361
0.000000 0.024022
0.000000 0.027217
0.000000 0.024201
0.000000 0.017007
0.000000 0.017553
0.000000 0.018123
0.000000 0.015914
0.000000 0.020397
0.000000 0.014316
0.000000 0.011316
0.000000 0.015923
0.000000 0.019266
0.000000 0.017140
0.000000 0.023589
0.000000 0.030815
0.000000 0.054618
0.000000 0.027446
0.000000 0.022312
0.000000 0.020005
0.000000 0.033763
0.000000 0.073997
0.000000 0.115870
0.000000 0.056937
0.000000 0.016598
0.000000 0.026950
0.000000 0.023167
0.000000 0.024654
0.000000 0.021604
0.000000 0.062395
0.000000 0.033383
0.000000 0.032694
0.000000 0.020046
0.000000 0.066963
0.000000 0.027317
0.000000 0.026915
0.000000 0.039240
0.000000 0.032194
0.000000 0.031224
0.000000 0.030062
0.000000 0.018140
0.000000 0.016924
0.000000 0.024669
0.000000 0.020499
0.000000 0.017867
0.000000 0.030749
0.000000 0.028807
0.000000 0.026710
0.000000 0.073599
0.000000 0.021338
0.000000 0.026750
0.000000 0.028754
0.000000 0.037816
0.000000 0.051999
0.000000 0.112862
0.000000 0.032500
0.000000 0.034722
0.000000 0.026172
0.000000 0.046117
0.000000 0.046876
0.000000 0.038915
0.000000 0.044333
0.000000 0.042277
0.000000 0.037663
0.000000 0.031959
0.000000 0.027007
0.000000 0.053022
0.000000 0.109489
0.000000 0.039425
0.000000 0.068238
0.000000 0.027826
0.000000 0.023060
0.000000 0.031978
0.000000 0.019247
0.000000 0.022375
0.000000 0.044692
0.000000 0.026302
0.000000 0.031567
0.000000 0.025542
0.000000 0.026304
0.000000 0.033732
0.000000 0.041900
0.000000 0.020425
0.000000 0.025891
0.000000 0.019067
0.000000 0.015950
0.000000 0.014514
0.000000 0.010801
0.000000 0.020594
0.000000 0.018778
0.000000 0.023970
0.000000 0.023627
0.000000 0.019344
0.000000 0.013925
0.000000 0.022621
0.000000 0.011756
0.000000 0.012615
0.000000 0.014726
0.000000 0.012928
0.000000 0.015507
0.000000 0.026220
0.000000 0.018140
0.000000 0.032051
0.000000 0.028125
0.000000 0.014817
0.000000 0.029263
0.000000 0.024282
0.000000 0.024101
0.000000 0.020176
0.000000 0.021325
0.000000 0.022938
0.000000 0.017463
0.000000 0.021542
0.000000 0.015292
0.000000 0.019953
0.000000 0.030919
0.000000 0.090971
0.000000 0.033083
0.000000 0.036774
0.000000 0.023999
0.000000 0.041703
0.000000 0.013288
0.000000 0.030002
0.000000 0.014989
0.000000 0.021920
0.000000 0.012626
0.000000 0.008276
0.000000 0.013757
0.000000 0.011358
0.000000 0.010163
0.000000 0.020758
0.000000 0.016517
0.000000 0.015826
0.000000 0.017077
0.000000 0.013034
0.000000 0.020192
0.000000 0.023584
0.000000 0.050484
0.000000 0.024707
0.000000 0.025941
0.000000 0.024718
0.000000 0.025020
0.000000 0.021559
0.000000 0.027034
0.000000 0.056231
0.000000 0.026716
0.000000 0.024072
0.000000 0.020642
0.000000 0.021910
0.000000 0.026226
0.000000 0.017749
0.000000 0.031368
0.000000 0.043217
0.000000 0.030851
0.000000 0.034691
0.000000 0.030446
0.000000 0.014828
0.000000 0.045555
0.000000 0.032152
0.000000 0.055085
0.000000 0.054054
0.000000 0.017248
0.000000 0.025805
0.000000 0.024327
0.000000 0.022043
0.000000 0.016261
0.000000 0.029382
0.000000 0.020577
0.000000 0.046430
0.000000 0.031277
0.000000 0.045123
0.000000 0.047277
0.000000 0.078625
0.000000 0.113210
0.000000 0.052403
0.000000 0.106553
0.000000 0.036964
0.000000 0.071460
0.000000 0.079745
0.000000 0.052885
0.000000 0.033165
0.000000 0.022475
0.000000 0.031800
0.000000 0.025953
0.000000 0.038035
0.000000 0.022030
0.000000 0.031895
0.000000 0.029183
0.000000 0.031913
0.000000 0.040075
0.000000 0.041883
0.000000 0.023949
0.000000 0.024250
0.000000 0.023912
0.000000 0.018441
0.000000 0.032940
0.000000 0.023994
0.000000 0.034406
0.000000 0.020950
0.000000 0.024502
0.000000 0.021884
0.000000 0.031875
0.000000 0.015685
0.000000 0.040930
0.000000 0.056989
0.000000 0.026660
0.000000 0.019916
0.000000 0.021738
0.000000 0.023952
0.000000 0.057148
0.000000 0.024916
0.000000 0.018000
0.000000 0.049005
0.000000 0.037099
0.000000 0.019836
0.000000 0.019934
0.000000 0.029456
0.000000 0.026883
0.000000 0.028615
0.000000 0.043098
0.000000 0.040793
0.000000 0.019475
0.000000 0.033306
0.000000 0.023652
0.000000 0.021728
0.000000 0.015015
0.000000 0.022947
0.000000 0.029721
0.000000 0.025503
0.000000 0.030233
0.000000 0.026402
0.000000 0.016647
0.000000 0.018248
0.000000 0.028554
0.000000 0.044048
0.000000 0.031584
0.000000 0.027949
0.000000 0.053996
0.000000 0.051737
0.000000 0.027398
0.000000 0.113990
0.000000 0.086089
0.000000 0.039294
0.000000 0.025675
0.000000 0.024104
0.000000 0.038654
0.000000 0.036542
0.000000 0.020835
0.000000 0.037876
0.000000 0.035330
0.000000 0.056873
0.000000 0.022613
0.000000 0.020181
0.000000 0.025601
0.000000 0.039013
0.000000 0.016515
0.000000 0.026003
0.000000 0.023760
0.000000 0.025675
0.000000 0.018875
0.000000 0.018080
0.000000 0.015889
0.000000 0.017142
0.000000 0.017444
0.000000 0.019458
0.000000 0.067605
0.000000 0.071468
0.000000 0.036665
0.000000 0.054153
0.000000 0.043785
0.000000 0.026234
0.000000 0.015827
0.000000 0.031747
0.000000 0.026170
0.000000 0.032861
0.000000 0.016537
0.000000 0.015326
0.000000 0.019874
0.000000 0.036498
0.000000 0.025772
0.000000 0.028879
0.000000 0.021895
0.000000 0.030217
0.000000 0.028157
0.000000 0.039165
0.000000 0.022565
0.000000 0.012842
0.000000 0.014864
0.000000 0.026749
0.000000 0.032602
0.000000 0.021688
0.000000 0.023152
0.000000 0.010599
0.000000 0.014214
0.000000 0.012457
0.000000 0.020750
0.000000 0.016880
0.000000 0.016784
0.000000 0.022062
0.000000 0.020816
0.000000 0.017069
0.000000 0.019486
0.000000 0.026018
0.000000 0.025098
0.000000 0.016343
0.000000 0.025713
0.000000 0.024373
0.000000 0.019576
0.000000 0.035895
0.000000 0.014505
0.000000 0.025165
0.000000 0.031764
0.000000 0.045795
0.000000 0.037949
0.000000 0.046197
0.000000 0.016590
0.000000 0.022404
0.000000 0.033742
