  1   5
  1   2
  2   5
  2   6
  2   3
  3   6
  3   7
  3   4
  4   7
  4   8
  5  11
  5  12
  5   6
  6  12
  6  13
  6   7
  7  13
  7  14
  7   8
  8  14
  8  15
  8   9
  9  15
  9  16
  9  10
 10  16
 10  17
 11  21
 11  12
 12  21
 12  22
 12  13
 13  22
 13  23
 13  14
 14  23
 14  24
 14  15
 15  24
 15  25
 15  16
 16  25
 16  26
 16  17
 17  26
 17  27
 17  18
 18  27
 18  28
 18  19
 19  28
 19  29
 19  20
 20  29
 20  30
 21  34
 21  22
 22  34
 22  35
 22  23
 23  35
 23  36
 23  24
 24  36
 24  37
 24  25
 25  37
 25  38
 25  26
 26  38
 26  39
 26  27
 27  39
 27  40
 27  28
 28  40
 28  41
 28  29
 29  41
 29  42
 29  30
 30  42
 30  43
 30  31
 31  43
 31  44
 31  32
 32  44
 32  45
 32  33
 33  45
 33  46
 34  35
 35  36
 36  49
 36  37
 37  49
 37  50
 37  38
 38  50
 38  51
 38  39
 39  51
 39  52
 39  40
 40  52
 40  53
 40  41
 41  53
 41  54
 41  42
 42  54
 42  55
 42  43
 43  55
 43  56
 43  44
 44  56
 44  57
 44  45
 45  57
 45  58
 45  46
 46  58
 46  59
 46  47
 47  59
 47  60
 47  48
 48  60
 48  61
 49  50
 50  51
 51  52
 52  65
 52  53
 53  65
 53  66
 53  54
 54  66
 54  67
 54  55
 55  67
 55  68
 55  56
 56  68
 56  69
 56  57
 57  69
 57  70
 57  58
 58  70
 58  71
 58  59
 59  71
 59  72
 59  60
 60  72
 60  73
 60  61
 61  73
 61  74
 61  62
 62  74
 62  75
 62  63
 63  75
 63  76
 63  64
 64  76
 64  77
 65  66
 66  67
 67  68
 68  79
 68  69
 69  79
 69  80
 69  70
 70  80
 70  81
 70  71
 71  81
 71  82
 71  72
 72  82
 72  83
 72  73
 73  83
 73  84
 73  74
 74  84
 74  85
 74  75
 75  85
 75  86
 75  76
 76  86
 76  87
 76  77
 77  87
 77  88
 77  78
 78  88
 78  89
 79  80
 80  81
 81  92
 81  82
 82  92
 82  93
 82  83
 83  93
 83  94
 83  84
 84  94
 84  95
 84  85
 85  95
 85  96
 85  86
 86  96
 86  97
 86  87
 87  97
 87  98
 87  88
 88  98
 88  99
 88  89
 89  99
 89 100
 89  90
 90 100
 90 101
 90  91
 91 101
 91 102
 92  93
 93  94
 94 104
 94  95
 95 104
 95 105
 95  96
 96 105
 96 106
 96  97
 97 106
 97 107
 97  98
 98 107
 98 108
 98  99
 99 108
 99 109
 99 100
100 109
100 110
100 101
101 110
101 111
101 102
102 111
102 112
102 103
103 112
103 113
104 105
105 106
106 107
107 115
107 108
108 115
108 116
108 109
109 116
109 117
109 110
110 117
110 118
110 111
111 118
111 119
111 112
112 119
112 120
112 113
113 120
113 121
113 114
114 121
114 122
115 116
116 117
117 125
117 118
118 125
118 126
118 119
119 126
119 127
119 120
120 127
120 128
120 121
121 128
121 129
121 122
122 129
122 130
122 123
123 130
123 131
123 124
124 131
124 132
125 126
126 127
127 128
128 129
129 134
129 130
130 134
130 135
130 131
131 135
131 136
131 132
132 136
132 137
132 133
133 137
133 138
134 135
135 136
136 141
136 137
137 141
137 142
137 138
138 142
138 143
138 139
139 143
139 144
139 140
140 144
140 145
141 142
142 143
143 147
143 144
144 147
144 148
144 145
145 148
145 149
145 146
146 149
146 150
147 148
148 149
149 152
149 150
150 152
150 153
150 151
151 153
151 154
152 153
153 154
154 157
154 155
155 157
155 158
155 156
156 158
156 159
157 158
158 162
158 159
159 162
159 163
159 160
160 163
160 164
160 161
161 164
161 165
162 163
163 168
163 164
164 168
164 169
164 165
165 169
165 170
165 166
166 170
166 171
166 167
167 171
167 172
168 169
169 174
169 170
170 174
170 175
170 171
171 175
171 176
171 172
172 176
172 177
172 173
173 177
173 178
174 175
175 176
176 177
177 178
