    61.949371 -27952.078825
    55.245426 -27953.565423
    73.905681 -27945.742749
    81.719919 -27950.367079
    72.161403 -27948.236228
    85.654258 -27945.849467
    83.577355 -27946.986151
   101.433666 -27955.422509
    93.995993 -27951.199979
    87.594286 -27946.580840
    74.524617 -27949.958970
    89.317019 -27951.451619
   100.200188 -27948.779067
    96.960018 -27959.904124
   117.825607 -27951.655111
   127.849346 -27944.474629
   125.163507 -27942.560057
   130.647471 -27942.601041
   121.867737 -27940.223649
   116.874621 -27941.329305
    87.801683 -27944.719955
    78.784073 -27943.797224
    74.533426 -27947.719385
    91.310569 -27946.111216
    91.091464 -27944.444073
    94.222341 -27944.260803
    98.076704 -27942.812843
    88.546399 -27944.353371
    92.773040 -27950.158567
    97.463048 -27950.957710
    83.729870 -27948.946056
    83.660744 -27945.604359
    84.757658 -27954.456772
   104.965496 -27944.338241
    83.003442 -27951.667258
    75.020229 -27957.456141
    83.609638 -27950.780243
    77.044647 -27954.085968
    92.193613 -27960.798257
   101.330402 -27956.423581
    86.949997 -27950.115694
   102.642526 -27948.257817
    79.606587 -27947.953802
    89.044520 -27946.629135
    69.768472 -27944.782692
    90.150511 -27944.293983
    77.338397 -27936.428660
    69.147330 -27944.191398
    73.516062 -27946.464432
    70.825016 -27939.488311
    61.838654 -27948.356407
    63.877167 -27944.442577
    74.880239 -27946.339053
    81.614536 -27945.470750
    92.143017 -27938.564266
   105.420080 -27945.584717
    88.237379 -27937.901612
    88.919609 -27945.101236
    67.394480 -27940.743985
    98.109918 -27940.489106
    85.756581 -27942.847857
    66.284855 -27950.853458
    76.429608 -27943.231039
    78.278404 -27941.879730
    82.835242 -27948.385985
    93.917955 -27949.535310
    80.494856 -27948.969002
    74.175050 -27950.780198
    65.595291 -27955.192733
    71.965897 -27958.027946
    60.869983 -27959.825705
    72.185260 -27950.144076
    82.362563 -27952.116100
    79.750038 -27948.715610
    64.448868 -27947.334820
    79.595653 -27949.212571
    87.552403 -27950.144572
    84.977025 -27957.653996
    79.975505 -27955.633881
    93.031415 -27954.920933
    90.616520 -27948.494013
    71.974338 -27952.316481
    70.313645 -27949.992674
    73.318860 -27951.552524
    68.179821 -27950.840404
    53.310653 -27945.445200
    49.343850 -27946.146107
    63.509821 -27946.596877
    80.394934 -27946.402502
    66.573468 -27940.519760
    63.740832 -27950.063812
    44.466277 -27941.930710
    55.635893 -27949.886823
    56.360891 -27954.578805
    44.979285 -27952.141324
    53.365744 -27953.899250
    68.500519 -27951.043701
    73.535553 -27945.081018
    62.462403 -27949.492152
    67.764461 -27949.785342
    64.533106 -27953.935434
    55.703191 -27953.482414
    59.389837 -27944.420733
    64.400210 -27954.269455
    70.122339 -27949.281071
    70.267110 -27953.640904
    68.645657 -27953.423770
    67.879780 -27951.017496
    58.745689 -27948.100724
    81.619707 -27953.455531
    62.144185 -27952.322315
    65.298228 -27949.914038
    59.263569 -27954.732095
    48.766648 -27953.345417
    62.313174 -27953.707002
    82.000301 -27949.664473
    71.039549 -27949.949995
    62.374588 -27943.037543
    77.141715 -27947.542453
    76.514223 -27948.036293
    58.789768 -27945.027012
    61.997499 -27947.523831
    64.077132 -27947.606616
    66.011293 -27952.866430
    73.593314 -27950.264776
    81.400222 -27944.939475
    82.786616 -27942.905332
    55.980963 -27948.256518
    59.256553 -27950.456264
    45.680629 -27946.121806
    45.503441 -27942.356123
    76.217882 -27952.575611
    73.620046 -27955.617871
    80.281444 -27951.240792
    65.479075 -27952.117746
    68.306473 -27954.232844
    65.567638 -27948.592476
    52.429670 -27948.151594
    54.466794 -27945.715837
    57.915512 -27949.682314
    55.959522 -27949.339497
    42.946213 -27951.114368
    43.653567 -27947.747718
    57.942904 -27942.321610
    69.076955 -27945.893452
    66.170624 -27938.752834
    75.327392 -27952.764079
    71.695811 -27944.775792
    90.901372 -27943.788690
    78.467979 -27947.310080
    76.909791 -27946.747443
    73.611374 -27945.980577
    69.133867 -27947.198416
    80.270517 -27948.388112
    66.412224 -27946.970835
    71.027976 -27946.371027
    73.785720 -27950.467362
    77.508689 -27950.569471
    83.604974 -27949.432479
    57.165220 -27946.909307
    54.098206 -27946.843503
    60.722720 -27942.162869
    46.955564 -27955.347154
    74.295829 -27951.805089
    61.207605 -27946.722768
    55.847354 -27950.049681
    66.000473 -27949.429348
    55.095840 -27949.915424
    47.639952 -27948.052415
    77.732076 -27953.473030
    95.409224 -27953.451985
   106.551279 -27951.579343
    85.912801 -27949.326377
    62.794228 -27947.717787
    80.466819 -27945.670973
    77.533279 -27945.781640
    72.017555 -27954.777857
    88.262583 -27950.449044
    78.959201 -27948.032999
    79.808358 -27946.352708
    76.874266 -27950.998590
   100.616035 -27958.963416
    86.792141 -27948.728221
    92.568865 -27947.690210
   112.576709 -27951.157251
    93.778925 -27943.316077
   103.001172 -27951.801206
    86.696541 -27946.095279
    99.000346 -27953.170066
   104.878997 -27948.736505
    98.509626 -27947.720924
    84.506617 -27951.959289
    99.263646 -27950.221556
    96.086698 -27956.804338
    94.817719 -27950.924637
    90.636652 -27945.930278
    96.659709 -27950.762906
    88.668967 -27943.380236
    85.448326 -27948.921434
    96.263534 -27948.553413
    78.272338 -27942.322167
    57.314819 -27948.435756
    82.514271 -27950.618461
    70.354644 -27948.401189
    58.377736 -27946.078970
    65.154005 -27948.273073
    65.853736 -27942.095935
    69.571337 -27947.668288
    93.193852 -27954.580674
    82.891081 -27944.966657
    57.343576 -27945.691308
    65.736059 -27951.809603
    55.974311 -27953.656023
    54.320392 -27951.425618
    67.425161 -27944.318595
    68.430368 -27942.684797
    61.495660 -27952.467696
    64.490310 -27946.177367
    58.387028 -27943.338287
    57.665253 -27943.899096
    68.857972 -27942.359683
    77.451792 -27948.844995
    82.887507 -27943.050033
    72.648446 -27942.646846
    69.652527 -27946.355050
    68.253600 -27948.693919
    63.233284 -27951.144290
    93.062869 -27951.575638
    99.656574 -27945.376578
    83.294640 -27945.010087
    74.026070 -27942.075023
    95.798407 -27947.395169
   109.482204 -27945.566215
    81.483687 -27942.162876
    90.568485 -27944.433601
    68.648173 -27947.019871
    65.364858 -27943.377464
    57.853824 -27946.247600
    53.807276 -27941.622449
    78.517278 -27949.605941
    70.744379 -27950.875181
    65.008823 -27956.576443
    75.748335 -27949.258285
    67.252783 -27950.578153
    71.059590 -27948.686719
    81.621397 -27943.946520
    56.981683 -27950.031998
    61.768508 -27948.618917
    74.881610 -27950.091563
    66.754998 -27946.619277
    47.461685 -27942.346320
    86.059195 -27943.313277
    75.224920 -27947.539916
    70.834882 -27944.273810
    65.489165 -27940.778059
    59.309771 -27944.440821
    60.143899 -27944.670909
    55.574713 -27948.527609
    75.382790 -27949.532377
    78.172561 -27946.924918
    64.786015 -27949.513727
    68.779361 -27946.925922
    62.506977 -27950.640913
    61.425922 -27948.399031
    68.397861 -27947.891710
    86.268595 -27954.246031
    97.814705 -27951.840360
   109.629547 -27952.120711
   102.951805 -27953.615515
   124.604288 -27953.875414
   111.589277 -27947.383027
    97.983183 -27949.145074
    75.957820 -27943.106973
    95.372659 -27948.872340
   105.287923 -27950.168060
    96.286844 -27950.440288
    98.143240 -27949.373349
    97.835947 -27951.589338
   103.365418 -27944.845930
   104.117580 -27948.018764
    83.357266 -27947.028297
    70.381012 -27949.224370
    61.351123 -27949.825526
    63.810256 -27952.793502
    62.081079 -27943.013204
    66.597002 -27943.558168
    62.785249 -27950.285265
    67.901115 -27942.515254
    52.602084 -27949.886911
    92.066014 -27944.623402
    83.595749 -27951.565281
    73.739163 -27947.695001
    77.305842 -27942.711834
    79.636963 -27943.711052
    71.956773 -27943.057496
    74.220223 -27951.247093
    59.297384 -27945.852561
    61.633850 -27946.183072
    57.226853 -27943.747864
    70.297478 -27941.369058
    58.815893 -27941.127843
    88.349442 -27941.715524
    79.917356 -27941.483354
    78.594451 -27943.836984
    78.172232 -27957.586306
    70.860053 -27953.890895
    74.230919 -27959.718109
    59.570353 -27950.888211
    52.249960 -27949.592335
    68.797952 -27945.862262
    75.993529 -27948.922164
    82.043915 -27951.242250
    58.839812 -27942.788100
    73.760462 -27952.425190
    72.900377 -27945.996262
    61.733724 -27947.163226
    54.545395 -27943.877112
    65.294160 -27945.861692
    77.015383 -27946.294658
    84.064462 -27952.834181
    92.889050 -27954.843534
    77.530044 -27949.852902
    76.597909 -27953.089942
    80.331951 -27947.501332
    81.865388 -27949.211661
   103.854151 -27949.995102
   111.674045 -27951.657224
    79.692759 -27944.053179
    96.269363 -27949.713098
    66.136277 -27950.845149
    79.537045 -27950.866632
    70.079811 -27953.951874
    70.535432 -27961.705777
    82.454245 -27958.025291
    64.030573 -27960.051303
    67.883329 -27955.591915
    76.440838 -27959.242763
    71.219217 -27962.190326
    58.194006 -27956.009468
    69.866031 -27954.611859
    72.007315 -27959.520761
    86.081012 -27951.552183
    81.139155 -27950.388800
    98.697166 -27957.558772
    97.685441 -27953.660388
    74.874019 -27959.793096
    76.980243 -27956.936739
    56.994420 -27957.873464
    76.593593 -27954.255889
    70.687911 -27952.893158
    62.291887 -27944.924021
    70.437664 -27940.160286
    97.147521 -27948.673183
    91.985573 -27948.662798
    95.828372 -27943.688018
    95.819667 -27948.913042
   105.798354 -27946.166843
    83.755314 -27947.759059
    83.010851 -27941.114678
    79.455072 -27946.053572
    85.324025 -27946.275703
    83.028969 -27947.573838
    79.016747 -27946.571544
   107.112648 -27945.460833
   100.028692 -27948.998260
   116.738962 -27946.922254
    92.503696 -27950.945927
   120.490046 -27951.469921
   107.761410 -27949.046704
    82.454379 -27946.147320
    61.997372 -27943.799090
    69.998750 -27940.435322
    76.198077 -27943.990679
    75.866200 -27945.707097
    92.540120 -27943.154506
    80.779363 -27946.523080
    66.267543 -27950.119938
    74.888827 -27947.200647
    77.382294 -27946.466326
    70.503996 -27952.125809
    71.555823 -27949.590696
    74.833077 -27944.672051
    67.335243 -27944.049876
    72.770822 -27942.984300
    52.425088 -27949.436978
    51.269089 -27944.331987
    66.250178 -27947.337777
    85.230658 -27948.004107
    83.508698 -27943.266092
    92.216277 -27943.750266
   102.404232 -27946.844331
    79.096325 -27948.342989
    77.383001 -27945.947285
    81.718347 -27947.249941
    74.301927 -27946.011601
    77.452737 -27943.360240
    67.160477 -27947.219423
    76.842743 -27944.132839
    65.977045 -27946.544963
    74.153015 -27942.945049
    86.607723 -27941.293635
    86.729753 -27943.249730
    76.461248 -27942.805213
    67.413184 -27949.626967
    64.191607 -27950.892928
    66.021726 -27945.381768
    91.524687 -27951.293765
    80.909361 -27945.794005
    73.605824 -27953.865167
    68.304602 -27948.621126
    90.960258 -27952.852664
    82.328919 -27951.599050
    89.665345 -27956.077758
    95.506272 -27960.476260
    89.951639 -27952.389598
    74.304022 -27949.648275
    96.034569 -27947.935885
    82.598430 -27953.406432
    79.497426 -27946.838224
    65.730414 -27948.516844
    62.793565 -27943.535250
    70.545700 -27952.584913
    89.713538 -27947.812722
   102.261070 -27946.514035
    65.238249 -27950.098224
    81.553289 -27958.756424
    68.483593 -27950.612975
    61.443921 -27945.790794
    61.115337 -27944.041252
    52.500896 -27949.611554
    70.197361 -27948.623568
    97.989509 -27947.090583
    72.858355 -27949.310120
    68.255001 -27951.394297
    73.477610 -27952.973597
    71.628597 -27951.202766
    76.721526 -27947.120662
    76.412662 -27959.665708
    79.449687 -27951.257287
   101.034467 -27951.002733
    95.047424 -27947.686038
    99.702950 -27946.749739
   109.888136 -27957.104209
    89.605916 -27948.436044
    91.996817 -27949.026476
   100.843976 -27944.071804
   105.734443 -27952.398949
    98.073119 -27953.884850
    93.848240 -27956.946572
    98.576135 -27953.605122
    80.068846 -27951.615237
    61.359338 -27955.662222
    58.681317 -27944.183583
    67.577361 -27946.964472
    57.013788 -27947.971828
    59.832245 -27946.558808
    63.125315 -27950.870663
    58.141163 -27953.905702
    62.330821 -27951.828287
    80.072627 -27953.382866
    78.114719 -27958.881063
    89.700393 -27950.562668
   108.183728 -27949.637558
   100.040415 -27957.016355
   105.062899 -27960.353583
    75.857313 -27957.318470
    79.426300 -27949.957859
    62.817511 -27960.942873
    72.796933 -27948.541092
    76.056707 -27953.226185
    70.032303 -27951.636342
    51.413867 -27953.998502
    49.155095 -27947.429970
    55.486761 -27952.910318
    79.001974 -27947.576459
    60.881244 -27945.783608
    60.928787 -27950.286595
    58.303842 -27947.553908
    66.453513 -27945.764112
    51.666055 -27959.839942
    76.637247 -27954.524905
    50.805867 -27958.799524
    50.085635 -27951.443705
    42.887846 -27950.496946
    36.735919 -27955.723388
    57.199558 -27948.959386
    83.711829 -27947.952250
    72.744971 -27944.675492
    84.260793 -27953.480488
    89.500540 -27947.745146
    77.158769 -27945.783902
    66.979481 -27946.986528
    76.589431 -27943.852437
    95.674048 -27945.396179
    84.815520 -27946.779509
    92.172888 -27947.462652
    71.374893 -27949.872215
    78.055951 -27952.988731
    76.965128 -27949.137317
    53.866895 -27940.890526
    56.623304 -27951.961383
    63.056118 -27949.956209
    70.001144 -27952.730808
    85.476271 -27950.578592
    89.465314 -27945.950486
    93.036211 -27949.782124
    92.159047 -27946.459743
    79.999899 -27940.577030
    80.351262 -27945.295691
    91.749250 -27950.971692
    92.563835 -27951.367276
    80.498916 -27945.951617
    84.777409 -27942.905747
    96.412300 -27944.867492
    74.583551 -27941.178587
    55.552666 -27942.227611
    74.662956 -27944.109963
    74.142024 -27949.758995
    87.043193 -27947.559603
    94.165402 -27946.182713
    92.350598 -27941.723129
    79.374839 -27939.133434
    59.991896 -27938.815735
    74.834622 -27945.212665
    53.974714 -27948.168727
    74.762335 -27951.275521
    83.891237 -27946.316816
    72.246210 -27952.589005
    72.924083 -27946.064131
    78.885616 -27943.347341
    86.473433 -27946.444248
    76.026806 -27947.136381
    92.569684 -27946.745357
    90.869571 -27948.816406
    98.247709 -27946.900506
    97.033341 -27943.921882
    93.263654 -27950.553561
    86.737843 -27945.384346
    95.025183 -27953.087914
    68.807144 -27952.565823
    68.372949 -27944.417935
    75.613243 -27950.461220
    75.937133 -27948.205297
    92.393493 -27952.942455
    81.317997 -27942.707389
   102.385170 -27945.986076
    72.357963 -27955.081084
    62.565828 -27958.780456
    54.740178 -27945.751770
    39.879154 -27947.039533
    55.163001 -27946.724016
    66.856233 -27946.817876
    71.635048 -27942.839276
    60.484909 -27942.626623
    41.517403 -27958.576265
    70.130256 -27949.199708
    67.199728 -27950.564756
    83.914080 -27951.772764
    55.450377 -27945.893859
    62.506208 -27946.055295
    71.958603 -27951.450950
    79.647587 -27948.666467
    77.202124 -27942.528401
    71.050592 -27944.138441
    88.041458 -27948.491998
    61.392550 -27950.211694
    59.191440 -27949.252669
    74.629774 -27946.104397
    74.225711 -27950.145758
    65.966032 -27943.019971
    62.248825 -27942.448838
    46.826725 -27942.953876
    59.770700 -27944.515645
    73.471600 -27949.177627
    60.654468 -27945.553143
    71.214059 -27949.742432
    62.455880 -27947.148023
    39.264387 -27951.957112
    60.019329 -27949.576911
    69.305501 -27945.869672
    75.878254 -27948.364879
    73.296344 -27949.534614
    80.546693 -27945.460574
    79.908203 -27947.160831
    87.237277 -27944.375424
    85.194531 -27946.209949
    70.001909 -27943.701563
    83.082384 -27948.441370
    65.672025 -27948.367093
    87.573265 -27945.476363
    67.424712 -27949.275363
    70.629894 -27951.393685
    70.237923 -27945.506279
    74.054326 -27955.578211
    89.055298 -27944.590655
    75.379367 -27948.491969
    58.884502 -27948.820625
    55.878606 -27958.446021
    44.337082 -27952.951658
    84.012882 -27953.999264
   101.310557 -27950.547404
    68.243392 -27947.124672
    79.262464 -27951.160321
    64.265991 -27946.998715
    69.169826 -27949.015007
    76.925435 -27945.940783
    78.651887 -27950.919201
    75.334146 -27948.050103
    59.976925 -27949.382363
    39.175891 -27948.628604
    51.621451 -27947.062353
    54.113769 -27953.007420
    60.188441 -27953.178007
    56.767190 -27949.897331
    55.225813 -27952.304514
    51.903526 -27950.762045
    56.668586 -27947.255446
    60.006640 -27951.158111
    64.373112 -27949.861185
    74.558806 -27950.843519
    44.875942 -27958.259810
    62.371220 -27952.852331
    57.305746 -27944.175925
    60.769738 -27949.063796
    63.298776 -27946.322792
    63.829790 -27947.425257
    78.964276 -27953.471369
    62.740624 -27951.371837
    60.560112 -27950.486007
    78.203055 -27953.421995
    67.978618 -27945.460417
    70.289926 -27943.578588
    54.427810 -27947.929693
    49.972493 -27954.126872
    59.235525 -27953.697341
    59.394728 -27943.789292
    60.170355 -27948.288937
    63.606554 -27941.410685
    68.887404 -27951.880268
    60.771048 -27945.579735
    61.956919 -27947.321968
    52.446632 -27948.576551
    63.426678 -27947.316629
    69.030715 -27952.904390
    63.488561 -27947.650249
    43.456255 -27949.165084
    76.734216 -27952.331013
    54.649857 -27949.335204
    52.613340 -27944.059126
    61.564348 -27944.810382
    81.819402 -27946.244451
    80.003674 -27950.205285
    94.890249 -27949.462509
    80.609379 -27949.539232
    93.286668 -27948.833887
    84.219781 -27948.886707
    68.263324 -27944.722408
    73.420133 -27954.706762
    78.722620 -27949.648720
    93.173136 -27948.580980
    79.369598 -27950.407153
    73.791585 -27948.496535
    78.364882 -27949.069206
    57.526622 -27950.582484
    77.959569 -27949.096231
    88.438831 -27947.934141
    80.810334 -27947.919150
    53.049650 -27943.790934
    86.911604 -27945.115475
    93.207759 -27944.916848
    73.455746 -27945.888500
    85.556589 -27949.084530
   100.858513 -27956.265772
    94.224497 -27957.414078
    98.161110 -27952.515094
   122.339437 -27949.957534
   105.453330 -27955.806945
   105.790444 -27951.865884
   108.259927 -27954.319752
    90.824003 -27952.419619
    83.352720 -27950.363455
    82.850671 -27955.353887
    92.272857 -27944.357612
    81.154028 -27955.272657
    78.137992 -27950.817323
    94.643609 -27950.003963
    94.505476 -27947.357601
    68.693574 -27945.607446
    76.484795 -27953.273605
    57.794100 -27949.848780
    53.175659 -27950.324242
    66.424271 -27954.105513
    71.134376 -27948.292962
    75.111278 -27945.330284
    79.816898 -27948.507027
    78.010468 -27956.979291
    70.417177 -27956.219109
    72.624689 -27954.713468
    85.928150 -27949.175317
    84.610190 -27944.434868
    84.408745 -27957.295407
    86.093905 -27951.318954
    83.575075 -27949.445374
    89.133071 -27950.599182
    88.917998 -27953.660059
   104.594241 -27950.082751
   101.843686 -27944.528093
   103.090593 -27948.179169
   130.511968 -27953.705656
   116.501584 -27947.423196
   143.062795 -27954.878615
   127.999537 -27949.171514
   111.649556 -27946.018389
   112.635798 -27950.637234
   125.466642 -27949.426069
   123.554447 -27954.995204
   106.263140 -27947.555806
   129.946747 -27948.403851
   150.755407 -27945.900738
   123.444089 -27948.881797
   134.394244 -27952.259976
   103.216536 -27955.221417
   102.367598 -27949.296941
   111.972033 -27951.034161
   104.434345 -27950.390417
    88.049625 -27947.011527
    80.751366 -27949.302180
    63.525763 -27947.454674
    54.159610 -27949.384505
    55.290722 -27946.689690
    72.215982 -27948.757235
    66.999502 -27947.783232
    58.286351 -27955.850005
    62.832048 -27951.697087
    73.102634 -27946.977790
    62.813693 -27949.612072
    70.000179 -27956.261153
    68.296965 -27943.820253
    63.141728 -27949.872406
    40.286003 -27948.840166
    46.486542 -27946.440652
    56.902718 -27950.809898
    58.715603 -27952.478472
    68.870149 -27956.723252
    85.646509 -27953.306837
    75.566680 -27943.126040
    53.707383 -27948.985757
    71.563865 -27953.016627
    55.627945 -27944.973189
    55.880285 -27943.326209
    63.306251 -27951.876784
    83.536245 -27944.486046
    64.474593 -27946.523644
    57.065922 -27943.143972
    59.002521 -27953.813661
    70.728398 -27952.137457
    52.631850 -27950.930743
    59.226287 -27947.548936
    55.947418 -27950.248705
    61.922001 -27946.645200
    54.460109 -27946.875387
    67.020712 -27951.116922
    60.603053 -27950.118725
    70.523197 -27949.310955
    65.980094 -27951.667184
    79.963484 -27950.328125
    59.242127 -27952.579248
    82.101701 -27945.765827
    47.259118 -27944.869784
    58.657533 -27948.310402
    71.932482 -27948.496302
    61.158433 -27947.760276
    71.663057 -27946.037770
    95.821078 -27954.842610
    82.973895 -27951.355262
    86.191638 -27948.638045
    95.265873 -27943.830614
   102.493873 -27952.090174
    92.529843 -27948.879242
    93.934080 -27943.408138
    74.996355 -27951.806145
    83.550979 -27944.434465
    78.286790 -27950.500754
   105.367168 -27944.679536
   115.763481 -27950.033033
    88.224163 -27949.498372
    82.534807 -27948.771505
   102.929599 -27944.001923
    99.968284 -27947.960775
    90.193133 -27951.695268
   103.039479 -27944.761693
    91.500003 -27948.601526
   111.958764 -27950.391660
    89.721830 -27951.462902
    87.925273 -27960.645458
    66.807772 -27946.943459
    85.957783 -27952.118211
    68.893679 -27946.310270
    81.344260 -27950.962556
    68.913333 -27946.446006
    75.238395 -27949.816371
    56.140939 -27948.389886
    83.697203 -27947.446888
    76.381818 -27952.160481
    73.030642 -27945.629725
   110.502413 -27947.376570
   116.292565 -27948.396930
    99.999937 -27953.252927
   100.969244 -27954.775433
   104.708838 -27952.267112
    90.224343 -27944.510987
    90.907802 -27945.208047
    87.026635 -27942.352239
    93.022836 -27950.889024
   113.084337 -27949.657272
    60.560858 -27957.845408
    68.526789 -27945.234085
    69.671207 -27950.790263
    66.063582 -27951.648114
    52.323506 -27945.894363
    84.382770 -27953.577274
    61.460692 -27950.326664
    67.261441 -27948.794950
    55.211447 -27951.355596
    51.433410 -27952.737659
    49.548406 -27949.624574
    50.223844 -27952.364997
    85.687105 -27960.098379
    73.083064 -27948.320637
    98.203637 -27949.739940
    75.463244 -27945.949369
    65.359423 -27949.367542
    51.316993 -27948.496604
    53.706791 -27944.764357
    81.412315 -27946.245388
    69.564869 -27948.109022
    72.313188 -27944.214040
    67.658560 -27952.463626
    78.555033 -27948.026638
    68.588881 -27944.812543
    76.245671 -27946.634427
    73.791070 -27947.780462
    72.950434 -27943.097104
    70.813511 -27953.850112
    58.212076 -27952.201255
    53.888590 -27952.587712
    52.356681 -27947.388964
    52.056862 -27945.265315
    65.537151 -27948.653461
    65.889356 -27942.587614
    43.928729 -27945.185989
    55.603833 -27944.820017
    57.592022 -27946.744287
    65.819777 -27952.475667
    70.173667 -27951.887884
    55.644898 -27944.223040
    59.011515 -27946.732768
    56.439924 -27944.474685
    67.801804 -27943.488106
    72.381115 -27941.749700
    66.061344 -27949.883357
    58.491042 -27942.098635
    63.320958 -27939.179327
    80.500447 -27942.550705
    67.925945 -27943.699656
    67.715259 -27950.962344
    70.537151 -27947.895182
    82.106769 -27953.935567
    69.106171 -27952.850393
    76.987769 -27957.591491
    79.254381 -27946.926405
    69.478894 -27950.286650
    89.390892 -27949.819396
   103.950006 -27946.223529
    77.921254 -27950.618844
    91.425843 -27948.899090
    61.841919 -27947.911274
    58.094435 -27947.378389
    48.410946 -27943.236062
    58.769035 -27946.367951
    58.814887 -27946.433107
    86.153987 -27950.870189
    84.118998 -27948.346747
    74.414635 -27951.597817
    66.406260 -27947.849449
    60.747627 -27947.048760
    69.194562 -27943.701092
    77.721236 -27943.731782
    72.387782 -27944.650466
    63.523293 -27950.810954
    66.421030 -27941.593278
    85.801910 -27940.725287
    78.175791 -27940.173860
    86.471442 -27948.064077
    76.273283 -27955.306637
    67.461931 -27953.129029
    85.921748 -27949.778468
    73.484277 -27944.916680
    79.379767 -27950.394664
    71.768404 -27948.097704
