-43.5874  146.994
-43.4342  146.994
-43.2809  146.994
-43.1277  146.994
-42.9744  146.994
-43.6641   147.15
-43.5108   147.15
-43.3576   147.15
-43.2043   147.15
-43.0511   147.15
-42.8978   147.15
-42.7445   147.15
-42.5913   147.15
-43.5874  147.307
-43.4342  147.307
-43.2809  147.307
-43.1277  147.307
-42.9744  147.307
-42.8212  147.307
-42.6679  147.307
-42.5147  147.307
-42.3614  147.307
-42.2082  147.307
-43.6641  147.463
-43.5108  147.463
-43.3576  147.463
-43.2043  147.463
-43.0511  147.463
-42.8978  147.463
-42.7445  147.463
-42.5913  147.463
 -42.438  147.463
-42.2848  147.463
-42.1315  147.463
-41.9783  147.463
 -41.825  147.463
-43.7407   147.62
-43.5874   147.62
-43.4342   147.62
-43.2809   147.62
-43.1277   147.62
-42.9744   147.62
-42.8212   147.62
-42.6679   147.62
-42.5147   147.62
-42.3614   147.62
-42.2082   147.62
-42.0549   147.62
-41.9016   147.62
-41.7484   147.62
-41.5951   147.62
-41.4419   147.62
-41.2886   147.62
-43.6641  147.777
-43.5108  147.777
-43.3576  147.777
-43.2043  147.777
-43.0511  147.777
-42.8978  147.777
-42.7445  147.777
-42.5913  147.777
 -42.438  147.777
-42.2848  147.777
-42.1315  147.777
-41.9783  147.777
 -41.825  147.777
-41.6718  147.777
-41.5185  147.777
-41.3652  147.777
 -41.212  147.777
-41.0587  147.777
-40.9055  147.777
-43.5874  147.933
-43.4342  147.933
-43.2809  147.933
-43.1277  147.933
-42.9744  147.933
-42.8212  147.933
-42.6679  147.933
-42.5147  147.933
-42.3614  147.933
-42.2082  147.933
-42.0549  147.933
-41.9016  147.933
-41.7484  147.933
-41.5951  147.933
-41.4419  147.933
-41.2886  147.933
-41.1354  147.933
-40.9821  147.933
-40.8289  147.933
-40.6756  147.933
-40.5223  147.933
-43.5108   148.09
-43.3576   148.09
-43.2043   148.09
-43.0511   148.09
-42.8978   148.09
-42.7445   148.09
-42.5913   148.09
 -42.438   148.09
-42.2848   148.09
-42.1315   148.09
-41.9783   148.09
 -41.825   148.09
-41.6718   148.09
-41.5185   148.09
-41.3652   148.09
 -41.212   148.09
-41.0587   148.09
-40.9055   148.09
-40.7522   148.09
 -40.599   148.09
-40.4457   148.09
-40.2925   148.09
-40.1392   148.09
 -39.986   148.09
-43.4342  148.246
-43.2809  148.246
-43.1277  148.246
-42.9744  148.246
-42.8212  148.246
-42.6679  148.246
-42.5147  148.246
-42.3614  148.246
-42.2082  148.246
-42.0549  148.246
-41.9016  148.246
-41.7484  148.246
-41.5951  148.246
-41.4419  148.246
-41.2886  148.246
-41.1354  148.246
-40.9821  148.246
-40.8289  148.246
-40.6756  148.246
-40.5223  148.246
-40.3691  148.246
-40.2158  148.246
-40.0626  148.246
-39.9093  148.246
-39.7561  148.246
-39.6028  148.246
-39.4496  148.246
-43.3576  148.403
-43.2043  148.403
-43.0511  148.403
-42.8978  148.403
-42.7445  148.403
-42.5913  148.403
 -42.438  148.403
-42.2848  148.403
-42.1315  148.403
-41.9783  148.403
 -41.825  148.403
-41.6718  148.403
-41.5185  148.403
-41.3652  148.403
 -41.212  148.403
-41.0587  148.403
-40.9055  148.403
-40.7522  148.403
 -40.599  148.403
-40.4457  148.403
-40.2925  148.403
-40.1392  148.403
 -39.986  148.403
-39.8327  148.403
-39.6794  148.403
-39.5262  148.403
-39.3729  148.403
-39.2197  148.403
-39.0664  148.403
-38.9132  148.403
-43.2809   148.56
-43.1277   148.56
-42.9744   148.56
-42.8212   148.56
-42.6679   148.56
-42.5147   148.56
-42.3614   148.56
-42.2082   148.56
-42.0549   148.56
-41.9016   148.56
-41.7484   148.56
-41.5951   148.56
-41.4419   148.56
-41.2886   148.56
-41.1354   148.56
-40.9821   148.56
-40.8289   148.56
-40.6756   148.56
-40.5223   148.56
-40.3691   148.56
-40.2158   148.56
-40.0626   148.56
-39.9093   148.56
-39.7561   148.56
-39.6028   148.56
-39.4496   148.56
-39.2963   148.56
-39.1431   148.56
-38.9898   148.56
-38.8365   148.56
-38.6833   148.56
  -38.53   148.56
-42.7445  148.716
-42.5913  148.716
 -42.438  148.716
-42.2848  148.716
-42.1315  148.716
-41.9783  148.716
 -41.825  148.716
-41.6718  148.716
-41.5185  148.716
-41.3652  148.716
 -41.212  148.716
-41.0587  148.716
-40.9055  148.716
-40.7522  148.716
 -40.599  148.716
-40.4457  148.716
-40.2925  148.716
-40.1392  148.716
 -39.986  148.716
-39.8327  148.716
-39.6794  148.716
-39.5262  148.716
-39.3729  148.716
-39.2197  148.716
-39.0664  148.716
-38.9132  148.716
-38.7599  148.716
-38.6067  148.716
-38.4534  148.716
-38.3002  148.716
-38.1469  148.716
-42.3614  148.873
-42.2082  148.873
-42.0549  148.873
-41.9016  148.873
-41.7484  148.873
-41.5951  148.873
-41.4419  148.873
-41.2886  148.873
-41.1354  148.873
-40.9821  148.873
-40.8289  148.873
-40.6756  148.873
-40.5223  148.873
-40.3691  148.873
-40.2158  148.873
-40.0626  148.873
-39.9093  148.873
-39.7561  148.873
-39.6028  148.873
-39.4496  148.873
-39.2963  148.873
-39.1431  148.873
-38.9898  148.873
-38.8365  148.873
-38.6833  148.873
  -38.53  148.873
-38.3768  148.873
-38.2235  148.873
-38.0703  148.873
 -37.917  148.873
-37.7638  148.873
-41.6718  149.029
-41.5185  149.029
-41.3652  149.029
 -41.212  149.029
-41.0587  149.029
-40.9055  149.029
-40.7522  149.029
 -40.599  149.029
-40.4457  149.029
-40.2925  149.029
-40.1392  149.029
 -39.986  149.029
-39.8327  149.029
-39.6794  149.029
-39.5262  149.029
-39.3729  149.029
-39.2197  149.029
-39.0664  149.029
-38.9132  149.029
-38.7599  149.029
-38.6067  149.029
-38.4534  149.029
-38.3002  149.029
-38.1469  149.029
-37.9936  149.029
-37.8404  149.029
-37.6871  149.029
-37.5339  149.029
-37.3806  149.029
-41.1354  149.186
-40.9821  149.186
-40.8289  149.186
-40.6756  149.186
-40.5223  149.186
-40.3691  149.186
-40.2158  149.186
-40.0626  149.186
-39.9093  149.186
-39.7561  149.186
-39.6028  149.186
-39.4496  149.186
-39.2963  149.186
-39.1431  149.186
-38.9898  149.186
-38.8365  149.186
-38.6833  149.186
  -38.53  149.186
-38.3768  149.186
-38.2235  149.186
-38.0703  149.186
 -37.917  149.186
-37.7638  149.186
-37.6105  149.186
-37.4573  149.186
 -37.304  149.186
-37.1507  149.186
 -40.599  149.343
-40.4457  149.343
-40.2925  149.343
-40.1392  149.343
 -39.986  149.343
-39.8327  149.343
-39.6794  149.343
-39.5262  149.343
-39.3729  149.343
-39.2197  149.343
-39.0664  149.343
-38.9132  149.343
-38.7599  149.343
-38.6067  149.343
-38.4534  149.343
-38.3002  149.343
-38.1469  149.343
-37.9936  149.343
-37.8404  149.343
-37.6871  149.343
-37.5339  149.343
-37.3806  149.343
-37.2274  149.343
-37.0741  149.343
-36.9209  149.343
-40.2158  149.499
-40.0626  149.499
-39.9093  149.499
-39.7561  149.499
-39.6028  149.499
-39.4496  149.499
-39.2963  149.499
-39.1431  149.499
-38.9898  149.499
-38.8365  149.499
-38.6833  149.499
  -38.53  149.499
-38.3768  149.499
-38.2235  149.499
-38.0703  149.499
 -37.917  149.499
-37.7638  149.499
-37.6105  149.499
-37.4573  149.499
 -37.304  149.499
-37.1507  149.499
-36.9975  149.499
-36.8442  149.499
 -36.691  149.499
-36.5377  149.499
-39.8327  149.656
-39.6794  149.656
-39.5262  149.656
-39.3729  149.656
-39.2197  149.656
-39.0664  149.656
-38.9132  149.656
-38.7599  149.656
-38.6067  149.656
-38.4534  149.656
-38.3002  149.656
-38.1469  149.656
-37.9936  149.656
-37.8404  149.656
-37.6871  149.656
-37.5339  149.656
-37.3806  149.656
-37.2274  149.656
-37.0741  149.656
-36.9209  149.656
-36.7676  149.656
-36.6144  149.656
-36.4611  149.656
-36.3078  149.656
-39.4496  149.812
-39.2963  149.812
-39.1431  149.812
-38.9898  149.812
-38.8365  149.812
-38.6833  149.812
  -38.53  149.812
-38.3768  149.812
-38.2235  149.812
-38.0703  149.812
 -37.917  149.812
-37.7638  149.812
-37.6105  149.812
-37.4573  149.812
 -37.304  149.812
-37.1507  149.812
-36.9975  149.812
-36.8442  149.812
 -36.691  149.812
-36.5377  149.812
-36.3845  149.812
-36.2312  149.812
 -36.078  149.812
-39.0664  149.969
-38.9132  149.969
-38.7599  149.969
-38.6067  149.969
-38.4534  149.969
-38.3002  149.969
-38.1469  149.969
-37.9936  149.969
-37.8404  149.969
-37.6871  149.969
-37.5339  149.969
-37.3806  149.969
-37.2274  149.969
-37.0741  149.969
-36.9209  149.969
-36.7676  149.969
-36.6144  149.969
-36.4611  149.969
-36.3078  149.969
-36.1546  149.969
-36.0013  149.969
-35.8481  149.969
-35.6948  149.969
-38.6833  150.126
  -38.53  150.126
-38.3768  150.126
-38.2235  150.126
-38.0703  150.126
 -37.917  150.126
-37.7638  150.126
-37.6105  150.126
-37.4573  150.126
 -37.304  150.126
-37.1507  150.126
-36.9975  150.126
-36.8442  150.126
 -36.691  150.126
-36.5377  150.126
-36.3845  150.126
-36.2312  150.126
 -36.078  150.126
-35.9247  150.126
-35.7715  150.126
-35.6182  150.126
-35.4649  150.126
-38.1469  150.282
-37.9936  150.282
-37.8404  150.282
-37.6871  150.282
-37.5339  150.282
-37.3806  150.282
-37.2274  150.282
-37.0741  150.282
-36.9209  150.282
-36.7676  150.282
-36.6144  150.282
-36.4611  150.282
-36.3078  150.282
-36.1546  150.282
-36.0013  150.282
-35.8481  150.282
-35.6948  150.282
-35.5416  150.282
-35.3883  150.282
-35.2351  150.282
-35.0818  150.282
-37.7638  150.439
-37.6105  150.439
-37.4573  150.439
 -37.304  150.439
-37.1507  150.439
-36.9975  150.439
-36.8442  150.439
 -36.691  150.439
-36.5377  150.439
-36.3845  150.439
-36.2312  150.439
 -36.078  150.439
-35.9247  150.439
-35.7715  150.439
-35.6182  150.439
-35.4649  150.439
-35.3117  150.439
-35.1584  150.439
-35.0052  150.439
-34.8519  150.439
-37.3806  150.595
-37.2274  150.595
-37.0741  150.595
-36.9209  150.595
-36.7676  150.595
-36.6144  150.595
-36.4611  150.595
-36.3078  150.595
-36.1546  150.595
-36.0013  150.595
-35.8481  150.595
-35.6948  150.595
-35.5416  150.595
-35.3883  150.595
-35.2351  150.595
-35.0818  150.595
-34.9286  150.595
-34.7753  150.595
 -34.622  150.595
-36.8442  150.752
 -36.691  150.752
-36.5377  150.752
-36.3845  150.752
-36.2312  150.752
 -36.078  150.752
-35.9247  150.752
-35.7715  150.752
-35.6182  150.752
-35.4649  150.752
-35.3117  150.752
-35.1584  150.752
-35.0052  150.752
-34.8519  150.752
-34.6987  150.752
-34.5454  150.752
-34.3922  150.752
-34.2389  150.752
-36.1546  150.909
-36.0013  150.909
-35.8481  150.909
-35.6948  150.909
-35.5416  150.909
-35.3883  150.909
-35.2351  150.909
-35.0818  150.909
-34.9286  150.909
-34.7753  150.909
 -34.622  150.909
-34.4688  150.909
-34.3155  150.909
-34.1623  150.909
 -34.009  150.909
-35.6182  151.065
-35.4649  151.065
-35.3117  151.065
-35.1584  151.065
-35.0052  151.065
-34.8519  151.065
-34.6987  151.065
-34.5454  151.065
-34.3922  151.065
-34.2389  151.065
-34.0857  151.065
-33.9324  151.065
-33.7791  151.065
-33.6259  151.065
-35.0818  151.222
-34.9286  151.222
-34.7753  151.222
 -34.622  151.222
-34.4688  151.222
-34.3155  151.222
-34.1623  151.222
 -34.009  151.222
-33.8558  151.222
-33.7025  151.222
-33.5493  151.222
 -33.396  151.222
-34.6987  151.378
-34.5454  151.378
-34.3922  151.378
-34.2389  151.378
-34.0857  151.378
-33.9324  151.378
-33.7791  151.378
-33.6259  151.378
-33.4726  151.378
-33.3194  151.378
-33.1661  151.378
-34.3155  151.535
-34.1623  151.535
 -34.009  151.535
-33.8558  151.535
-33.7025  151.535
-33.5493  151.535
 -33.396  151.535
-33.2427  151.535
-33.0895  151.535
-32.9362  151.535
 -32.783  151.535
-34.0857  151.691
-33.9324  151.691
-33.7791  151.691
-33.6259  151.691
-33.4726  151.691
-33.3194  151.691
-33.1661  151.691
-33.0129  151.691
-32.8596  151.691
-32.7064  151.691
-32.5531  151.691
-33.7025  151.848
-33.5493  151.848
 -33.396  151.848
-33.2427  151.848
-33.0895  151.848
-32.9362  151.848
 -32.783  151.848
-32.6297  151.848
-32.4765  151.848
-32.3232  151.848
-33.3194  152.005
-33.1661  152.005
-33.0129  152.005
-32.8596  152.005
-32.7064  152.005
-32.5531  152.005
-32.3998  152.005
-32.2466  152.005
-32.0933  152.005
-31.9401  152.005
-33.0895  152.161
-32.9362  152.161
 -32.783  152.161
-32.6297  152.161
-32.4765  152.161
-32.3232  152.161
  -32.17  152.161
-32.0167  152.161
-31.8635  152.161
-31.7102  152.161
-31.5569  152.161
-32.7064  152.318
-32.5531  152.318
-32.3998  152.318
-32.2466  152.318
-32.0933  152.318
-31.9401  152.318
-31.7868  152.318
-31.6336  152.318
-31.4803  152.318
-31.3271  152.318
-31.1738  152.318
-32.4765  152.474
-32.3232  152.474
  -32.17  152.474
-32.0167  152.474
-31.8635  152.474
-31.7102  152.474
-31.5569  152.474
-31.4037  152.474
-31.2504  152.474
-31.0972  152.474
-30.9439  152.474
-32.2466  152.631
-32.0933  152.631
-31.9401  152.631
-31.7868  152.631
-31.6336  152.631
-31.4803  152.631
-31.3271  152.631
-31.1738  152.631
-31.0206  152.631
-30.8673  152.631
 -30.714  152.631
-30.5608  152.631
-32.0167  152.788
-31.8635  152.788
-31.7102  152.788
-31.5569  152.788
-31.4037  152.788
-31.2504  152.788
-31.0972  152.788
-30.9439  152.788
-30.7907  152.788
-30.6374  152.788
-30.4842  152.788
-30.3309  152.788
-30.1777  152.788
-31.7868  152.944
-31.6336  152.944
-31.4803  152.944
-31.3271  152.944
-31.1738  152.944
-31.0206  152.944
-30.8673  152.944
 -30.714  152.944
-30.5608  152.944
-30.4075  152.944
-30.2543  152.944
 -30.101  152.944
-29.9478  152.944
-31.5569  153.101
-31.4037  153.101
-31.2504  153.101
-31.0972  153.101
-30.9439  153.101
-30.7907  153.101
-30.6374  153.101
-30.4842  153.101
-30.3309  153.101
-30.1777  153.101
-30.0244  153.101
-29.8711  153.101
-31.1738  153.257
-31.0206  153.257
-30.8673  153.257
 -30.714  153.257
-30.5608  153.257
-30.4075  153.257
-30.2543  153.257
 -30.101  153.257
-29.9478  153.257
-30.7907  153.414
-30.6374  153.414
-30.4842  153.414
-30.3309  153.414
-30.1777  153.414
-30.0244  153.414
