  1   6
  1   7
  1   2
  2   7
  2   8
  2   3
  3   8
  3   9
  3   4
  4   9
  4  10
  4   5
  5  10
  5  11
  6  14
  6   7
  7  14
  7  15
  7   8
  8  15
  8  16
  8   9
  9  16
  9  17
  9  10
 10  17
 10  18
 10  11
 11  18
 11  19
 11  12
 12  19
 12  20
 12  13
 13  20
 13  21
 14  24
 14  25
 14  15
 15  25
 15  26
 15  16
 16  26
 16  27
 16  17
 17  27
 17  28
 17  18
 18  28
 18  29
 18  19
 19  29
 19  30
 19  20
 20  30
 20  31
 20  21
 21  31
 21  32
 21  22
 22  32
 22  33
 22  23
 23  33
 23  34
 24  37
 24  38
 24  25
 25  38
 25  39
 25  26
 26  39
 26  40
 26  27
 27  40
 27  41
 27  28
 28  41
 28  42
 28  29
 29  42
 29  43
 29  30
 30  43
 30  44
 30  31
 31  44
 31  45
 31  32
 32  45
 32  46
 32  33
 33  46
 33  47
 33  34
 34  47
 34  48
 34  35
 35  48
 35  49
 35  36
 36  49
 36  50
 37  54
 37  38
 38  54
 38  55
 38  39
 39  55
 39  56
 39  40
 40  56
 40  57
 40  41
 41  57
 41  58
 41  42
 42  58
 42  59
 42  43
 43  59
 43  60
 43  44
 44  60
 44  61
 44  45
 45  61
 45  62
 45  46
 46  62
 46  63
 46  47
 47  63
 47  64
 47  48
 48  64
 48  65
 48  49
 49  65
 49  66
 49  50
 50  66
 50  67
 50  51
 51  67
 51  68
 51  52
 52  68
 52  69
 52  53
 53  69
 53  70
 54  73
 54  55
 55  73
 55  74
 55  56
 56  74
 56  75
 56  57
 57  75
 57  76
 57  58
 58  76
 58  77
 58  59
 59  77
 59  78
 59  60
 60  78
 60  79
 60  61
 61  79
 61  80
 61  62
 62  80
 62  81
 62  63
 63  81
 63  82
 63  64
 64  82
 64  83
 64  65
 65  83
 65  84
 65  66
 66  84
 66  85
 66  67
 67  85
 67  86
 67  68
 68  86
 68  87
 68  69
 69  87
 69  88
 69  70
 70  88
 70  89
 70  71
 71  89
 71  90
 71  72
 72  90
 72  91
 73  94
 73  74
 74  94
 74  95
 74  75
 75  95
 75  96
 75  76
 76  96
 76  97
 76  77
 77  97
 77  98
 77  78
 78  98
 78  99
 78  79
 79  99
 79 100
 79  80
 80 100
 80 101
 80  81
 81 101
 81 102
 81  82
 82 102
 82 103
 82  83
 83 103
 83 104
 83  84
 84 104
 84 105
 84  85
 85 105
 85 106
 85  86
 86 106
 86 107
 86  87
 87 107
 87 108
 87  88
 88 108
 88 109
 88  89
 89 109
 89 110
 89  90
 90 110
 90 111
 90  91
 91 111
 91 112
 91  92
 92 112
 92 113
 92  93
 93 113
 93 114
 94 118
 94  95
 95 118
 95 119
 95  96
 96 119
 96 120
 96  97
 97 120
 97 121
 97  98
 98 121
 98 122
 98  99
 99 122
 99 123
 99 100
100 123
100 124
100 101
101 124
101 125
101 102
102 125
102 126
102 103
103 126
103 127
103 104
104 127
104 128
104 105
105 128
105 129
105 106
106 129
106 130
106 107
107 130
107 131
107 108
108 131
108 132
108 109
109 132
109 133
109 110
110 133
110 134
110 111
111 134
111 135
111 112
112 135
112 136
112 113
113 136
113 137
113 114
114 137
114 138
114 115
115 138
115 139
115 116
116 139
116 140
116 117
117 140
117 141
118 145
118 119
119 145
119 146
119 120
120 146
120 147
120 121
121 147
121 148
121 122
122 148
122 149
122 123
123 149
123 150
123 124
124 150
124 151
124 125
125 151
125 152
125 126
126 152
126 153
126 127
127 153
127 154
127 128
128 154
128 155
128 129
129 155
129 156
129 130
130 156
130 157
130 131
131 157
131 158
131 132
132 158
132 159
132 133
133 159
133 160
133 134
134 160
134 161
134 135
135 161
135 162
135 136
136 162
136 163
136 137
137 163
137 164
137 138
138 164
138 165
138 139
139 165
139 166
139 140
140 166
140 167
140 141
141 167
141 168
141 142
142 168
142 169
142 143
143 169
143 170
143 144
144 170
144 171
145 175
145 146
146 175
146 176
146 147
147 176
147 177
147 148
148 177
148 178
148 149
149 178
149 179
149 150
150 179
150 180
150 151
151 180
151 181
151 152
152 181
152 182
152 153
153 182
153 183
153 154
154 183
154 184
154 155
155 184
155 185
155 156
156 185
156 186
156 157
157 186
157 187
157 158
158 187
158 188
158 159
159 188
159 189
159 160
160 189
160 190
160 161
161 190
161 191
161 162
162 191
162 192
162 163
163 192
163 193
163 164
164 193
164 194
164 165
165 194
165 195
165 166
166 195
166 196
166 167
167 196
167 197
167 168
168 197
168 198
168 169
169 198
169 199
169 170
170 199
170 200
170 171
171 200
171 201
171 172
172 201
172 202
172 173
173 202
173 203
173 174
174 203
174 204
175 176
176 177
177 178
178 207
178 179
179 207
179 208
179 180
180 208
180 209
180 181
181 209
181 210
181 182
182 210
182 211
182 183
183 211
183 212
183 184
184 212
184 213
184 185
185 213
185 214
185 186
186 214
186 215
186 187
187 215
187 216
187 188
188 216
188 217
188 189
189 217
189 218
189 190
190 218
190 219
190 191
191 219
191 220
191 192
192 220
192 221
192 193
193 221
193 222
193 194
194 222
194 223
194 195
195 223
195 224
195 196
196 224
196 225
196 197
197 225
197 226
197 198
198 226
198 227
198 199
199 227
199 228
199 200
200 228
200 229
200 201
201 229
201 230
201 202
202 230
202 231
202 203
203 231
203 232
203 204
204 232
204 233
204 205
205 233
205 234
205 206
206 234
206 235
207 208
208 209
209 238
209 210
210 238
210 239
210 211
211 239
211 240
211 212
212 240
212 241
212 213
213 241
213 242
213 214
214 242
214 243
214 215
215 243
215 244
215 216
216 244
216 245
216 217
217 245
217 246
217 218
218 246
218 247
218 219
219 247
219 248
219 220
220 248
220 249
220 221
221 249
221 250
221 222
222 250
222 251
222 223
223 251
223 252
223 224
224 252
224 253
224 225
225 253
225 254
225 226
226 254
226 255
226 227
227 255
227 256
227 228
228 256
228 257
228 229
229 257
229 258
229 230
230 258
230 259
230 231
231 259
231 260
231 232
232 260
232 261
232 233
233 261
233 262
233 234
234 262
234 263
234 235
235 263
235 264
235 236
236 264
236 265
236 237
237 265
237 266
238 239
239 240
240 241
241 242
242 269
242 243
243 269
243 270
243 244
244 270
244 271
244 245
245 271
245 272
245 246
246 272
246 273
246 247
247 273
247 274
247 248
248 274
248 275
248 249
249 275
249 276
249 250
250 276
250 277
250 251
251 277
251 278
251 252
252 278
252 279
252 253
253 279
253 280
253 254
254 280
254 281
254 255
255 281
255 282
255 256
256 282
256 283
256 257
257 283
257 284
257 258
258 284
258 285
258 259
259 285
259 286
259 260
260 286
260 287
260 261
261 287
261 288
261 262
262 288
262 289
262 263
263 289
263 290
263 264
264 290
264 291
264 265
265 291
265 292
265 266
266 292
266 293
266 267
267 293
267 294
267 268
268 294
268 295
269 270
270 271
271 272
272 298
272 273
273 298
273 299
273 274
274 299
274 300
274 275
275 300
275 301
275 276
276 301
276 302
276 277
277 302
277 303
277 278
278 303
278 304
278 279
279 304
279 305
279 280
280 305
280 306
280 281
281 306
281 307
281 282
282 307
282 308
282 283
283 308
283 309
283 284
284 309
284 310
284 285
285 310
285 311
285 286
286 311
286 312
286 287
287 312
287 313
287 288
288 313
288 314
288 289
289 314
289 315
289 290
290 315
290 316
290 291
291 316
291 317
291 292
292 317
292 318
292 293
293 318
293 319
293 294
294 319
294 320
294 295
295 320
295 321
295 296
296 321
296 322
296 297
297 322
297 323
298 299
299 300
300 301
301 325
301 302
302 325
302 326
302 303
303 326
303 327
303 304
304 327
304 328
304 305
305 328
305 329
305 306
306 329
306 330
306 307
307 330
307 331
307 308
308 331
308 332
308 309
309 332
309 333
309 310
310 333
310 334
310 311
311 334
311 335
311 312
312 335
312 336
312 313
313 336
313 337
313 314
314 337
314 338
314 315
315 338
315 339
315 316
316 339
316 340
316 317
317 340
317 341
317 318
318 341
318 342
318 319
319 342
319 343
319 320
320 343
320 344
320 321
321 344
321 345
321 322
322 345
322 346
322 323
323 346
323 347
323 324
324 347
324 348
325 326
326 327
327 350
327 328
328 350
328 351
328 329
329 351
329 352
329 330
330 352
330 353
330 331
331 353
331 354
331 332
332 354
332 355
332 333
333 355
333 356
333 334
334 356
334 357
334 335
335 357
335 358
335 336
336 358
336 359
336 337
337 359
337 360
337 338
338 360
338 361
338 339
339 361
339 362
339 340
340 362
340 363
340 341
341 363
341 364
341 342
342 364
342 365
342 343
343 365
343 366
343 344
344 366
344 367
344 345
345 367
345 368
345 346
346 368
346 369
346 347
347 369
347 370
347 348
348 370
348 371
348 349
349 371
349 372
350 351
351 352
352 375
352 353
353 375
353 376
353 354
354 376
354 377
354 355
355 377
355 378
355 356
356 378
356 379
356 357
357 379
357 380
357 358
358 380
358 381
358 359
359 381
359 382
359 360
360 382
360 383
360 361
361 383
361 384
361 362
362 384
362 385
362 363
363 385
363 386
363 364
364 386
364 387
364 365
365 387
365 388
365 366
366 388
366 389
366 367
367 389
367 390
367 368
368 390
368 391
368 369
369 391
369 392
369 370
370 392
370 393
370 371
371 393
371 394
371 372
372 394
372 395
372 373
373 395
373 396
373 374
374 396
374 397
375 376
376 377
377 399
377 378
378 399
378 400
378 379
379 400
379 401
379 380
380 401
380 402
380 381
381 402
381 403
381 382
382 403
382 404
382 383
383 404
383 405
383 384
384 405
384 406
384 385
385 406
385 407
385 386
386 407
386 408
386 387
387 408
387 409
387 388
388 409
388 410
388 389
389 410
389 411
389 390
390 411
390 412
390 391
391 412
391 413
391 392
392 413
392 414
392 393
393 414
393 415
393 394
394 415
394 416
394 395
395 416
395 417
395 396
396 417
396 418
396 397
397 418
397 419
397 398
398 419
398 420
399 400
400 401
401 422
401 402
402 422
402 423
402 403
403 423
403 424
403 404
404 424
404 425
404 405
405 425
405 426
405 406
406 426
406 427
406 407
407 427
407 428
407 408
408 428
408 429
408 409
409 429
409 430
409 410
410 430
410 431
410 411
411 431
411 432
411 412
412 432
412 433
412 413
413 433
413 434
413 414
414 434
414 435
414 415
415 435
415 436
415 416
416 436
416 437
416 417
417 437
417 438
417 418
418 438
418 439
418 419
419 439
419 440
419 420
420 440
420 441
420 421
421 441
421 442
422 423
423 424
424 445
424 425
425 445
425 446
425 426
426 446
426 447
426 427
427 447
427 448
427 428
428 448
428 449
428 429
429 449
429 450
429 430
430 450
430 451
430 431
431 451
431 452
431 432
432 452
432 453
432 433
433 453
433 454
433 434
434 454
434 455
434 435
435 455
435 456
435 436
436 456
436 457
436 437
437 457
437 458
437 438
438 458
438 459
438 439
439 459
439 460
439 440
440 460
440 461
440 441
441 461
441 462
441 442
442 462
442 463
442 443
443 463
443 464
443 444
444 464
444 465
445 446
446 447
447 448
448 467
448 449
449 467
449 468
449 450
450 468
450 469
450 451
451 469
451 470
451 452
452 470
452 471
452 453
453 471
453 472
453 454
454 472
454 473
454 455
455 473
455 474
455 456
456 474
456 475
456 457
457 475
457 476
457 458
458 476
458 477
458 459
459 477
459 478
459 460
460 478
460 479
460 461
461 479
461 480
461 462
462 480
462 481
462 463
463 481
463 482
463 464
464 482
464 483
464 465
465 483
465 484
465 466
466 484
466 485
467 468
468 469
469 488
469 470
470 488
470 489
470 471
471 489
471 490
471 472
472 490
472 491
472 473
473 491
473 492
473 474
474 492
474 493
474 475
475 493
475 494
475 476
476 494
476 495
476 477
477 495
477 496
477 478
478 496
478 497
478 479
479 497
479 498
479 480
480 498
480 499
480 481
481 499
481 500
481 482
482 500
482 501
482 483
483 501
483 502
483 484
484 502
484 503
484 485
485 503
485 504
485 486
486 504
486 505
486 487
487 505
487 506
488 489
489 490
490 508
490 491
491 508
491 509
491 492
492 509
492 510
492 493
493 510
493 511
493 494
494 511
494 512
494 495
495 512
495 513
495 496
496 513
496 514
496 497
497 514
497 515
497 498
498 515
498 516
498 499
499 516
499 517
499 500
500 517
500 518
500 501
501 518
501 519
501 502
502 519
502 520
502 503
503 520
503 521
503 504
504 521
504 522
504 505
505 522
505 523
505 506
506 523
506 524
506 507
507 524
507 525
508 509
509 510
510 511
511 527
511 512
512 527
512 528
512 513
513 528
513 529
513 514
514 529
514 530
514 515
515 530
515 531
515 516
516 531
516 532
516 517
517 532
517 533
517 518
518 533
518 534
518 519
519 534
519 535
519 520
520 535
520 536
520 521
521 536
521 537
521 522
522 537
522 538
522 523
523 538
523 539
523 524
524 539
524 540
524 525
525 540
525 541
525 526
526 541
526 542
527 528
528 529
529 530
530 531
531 545
531 532
532 545
532 546
532 533
533 546
533 547
533 534
534 547
534 548
534 535
535 548
535 549
535 536
536 549
536 550
536 537
537 550
537 551
537 538
538 551
538 552
538 539
539 552
539 553
539 540
540 553
540 554
540 541
541 554
541 555
541 542
542 555
542 556
542 543
543 556
543 557
543 544
544 557
544 558
545 546
546 547
547 548
548 560
548 549
549 560
549 561
549 550
550 561
550 562
550 551
551 562
551 563
551 552
552 563
552 564
552 553
553 564
553 565
553 554
554 565
554 566
554 555
555 566
555 567
555 556
556 567
556 568
556 557
557 568
557 569
557 558
558 569
558 570
558 559
559 570
559 571
560 561
561 562
562 563
563 574
563 564
564 574
564 575
564 565
565 575
565 576
565 566
566 576
566 577
566 567
567 577
567 578
567 568
568 578
568 579
568 569
569 579
569 580
569 570
570 580
570 581
570 571
571 581
571 582
571 572
572 582
572 583
572 573
573 583
573 584
574 575
575 576
576 586
576 577
577 586
577 587
577 578
578 587
578 588
578 579
579 588
579 589
579 580
580 589
580 590
580 581
581 590
581 591
581 582
582 591
582 592
582 583
583 592
583 593
583 584
584 593
584 594
584 585
585 594
585 595
586 587
587 588
588 597
588 589
589 597
589 598
589 590
590 598
590 599
590 591
591 599
591 600
591 592
592 600
592 601
592 593
593 601
593 602
593 594
594 602
594 603
594 595
595 603
595 604
595 596
596 604
596 605
597 598
598 608
598 599
599 608
599 609
599 600
600 609
600 610
600 601
601 610
601 611
601 602
602 611
602 612
602 603
603 612
603 613
603 604
604 613
604 614
604 605
605 614
605 615
605 606
606 615
606 616
606 607
607 616
607 617
608 609
609 610
610 619
610 611
611 619
611 620
611 612
612 620
612 621
612 613
613 621
613 622
613 614
614 622
614 623
614 615
615 623
615 624
615 616
616 624
616 625
616 617
617 625
617 626
617 618
618 626
618 627
619 620
620 621
621 629
621 622
622 629
622 630
622 623
623 630
623 631
623 624
624 631
624 632
624 625
625 632
625 633
625 626
626 633
626 634
626 627
627 634
627 635
627 628
628 635
628 636
629 630
630 639
630 631
631 639
631 640
631 632
632 640
632 641
632 633
633 641
633 642
633 634
634 642
634 643
634 635
635 643
635 644
635 636
636 644
636 645
636 637
637 645
637 646
637 638
638 646
638 647
639 640
640 641
641 650
641 642
642 650
642 651
642 643
643 651
643 652
643 644
644 652
644 653
644 645
645 653
645 654
645 646
646 654
646 655
646 647
647 655
647 656
647 648
648 656
648 657
648 649
649 657
649 658
650 651
651 661
651 652
652 661
652 662
652 653
653 662
653 663
653 654
654 663
654 664
654 655
655 664
655 665
655 656
656 665
656 666
656 657
657 666
657 667
657 658
658 667
658 668
658 659
659 668
659 669
659 660
660 669
660 670
661 662
662 672
662 663
663 672
663 673
663 664
664 673
664 674
664 665
665 674
665 675
665 666
666 675
666 676
666 667
667 676
667 677
667 668
668 677
668 678
668 669
669 678
669 679
669 670
670 679
670 680
670 671
671 680
671 681
672 673
673 684
673 674
674 684
674 685
674 675
675 685
675 686
675 676
676 686
676 687
676 677
677 687
677 688
677 678
678 688
678 689
678 679
679 689
679 690
679 680
680 690
680 691
680 681
681 691
681 692
681 682
682 692
682 693
682 683
683 693
683 694
684 685
685 697
685 686
686 697
686 698
686 687
687 698
687 699
687 688
688 699
688 700
688 689
689 700
689 701
689 690
690 701
690 702
690 691
691 702
691 703
691 692
692 703
692 704
692 693
693 704
693 705
693 694
694 705
694 706
694 695
695 706
695 707
695 696
696 707
696 708
697 698
698 710
698 699
699 710
699 711
699 700
700 711
700 712
700 701
701 712
701 713
701 702
702 713
702 714
702 703
703 714
703 715
703 704
704 715
704 716
704 705
705 716
705 717
705 706
706 717
706 718
706 707
707 718
707 719
707 708
708 719
708 720
708 709
709 720
709 721
710 711
711 712
712 722
712 713
713 722
713 723
713 714
714 723
714 724
714 715
715 724
715 725
715 716
716 725
716 726
716 717
717 726
717 727
717 718
718 727
718 728
718 719
719 728
719 729
719 720
720 729
720 730
720 721
721 730
722 723
723 724
724 731
724 725
725 731
725 732
725 726
726 732
726 733
726 727
727 733
727 734
727 728
728 734
728 735
728 729
729 735
729 736
729 730
730 736
731 732
732 733
733 734
734 735
735 736
