    75.198631 -27945.401584
    62.322679 -27936.836217
    63.590997 -27943.838491
    65.639128 -27941.043847
    77.325661 -27942.914088
    67.173156 -27942.678570
    47.287796 -27946.199316
    74.099703 -27946.363841
    78.275020 -27944.382365
    70.415852 -27940.516873
    68.199949 -27948.783739
    73.740362 -27948.615789
    74.487692 -27951.932923
    44.535513 -27946.382729
    56.591613 -27957.083286
    72.459105 -27943.493504
    71.415177 -27949.735143
    65.930612 -27952.311688
    93.290021 -27942.236185
    66.745221 -27947.594600
    62.843576 -27940.933059
    82.194324 -27944.402300
    95.276285 -27943.060419
    83.780603 -27946.964251
    88.081016 -27945.226434
    56.901958 -27950.597003
    83.303543 -27947.315446
    69.719298 -27955.477207
    78.059384 -27949.078791
    82.951397 -27942.969004
    66.829353 -27947.821858
    64.291267 -27942.800012
    63.697708 -27940.914258
    67.112547 -27940.305111
    69.142941 -27938.759123
    54.039717 -27942.137342
    76.350747 -27944.847393
    80.876593 -27946.115286
    81.352499 -27947.332546
    60.728501 -27940.657420
    54.262675 -27938.094400
    71.130680 -27937.267263
    70.109565 -27936.482543
    80.374786 -27938.455253
    55.801637 -27937.656842
    77.029286 -27944.622663
    63.362856 -27938.612541
    62.292421 -27940.515460
    70.973358 -27945.565531
    58.157956 -27942.100730
    58.053844 -27945.522541
    53.349974 -27942.056742
    63.890671 -27940.844238
    60.744455 -27942.876441
    84.828628 -27945.226482
    95.157049 -27949.091355
    80.151882 -27952.500467
    73.231692 -27942.794032
    66.685707 -27943.211236
    68.635024 -27946.155194
    85.048410 -27948.295719
    57.875003 -27944.412768
    60.018360 -27945.902989
    47.499091 -27947.728892
    69.059122 -27943.820144
    72.322297 -27950.796331
    51.621259 -27944.650396
    47.162093 -27947.744891
    67.856686 -27946.231623
    72.056878 -27951.456521
    77.358800 -27948.467514
    74.585144 -27948.926533
    67.295696 -27945.331245
    64.940665 -27952.271663
    58.308804 -27947.115592
    78.543252 -27947.516130
    64.201843 -27944.862946
    62.771262 -27950.960688
    46.479946 -27949.615187
    65.887525 -27948.090793
    90.717890 -27946.855095
    69.775319 -27945.976242
    75.471422 -27953.464713
    61.401364 -27954.365440
    65.886234 -27961.732280
    58.316867 -27960.427918
    62.058971 -27959.288611
    67.145075 -27952.528951
    75.451541 -27947.957094
    75.814115 -27946.943047
    63.312892 -27947.483867
    37.917758 -27947.458909
    60.817085 -27949.492536
    64.985958 -27943.559525
    64.106125 -27949.015293
    67.300356 -27948.108460
    64.515384 -27944.194752
    71.424929 -27941.063487
    68.311289 -27945.701169
    61.856715 -27943.709548
    56.209245 -27941.358021
    84.985121 -27943.498115
    96.947829 -27945.042873
    91.708227 -27938.171320
    89.741766 -27942.672858
    91.730783 -27947.107309
    99.283352 -27943.141297
    89.462718 -27948.233683
    77.846842 -27943.603047
    75.568030 -27948.183791
    89.924171 -27944.233096
    88.729034 -27942.062506
    84.123032 -27948.015048
    87.115192 -27943.159342
    76.399709 -27944.746996
    63.866261 -27943.811765
    71.929860 -27942.165519
    60.432969 -27938.205879
    68.665751 -27944.164903
    59.455356 -27941.374414
    70.752379 -27941.531952
    71.802016 -27941.340330
    56.147880 -27943.220425
    61.215932 -27940.959533
    56.415916 -27946.234105
    68.364222 -27944.195630
    64.679135 -27940.935694
    53.812818 -27940.757079
    71.278323 -27940.530532
    81.821709 -27947.659976
    94.210428 -27942.429159
    57.943841 -27942.151559
    74.976198 -27941.665080
    63.960681 -27945.907570
    71.589167 -27948.810833
    76.670357 -27941.226223
    85.184567 -27939.120971
    80.444717 -27939.747540
    65.432213 -27945.846315
    84.373189 -27952.598458
    72.895924 -27951.877372
    79.764496 -27945.439983
    63.491665 -27943.032957
    67.940442 -27943.092400
    74.847584 -27945.422619
    64.936523 -27939.743078
    71.061140 -27943.641776
    52.087612 -27949.425777
    54.934688 -27948.546454
    69.537243 -27944.709206
    82.710849 -27946.886188
    57.945199 -27943.088215
    65.161388 -27944.544538
    62.789203 -27945.545933
    70.474450 -27951.257215
    56.387289 -27953.927831
    79.803735 -27943.195713
    95.619967 -27955.428868
   107.445407 -27947.380394
    86.571527 -27949.903490
    60.651302 -27946.606701
    63.428917 -27945.902488
    55.473341 -27947.432326
    48.828505 -27951.546130
    51.096417 -27960.242978
    77.983838 -27953.925911
    55.318736 -27945.228552
    47.633222 -27950.495743
    82.257740 -27950.426724
    86.134380 -27949.423538
    85.731135 -27947.223144
    96.950176 -27947.673871
    88.572721 -27944.776536
    82.914916 -27944.025080
    89.313662 -27944.401769
    81.786101 -27950.314048
    83.837826 -27946.562819
    68.149551 -27946.175687
    75.479509 -27946.820202
    66.280398 -27950.509652
    74.252223 -27945.835924
    75.169573 -27949.823910
    65.088860 -27945.685264
    81.837902 -27944.268140
   109.396466 -27952.675168
    82.694421 -27947.343245
    79.910236 -27951.574448
    82.354860 -27948.255007
    73.271604 -27947.970574
    91.783237 -27945.742613
    77.588729 -27943.076501
    99.055181 -27950.603158
    84.379741 -27945.304421
    90.452366 -27936.646056
    69.200589 -27948.890395
    94.041961 -27936.104761
    80.947709 -27938.661400
    86.051148 -27939.146827
    87.004373 -27946.443734
    98.016733 -27945.454164
   105.762931 -27946.672985
   106.106168 -27947.538661
    99.743198 -27948.199012
    94.858006 -27947.769250
    82.413306 -27943.537945
    87.315155 -27949.036110
    79.551233 -27942.657614
    96.050141 -27940.511249
    88.567410 -27940.163957
    94.765002 -27939.303877
    82.029618 -27942.395960
    63.648946 -27940.486016
    61.639845 -27949.229687
    61.465499 -27944.926924
    81.276436 -27943.217600
    80.188699 -27941.046469
    75.926672 -27948.345848
    49.575248 -27948.122991
    53.764684 -27944.088936
    69.012728 -27953.764312
    60.839969 -27944.264820
    49.806302 -27943.543197
    60.858565 -27944.709211
    74.711284 -27944.396859
    90.611314 -27946.172482
    89.103560 -27949.709584
    62.854856 -27943.568214
    61.944945 -27948.688783
    81.556056 -27943.665840
    64.143738 -27944.521474
    65.718536 -27946.530942
    83.694606 -27946.450830
    76.084368 -27943.907561
    71.238703 -27938.150789
    53.533813 -27944.569397
    53.353313 -27943.466993
    59.536346 -27941.254743
    45.361026 -27942.579813
    48.555607 -27941.386326
    55.076882 -27939.772879
    62.527765 -27947.520540
    55.221297 -27948.554656
    72.302166 -27954.480190
    70.039380 -27943.993871
    61.332233 -27948.175727
    77.410257 -27944.982403
    52.791519 -27942.280293
    47.250161 -27942.186038
    61.005315 -27946.671020
    96.389565 -27942.687095
    96.569455 -27942.640236
    82.390493 -27942.236788
    98.584650 -27945.857379
    79.232176 -27942.801695
    69.579225 -27942.974477
    63.296034 -27943.475020
    52.403959 -27942.983106
    60.263866 -27945.675744
    65.213789 -27937.919185
    57.470052 -27939.929976
    60.303336 -27936.867356
    77.738694 -27944.255619
    68.798536 -27941.429538
    62.587824 -27940.921220
    69.022341 -27943.961346
    64.399264 -27950.190758
    63.278635 -27939.845249
    63.204137 -27944.119777
    86.063421 -27950.962799
    68.438749 -27941.818351
    94.221118 -27939.371288
    93.519350 -27944.153691
   105.396261 -27943.428292
   103.455238 -27943.572783
   122.113765 -27944.788474
    90.391005 -27943.856482
   111.607062 -27942.602084
   119.816569 -27957.979773
   120.538752 -27943.762842
   120.061079 -27957.408384
   126.384305 -27955.154633
   116.954787 -27947.021233
   116.720945 -27940.950463
   131.405659 -27945.667129
   129.606431 -27946.721555
   116.170676 -27944.581255
   112.103228 -27947.239594
   113.068518 -27941.358216
   104.416324 -27936.252577
   109.586981 -27938.290308
   101.046849 -27946.939872
   103.800258 -27947.318731
    91.594073 -27944.785904
    94.425013 -27944.907296
   106.867015 -27939.825581
    84.058874 -27941.552426
    75.664495 -27943.549536
    70.955598 -27940.591909
    61.169395 -27943.582185
    58.078410 -27940.935827
    51.884765 -27941.434579
    61.701288 -27950.696598
    57.558210 -27942.887117
    83.509466 -27948.239165
    63.276286 -27952.789553
    62.396459 -27942.096412
    49.551655 -27944.354213
    44.651647 -27945.639676
    73.785693 -27941.726666
    92.106558 -27946.656046
   108.653973 -27950.110297
    88.413298 -27943.036096
   106.420903 -27942.595775
    96.802745 -27939.233838
   102.178207 -27946.005241
    91.031077 -27944.435858
    86.067239 -27945.317365
    89.713698 -27937.944362
   100.273113 -27938.902361
    92.144157 -27942.553013
    67.335899 -27940.480540
    68.000961 -27939.818568
    74.738717 -27940.484262
   103.464649 -27937.538485
   126.497759 -27941.059922
    98.905714 -27940.402943
    98.872105 -27950.030503
    90.099954 -27942.364350
    87.692643 -27948.993626
    99.112215 -27939.137558
    95.924017 -27939.506253
    86.258843 -27943.848405
    84.636675 -27951.312415
    83.036329 -27949.357596
    72.354225 -27944.444796
    57.059844 -27950.950906
    82.604582 -27950.532570
    75.291310 -27954.127852
    57.513340 -27948.009720
    66.447682 -27944.457861
    76.901600 -27945.819482
    82.723172 -27937.922218
   100.327801 -27941.673196
   107.281228 -27937.269952
    95.702602 -27946.311906
    91.620244 -27950.724721
    77.058980 -27942.297632
    59.265463 -27939.256826
    70.185090 -27947.506999
    80.164268 -27945.342160
    71.065827 -27938.311323
    60.560841 -27941.817821
    59.934801 -27944.813407
    67.134907 -27943.881847
    72.109334 -27945.822213
    77.787252 -27943.528079
    95.865271 -27941.327201
   101.598525 -27940.870914
    96.471150 -27941.848548
    96.939456 -27943.153688
   114.971253 -27939.340989
   129.462169 -27943.431634
    98.564827 -27947.067543
   107.932924 -27938.571838
    90.451541 -27942.777485
   107.274961 -27941.837576
    94.820913 -27942.710146
   103.191767 -27946.930182
    91.772403 -27944.807332
    79.226612 -27951.876613
    75.426736 -27946.881903
    68.685700 -27946.704613
    92.332699 -27944.110499
    70.376457 -27943.741719
    62.639570 -27947.850835
    61.752290 -27943.613294
    70.027093 -27945.557145
    71.418734 -27949.705792
    70.472061 -27951.081446
    87.862645 -27942.644433
    91.317375 -27943.032030
    55.519800 -27939.506415
    60.409297 -27947.338812
    83.005081 -27946.229744
    74.020630 -27945.538732
    74.935654 -27943.834446
    63.869405 -27945.964842
    57.416269 -27943.928717
    73.525935 -27943.325200
    72.431844 -27946.751001
    77.029545 -27943.851383
    69.334135 -27941.702935
    74.476609 -27946.225145
    80.691587 -27949.036661
    76.465730 -27946.706112
    74.197233 -27940.468761
    52.017530 -27943.950632
    53.797791 -27945.027350
    63.591774 -27946.225414
    50.896451 -27945.952025
    95.340742 -27947.724578
    75.719169 -27946.545570
    65.785110 -27948.572677
    57.741346 -27947.070614
    63.262777 -27951.586919
    57.235148 -27946.715825
    60.339819 -27953.388764
    61.600874 -27943.345625
    76.073198 -27942.804108
    86.195520 -27942.556620
    69.908270 -27942.274846
    90.113836 -27939.762998
   106.736104 -27941.043575
   114.699588 -27941.745552
   117.285356 -27940.588857
    83.281173 -27938.945813
    87.790214 -27948.943466
    65.911367 -27945.805315
    83.825963 -27942.473143
    69.463978 -27942.346299
    69.425014 -27944.211950
    51.773101 -27944.459340
    55.832652 -27944.765047
    53.379188 -27941.400239
    44.347255 -27942.895965
    56.253257 -27951.447912
    58.287368 -27942.959350
    58.126602 -27948.257133
    60.685291 -27947.957507
    47.039975 -27947.922529
    74.457017 -27950.820760
    90.125930 -27945.376401
    74.600192 -27945.299122
    84.553007 -27949.873352
    60.008132 -27946.295051
    71.330012 -27949.580529
    73.369063 -27952.531006
    69.102315 -27946.279419
    71.727873 -27949.068038
    60.589624 -27946.568793
    53.153159 -27949.684575
    59.941156 -27945.830083
    74.167097 -27940.545296
    63.079984 -27946.251928
    62.669444 -27948.208088
    48.155344 -27944.802759
    65.231418 -27950.957141
    64.022825 -27941.764431
    73.050535 -27939.260013
    68.975801 -27942.915656
    83.806905 -27947.934020
    50.407775 -27948.564055
    47.099042 -27935.410621
    52.582070 -27940.145291
    65.009756 -27945.394492
    56.373048 -27939.197531
    43.459547 -27938.127126
    38.549280 -27943.193325
    37.672462 -27945.718466
    62.762795 -27944.222106
    66.307879 -27941.264066
    48.710448 -27945.494468
    67.899881 -27944.849329
    77.476002 -27947.119934
   102.939828 -27942.767081
    88.273042 -27939.735683
    97.120538 -27947.011621
    91.360572 -27947.737386
    81.540396 -27943.288819
    84.493047 -27944.684498
    70.755985 -27944.527956
    53.740295 -27953.238611
    56.794274 -27944.260083
    40.623056 -27939.077333
    60.039299 -27944.160469
    68.104157 -27940.908884
    55.456009 -27943.894183
    60.293969 -27946.057947
    71.543534 -27947.880002
    59.313707 -27948.898160
    69.974037 -27945.635678
    57.249390 -27940.307916
    55.475541 -27947.789058
    58.597749 -27949.831444
    51.503309 -27953.240029
    72.008284 -27953.161155
    68.991105 -27946.467849
    45.224449 -27939.875527
    57.326730 -27945.053060
    67.177685 -27939.838399
    51.049267 -27936.936517
    60.823109 -27938.138630
    71.454553 -27938.809562
    50.986666 -27938.759133
    57.043818 -27942.519172
    68.132097 -27946.528518
    66.799502 -27943.315743
    70.766884 -27949.407433
    69.274657 -27951.636860
    60.947351 -27949.465803
    51.661174 -27942.934294
    59.790572 -27946.537463
    54.924938 -27945.925396
    63.749466 -27948.799673
    80.170713 -27947.712486
    66.757445 -27943.615655
    67.760944 -27944.563543
    78.822231 -27945.464520
    77.533379 -27948.884404
    78.051735 -27943.461105
    68.173147 -27952.648505
    80.704000 -27948.979793
    88.517974 -27943.006351
    77.791236 -27950.249356
    86.226584 -27950.597133
    49.640682 -27943.287002
    83.912835 -27953.721217
    92.021692 -27942.470128
    88.502326 -27941.573124
   102.986255 -27940.837329
   101.792008 -27943.502425
   104.538689 -27944.747384
    83.461861 -27942.496404
    75.387173 -27942.476580
    66.628495 -27946.974707
    44.198758 -27951.547874
    62.569418 -27942.610836
    78.469932 -27944.515378
    83.771151 -27943.116263
    91.022289 -27951.738341
   115.179728 -27946.493106
   109.960014 -27952.758192
    90.388693 -27942.330706
    95.791210 -27946.510914
   117.002573 -27943.854512
   115.730736 -27943.924786
   118.047821 -27950.298792
   106.855593 -27942.033399
   105.856403 -27945.384014
    93.101524 -27942.653617
    71.976913 -27942.837553
    84.108605 -27942.989694
    99.337168 -27945.011919
   113.214766 -27945.408489
   127.833541 -27948.216135
   125.435748 -27943.021087
   120.385749 -27944.002198
    81.086696 -27950.164595
    92.102357 -27952.554572
    86.328860 -27940.089491
    85.980665 -27936.832139
    91.585964 -27945.232970
    90.662595 -27946.970896
    72.278146 -27941.964632
    87.445624 -27943.111501
   120.488508 -27937.674256
   133.234267 -27942.847892
   125.946622 -27944.342386
   131.519794 -27944.184978
   107.636081 -27945.631830
   107.063954 -27951.435444
   108.834771 -27952.186894
    90.254241 -27952.453393
    75.872615 -27946.117101
    93.618021 -27944.522492
    62.076803 -27945.117679
    65.806568 -27947.275463
    66.691790 -27943.074782
    66.195821 -27946.779470
   100.549801 -27944.420612
    88.888215 -27942.082149
    84.821911 -27943.072824
    90.149328 -27940.777153
    84.680433 -27950.424629
    91.093348 -27943.244557
    97.924766 -27944.267999
    64.132943 -27945.805674
    76.791492 -27949.470347
    64.225456 -27958.037630
    70.584167 -27948.681600
    75.050985 -27940.872512
    63.048455 -27939.878838
    96.354536 -27946.101633
    87.701801 -27948.023524
    94.003262 -27938.914412
    80.048272 -27938.233892
    62.671296 -27945.563101
    66.262853 -27943.904224
    65.532170 -27940.609679
    89.900237 -27943.596620
    78.210052 -27941.057259
    70.881501 -27939.462946
   100.512411 -27941.603080
    83.599094 -27940.678423
    74.026031 -27938.302793
    72.215018 -27941.176140
    69.384014 -27941.995387
    73.140633 -27941.946590
    70.830710 -27943.956347
   102.179693 -27945.033459
    93.265397 -27944.879465
   104.219128 -27942.589594
   111.831633 -27942.000410
   107.492162 -27942.637273
   112.626534 -27942.722917
   115.968590 -27940.883192
   103.843576 -27937.417682
   107.347793 -27940.583448
    87.935477 -27942.154921
    86.758074 -27940.838210
    86.413799 -27946.359096
   108.610623 -27947.840492
    98.640699 -27951.956408
   116.443421 -27949.766277
   107.884886 -27940.678538
    82.311004 -27943.891453
    95.227394 -27941.888740
    92.127255 -27940.113391
    70.894836 -27941.729352
    91.613249 -27946.852745
   105.927667 -27942.557132
   102.671692 -27940.815596
    80.196037 -27943.596517
    71.443758 -27939.828821
    76.173090 -27940.905288
    81.062601 -27954.004860
    91.868081 -27944.494607
    78.117357 -27948.932844
    78.343746 -27938.941312
    75.820066 -27941.703552
    70.181199 -27942.719621
    67.178626 -27943.725118
    63.484830 -27948.007443
    66.191940 -27943.963095
    53.512202 -27945.153345
    53.490981 -27945.365035
    54.467555 -27938.276703
    56.546482 -27943.504880
    58.897555 -27942.365834
    53.394625 -27939.868609
    62.564349 -27944.227998
    82.772963 -27938.423930
    45.817142 -27946.651660
    61.944394 -27942.645432
    78.420974 -27943.669260
    55.017862 -27940.689997
    73.517042 -27943.891980
    63.200489 -27942.483166
    59.418163 -27944.565475
    59.555042 -27953.262912
    41.130807 -27942.572309
    73.629085 -27950.637208
   102.404831 -27947.685948
    83.610529 -27952.769017
    72.232782 -27946.155727
    71.318360 -27942.618926
    77.853317 -27943.155784
    68.834916 -27947.074971
    67.168115 -27948.304643
    58.608557 -27944.378281
    66.582492 -27941.837572
    76.140414 -27942.516981
    68.967179 -27949.401664
    65.468379 -27951.865435
    61.904026 -27953.338472
    58.084131 -27942.727556
    69.831469 -27943.070842
    67.773966 -27943.791572
    86.183332 -27944.925075
    87.248072 -27940.138659
    88.638591 -27944.177280
    90.481798 -27944.569465
    82.360712 -27939.264459
    89.452758 -27943.590897
    97.919673 -27946.157184
    92.745929 -27944.455232
    72.827142 -27940.850856
    79.754921 -27946.608742
    70.441982 -27947.327476
    83.314030 -27945.568138
    86.940774 -27948.233776
    78.545788 -27940.301751
    78.451441 -27944.679851
    72.921054 -27943.271005
    64.716248 -27942.489288
    77.957846 -27946.547224
    80.018308 -27945.571306
    67.082497 -27945.663825
    74.966830 -27945.900856
    84.235350 -27947.601674
    80.495091 -27946.140730
    90.433476 -27948.657859
    95.045467 -27946.072379
    72.017336 -27941.164417
    76.278927 -27947.578466
    76.624184 -27946.901287
    71.032864 -27942.835660
    75.555771 -27946.799564
    86.339591 -27952.628496
   100.689107 -27950.835639
   109.447031 -27944.706038
   117.565769 -27944.097486
   106.995755 -27944.002396
    92.621922 -27943.964059
    89.749578 -27940.914391
    97.668543 -27938.685942
   121.587995 -27943.044931
   109.466309 -27941.669871
   112.257419 -27943.308148
   132.549918 -27948.645360
   110.088795 -27939.775052
   108.880680 -27940.259212
    79.561149 -27941.707583
    91.054963 -27943.770040
   118.090659 -27953.316162
   127.806396 -27946.292268
   103.444124 -27946.708473
   106.770087 -27954.832321
   113.691470 -27949.197439
   100.770985 -27950.413619
    74.756134 -27940.300943
    81.724086 -27935.683172
    68.239742 -27938.639979
    92.804682 -27945.005484
    86.124973 -27936.349360
    90.245398 -27935.500954
    85.344196 -27937.216174
    61.284608 -27941.163005
    74.750800 -27944.215475
   105.406780 -27948.975704
    88.431471 -27943.307440
    73.397391 -27944.844903
    88.556797 -27941.444902
    96.994335 -27950.665556
    86.442420 -27942.634644
    67.497443 -27948.462081
    76.719516 -27943.113124
    70.290841 -27943.680807
    55.223343 -27949.047872
    57.918367 -27940.583625
    64.533241 -27944.758299
    69.561743 -27942.067146
    71.697362 -27943.348516
    86.100061 -27937.647253
    86.980381 -27942.523747
    83.048315 -27941.548160
    60.887239 -27944.398105
    86.594393 -27939.720233
   112.282232 -27935.325191
   102.750709 -27937.779374
    81.188871 -27941.910324
    74.659168 -27941.437546
    73.905323 -27939.199619
    74.226428 -27944.419256
    55.633353 -27947.992968
    85.529130 -27942.276015
    56.030385 -27941.517850
    75.631480 -27937.643066
    62.613791 -27941.833998
    71.436218 -27941.767795
    53.263745 -27942.984565
    59.807425 -27940.972129
    76.182621 -27945.056934
    81.113911 -27946.392167
    80.741628 -27951.029173
    66.519713 -27960.780423
    61.559748 -27946.202621
    58.265834 -27946.467580
    59.684497 -27946.726851
    72.963265 -27935.818901
    64.009133 -27946.914418
    81.840224 -27946.466488
    75.679765 -27939.437021
    74.496474 -27941.048031
   109.383510 -27945.756974
    90.888547 -27951.434647
    88.127372 -27948.049938
   115.828934 -27946.651266
    84.342428 -27947.532657
    65.089203 -27945.642772
    74.561330 -27942.673806
    79.188219 -27945.771745
    71.037977 -27946.186055
    85.742297 -27938.033611
    92.780096 -27939.217989
   100.929048 -27941.697174
    87.893586 -27947.941279
   111.206711 -27952.346373
   111.695565 -27944.466935
    91.590075 -27939.940756
    85.420906 -27943.498040
    91.877940 -27945.783122
    81.486348 -27947.322896
    81.617501 -27951.693800
    65.900603 -27950.193328
    59.776298 -27944.767582
    63.557536 -27952.200866
    65.890340 -27946.967495
    48.402239 -27948.920689
    60.734903 -27957.162228
    63.529397 -27943.396914
    71.467401 -27947.178644
    73.313353 -27943.172570
    59.505472 -27946.042805
    76.168655 -27956.550837
    81.518873 -27952.505307
   100.158694 -27945.296429
    96.210530 -27944.084192
    97.740812 -27944.288037
    84.047893 -27943.597346
    81.227669 -27946.770900
    92.593599 -27943.982505
    89.918164 -27945.906239
    78.835890 -27943.008747
    81.168863 -27940.484760
    53.792415 -27953.211199
    69.887134 -27945.952958
    62.427555 -27950.186860
    71.698998 -27946.097264
    53.076865 -27941.816885
    81.646877 -27948.284279
    66.598214 -27942.288481
    60.068577 -27945.665084
    73.530814 -27949.071072
    63.192299 -27937.205862
    48.850875 -27939.891025
    60.569058 -27943.980697
    74.824048 -27940.995531
    53.178535 -27941.731213
    62.741481 -27939.441654
    56.249750 -27936.079500
    58.764392 -27947.211212
    78.871519 -27944.554593
    62.246587 -27938.866240
    70.555781 -27943.071318
    67.490749 -27942.016305
    68.898000 -27937.350289
    62.900018 -27941.266213
    56.506662 -27944.250149
    50.699686 -27940.468107
    46.420190 -27943.838101
    61.625976 -27945.121757
    70.002752 -27948.856060
    69.954858 -27943.661466
    75.108231 -27950.830185
    97.660087 -27946.335551
    93.889966 -27946.325832
    62.755649 -27946.061839
    89.949393 -27948.755866
    64.375337 -27943.889381
    59.909907 -27948.586665
    67.070656 -27951.494501
    67.831705 -27957.665803
    62.514630 -27951.000422
    49.900594 -27956.579245
    47.493945 -27947.669853
    58.741450 -27944.322902
    69.311348 -27947.660765
    70.364596 -27952.673963
    76.974410 -27943.104804
    69.988206 -27940.613554
    68.693847 -27945.655119
    60.228187 -27940.883556
    60.830472 -27946.954388
    62.739860 -27945.610091
    70.182522 -27941.990734
    68.746421 -27946.618802
    68.853420 -27952.000243
    67.779855 -27940.908973
    58.744879 -27941.868553
    95.214504 -27943.790403
    76.887259 -27943.976428
    75.846334 -27942.931471
    53.201857 -27941.447684
    60.886752 -27942.108003
    86.108775 -27945.216979
    73.118092 -27941.358230
    53.796219 -27942.716156
    63.993160 -27944.645377
    69.885995 -27942.326434
    64.232912 -27941.421911
    78.526013 -27942.832087
    81.874532 -27937.164314
    70.003915 -27938.171658
    64.422424 -27940.808779
    63.994467 -27943.360834
    79.177480 -27944.855467
    75.553765 -27942.272749
    74.430796 -27946.370475
    50.351310 -27945.575087
    70.296160 -27946.240698
    84.373349 -27948.629075
    63.248557 -27945.730565
    83.900776 -27945.000468
    60.111805 -27940.021620
    60.627277 -27944.168372
    79.522955 -27944.342666
    77.565012 -27944.460182
    68.761447 -27940.661955
    59.267524 -27941.763997
