0.000000 0.029284
0.000000 0.033263
0.000000 0.043927
0.000000 0.032514
0.000000 0.032035
0.000000 0.036082
0.000000 0.079584
0.000000 0.040775
0.000000 0.039141
0.000000 0.025340
0.000000 0.044514
0.000000 0.044871
0.000000 0.036392
0.000000 0.035933
0.000000 0.067740
0.000000 0.069988
0.000000 0.101200
0.000000 0.042279
0.000000 0.028192
0.000000 0.026429
0.000000 0.033526
0.000000 0.029224
0.000000 0.026360
0.000000 0.023801
0.000000 0.027766
0.000000 0.018613
0.000000 0.020063
0.000000 0.028020
0.000000 0.018474
0.000000 0.023288
0.000000 0.015994
0.000000 0.042337
0.000000 0.025813
0.000000 0.113120
0.000000 0.025258
0.000000 0.051010
0.000000 0.026110
0.000000 0.026600
0.000000 0.028613
0.000000 0.036394
0.000000 0.058348
0.000000 0.032157
0.000000 0.054623
0.000000 0.034512
0.000000 0.033570
0.000000 0.018028
0.000000 0.026497
0.000000 0.038096
0.000000 0.042087
0.000000 0.039777
0.000000 0.027450
0.000000 0.045959
0.000000 0.040859
0.000000 0.101212
0.000000 0.028154
0.000000 0.018123
0.000000 0.019401
0.000000 0.037985
0.000000 0.048647
0.000000 0.024485
0.000000 0.024618
0.000000 0.042350
0.000000 0.056679
0.000000 0.068445
0.000000 0.038819
0.000000 0.028723
0.000000 0.027345
0.000000 0.038169
0.000000 0.035855
0.000000 0.029519
0.000000 0.026936
0.000000 0.025494
0.000000 0.021040
0.000000 0.038924
0.000000 0.046209
0.000000 0.034530
0.000000 0.030489
0.000000 0.054449
0.000000 0.054992
0.000000 0.035735
0.000000 0.031248
0.000000 0.030978
0.000000 0.028870
0.000000 0.034172
0.000000 0.072683
0.000000 0.044470
0.000000 0.017575
0.000000 0.034044
0.000000 0.032702
0.000000 0.028514
0.000000 0.046442
0.000000 0.068319
0.000000 0.041312
0.000000 0.034762
0.000000 0.018257
0.000000 0.025639
0.000000 0.064065
0.000000 0.047782
0.000000 0.069830
0.000000 0.013900
0.000000 0.027435
0.000000 0.025702
0.000000 0.027474
0.000000 0.018589
0.000000 0.011014
0.000000 0.019985
0.000000 0.019158
0.000000 0.024296
0.000000 0.019578
0.000000 0.019946
0.000000 0.019178
0.000000 0.021349
0.000000 0.014346
0.000000 0.013896
0.000000 0.020785
0.000000 0.040393
0.000000 0.040788
0.000000 0.039158
0.000000 0.016834
0.000000 0.023710
0.000000 0.028289
0.000000 0.099164
0.000000 0.025194
0.000000 0.028891
0.000000 0.019532
0.000000 0.016598
0.000000 0.034818
0.000000 0.079986
0.000000 0.038642
0.000000 0.019941
0.000000 0.021486
0.000000 0.022489
0.000000 0.030295
0.000000 0.036449
0.000000 0.022615
0.000000 0.021943
0.000000 0.037983
0.000000 0.029908
0.000000 0.018341
0.000000 0.023747
0.000000 0.026677
0.000000 0.015816
0.000000 0.028957
0.000000 0.053611
0.000000 0.024579
0.000000 0.019119
0.000000 0.062539
0.000000 0.046437
0.000000 0.048343
0.000000 0.037066
0.000000 0.022555
0.000000 0.030249
0.000000 0.040738
0.000000 0.037666
0.000000 0.024835
0.000000 0.022939
0.000000 0.020465
0.000000 0.031691
0.000000 0.016227
0.000000 0.040078
0.000000 0.034328
0.000000 0.028177
0.000000 0.043307
0.000000 0.060968
0.000000 0.021212
0.000000 0.033270
0.000000 0.062102
0.000000 0.031116
0.000000 0.025200
0.000000 0.018321
0.000000 0.012406
0.000000 0.026934
0.000000 0.019365
0.000000 0.019649
0.000000 0.018433
0.000000 0.030520
0.000000 0.014349
0.000000 0.020984
0.000000 0.015443
0.000000 0.022237
0.000000 0.025118
0.000000 0.018710
0.000000 0.034251
0.000000 0.019028
0.000000 0.027754
0.000000 0.028251
0.000000 0.021167
0.000000 0.039890
0.000000 0.021677
0.000000 0.019966
0.000000 0.025467
0.000000 0.034706
0.000000 0.025476
0.000000 0.025039
0.000000 0.011677
0.000000 0.019588
0.000000 0.022960
0.000000 0.019321
0.000000 0.015409
0.000000 0.020041
0.000000 0.019402
0.000000 0.042808
0.000000 0.019253
0.000000 0.023953
0.000000 0.020701
0.000000 0.017166
0.000000 0.025297
0.000000 0.020063
0.000000 0.023356
0.000000 0.017404
0.000000 0.017391
0.000000 0.017391
0.000000 0.039619
0.000000 0.060142
0.000000 0.019630
0.000000 0.026130
0.000000 0.022781
0.000000 0.053657
0.000000 0.081527
0.000000 0.039760
0.000000 0.044069
0.000000 0.030300
0.000000 0.101910
0.000000 0.026774
0.000000 0.027848
0.000000 0.019556
0.000000 0.035307
0.000000 0.016198
0.000000 0.021520
0.000000 0.020279
0.000000 0.032688
0.000000 0.022990
0.000000 0.031126
0.000000 0.025434
0.000000 0.017886
0.000000 0.052466
0.000000 0.046252
0.000000 0.035264
0.000000 0.087248
0.000000 0.035100
0.000000 0.025240
0.000000 0.020142
0.000000 0.032334
0.000000 0.038950
0.000000 0.047516
0.000000 0.029957
0.000000 0.037409
0.000000 0.047973
0.000000 0.041722
0.000000 0.033728
0.000000 0.024938
0.000000 0.021971
0.000000 0.022499
0.000000 0.031398
0.000000 0.026778
0.000000 0.053103
0.000000 0.023609
0.000000 0.030435
0.000000 0.029998
0.000000 0.039940
0.000000 0.029957
0.000000 0.037618
0.000000 0.017160
0.000000 0.058976
0.000000 0.048560
0.000000 0.026397
0.000000 0.043407
0.000000 0.033300
0.000000 0.026645
0.000000 0.025154
0.000000 0.012190
0.000000 0.009608
0.000000 0.029641
0.000000 0.018313
0.000000 0.016208
0.000000 0.025200
0.000000 0.016141
0.000000 0.012260
0.000000 0.014908
0.000000 0.009720
0.000000 0.014246
0.000000 0.021536
0.000000 0.014076
0.000000 0.013116
0.000000 0.012359
0.000000 0.015235
0.000000 0.017760
0.000000 0.017035
0.000000 0.017373
0.000000 0.015254
0.000000 0.014991
0.000000 0.015184
0.000000 0.023934
0.000000 0.021321
0.000000 0.020095
0.000000 0.019198
0.000000 0.024643
0.000000 0.043045
0.000000 0.034574
0.000000 0.060707
0.000000 0.035894
0.000000 0.028527
0.000000 0.025689
0.000000 0.018808
0.000000 0.019860
0.000000 0.021306
0.000000 0.024053
0.000000 0.126179
0.000000 0.016082
0.000000 0.025515
0.000000 0.023111
0.000000 0.023698
0.000000 0.026229
0.000000 0.015837
0.000000 0.022759
0.000000 0.019952
0.000000 0.019100
0.000000 0.015840
0.000000 0.018676
0.000000 0.022261
0.000000 0.022136
0.000000 0.043261
0.000000 0.022733
0.000000 0.017385
0.000000 0.017226
0.000000 0.020927
0.000000 0.015625
0.000000 0.011972
0.000000 0.026969
0.000000 0.015356
0.000000 0.022618
0.000000 0.044769
0.000000 0.024332
0.000000 0.015123
0.000000 0.021058
0.000000 0.023573
0.000000 0.021303
0.000000 0.013540
0.000000 0.051394
0.000000 0.033314
0.000000 0.052653
0.000000 0.023086
0.000000 0.021665
0.000000 0.015087
0.000000 0.029216
0.000000 0.028474
0.000000 0.024559
0.000000 0.022200
0.000000 0.031671
0.000000 0.021362
0.000000 0.040569
0.000000 0.055342
0.000000 0.027089
0.000000 0.029125
0.000000 0.029008
0.000000 0.031695
0.000000 0.026730
0.000000 0.012395
0.000000 0.021974
0.000000 0.023413
0.000000 0.016774
0.000000 0.010794
0.000000 0.019755
0.000000 0.019919
0.000000 0.026353
0.000000 0.023647
0.000000 0.016822
0.000000 0.019041
0.000000 0.019575
0.000000 0.019311
0.000000 0.021183
0.000000 0.032275
0.000000 0.018176
0.000000 0.015344
0.000000 0.019157
0.000000 0.059144
0.000000 0.028279
0.000000 0.021454
0.000000 0.062106
0.000000 0.030735
0.000000 0.043128
0.000000 0.063998
0.000000 0.020266
0.000000 0.020957
0.000000 0.044700
0.000000 0.046626
0.000000 0.049682
0.000000 0.038680
0.000000 0.025824
0.000000 0.029308
0.000000 0.020978
0.000000 0.028482
0.000000 0.022910
0.000000 0.026787
0.000000 0.028389
0.000000 0.034912
0.000000 0.018802
0.000000 0.039670
0.000000 0.063272
0.000000 0.033845
0.000000 0.015628
0.000000 0.016364
0.000000 0.029703
0.000000 0.028851
0.000000 0.027147
0.000000 0.061456
0.000000 0.059252
0.000000 0.037452
0.000000 0.029669
0.000000 0.032519
0.000000 0.024443
0.000000 0.021025
0.000000 0.020498
0.000000 0.022992
0.000000 0.015593
0.000000 0.015120
0.000000 0.017562
0.000000 0.024598
0.000000 0.028667
0.000000 0.028569
0.000000 0.047985
0.000000 0.075504
0.000000 0.042020
0.000000 0.028505
0.000000 0.047482
0.000000 0.036845
0.000000 0.040932
0.000000 0.041334
0.000000 0.027824
0.000000 0.046331
0.000000 0.028367
0.000000 0.037646
0.000000 0.020585
0.000000 0.030125
0.000000 0.036480
0.000000 0.020287
0.000000 0.072864
0.000000 0.029673
0.000000 0.046516
0.000000 0.041342
0.000000 0.041213
0.000000 0.020101
0.000000 0.015028
0.000000 0.060742
0.000000 0.029327
0.000000 0.045547
0.000000 0.041587
0.000000 0.029462
0.000000 0.021069
0.000000 0.028960
0.000000 0.026664
0.000000 0.022403
0.000000 0.033935
0.000000 0.034724
0.000000 0.032814
0.000000 0.052041
0.000000 0.041112
0.000000 0.019699
0.000000 0.106210
0.000000 0.025150
0.000000 0.033311
0.000000 0.068284
0.000000 0.031950
0.000000 0.021909
0.000000 0.022653
0.000000 0.023418
0.000000 0.029026
0.000000 0.022782
0.000000 0.030242
0.000000 0.031428
0.000000 0.025604
0.000000 0.042930
0.000000 0.037591
0.000000 0.032322
0.000000 0.030478
0.000000 0.018838
0.000000 0.054518
0.000000 0.034526
0.000000 0.031811
0.000000 0.025389
0.000000 0.015943
0.000000 0.106195
0.000000 0.034068
0.000000 0.070023
0.000000 0.031991
0.000000 0.064632
0.000000 0.035961
0.000000 0.052773
0.000000 0.027156
0.000000 0.029224
0.000000 0.100249
0.000000 0.035465
0.000000 0.052475
0.000000 0.072545
0.000000 0.037371
0.000000 0.030174
0.000000 0.025906
0.000000 0.035287
0.000000 0.026576
0.000000 0.040959
0.000000 0.048213
0.000000 0.039135
0.000000 0.048473
0.000000 0.020539
0.000000 0.036430
0.000000 0.021293
0.000000 0.026685
0.000000 0.025553
0.000000 0.027873
0.000000 0.023892
0.000000 0.026883
0.000000 0.027525
0.000000 0.020892
0.000000 0.013403
0.000000 0.027233
0.000000 0.022748
0.000000 0.035003
0.000000 0.026178
0.000000 0.025089
0.000000 0.014142
0.000000 0.015306
0.000000 0.021676
0.000000 0.019264
0.000000 0.015049
0.000000 0.023751
0.000000 0.030812
0.000000 0.032314
0.000000 0.028632
0.000000 0.021537
0.000000 0.024549
0.000000 0.012282
0.000000 0.018800
0.000000 0.020551
0.000000 0.020756
0.000000 0.021070
0.000000 0.018964
0.000000 0.014384
0.000000 0.020453
0.000000 0.013296
0.000000 0.028386
0.000000 0.025849
0.000000 0.016525
0.000000 0.025723
0.000000 0.024197
0.000000 0.013040
0.000000 0.015458
0.000000 0.024182
0.000000 0.014691
0.000000 0.019356
0.000000 0.015081
0.000000 0.048054
0.000000 0.039583
0.000000 0.024458
0.000000 0.018669
0.000000 0.019460
0.000000 0.017897
0.000000 0.017038
0.000000 0.010013
0.000000 0.014266
0.000000 0.028682
0.000000 0.016751
0.000000 0.019278
0.000000 0.040558
0.000000 0.040980
0.000000 0.026586
0.000000 0.051579
0.000000 0.018203
0.000000 0.037328
0.000000 0.016461
0.000000 0.024392
0.000000 0.027450
0.000000 0.032069
0.000000 0.021946
0.000000 0.027009
0.000000 0.042748
0.000000 0.018335
0.000000 0.048088
0.000000 0.030172
0.000000 0.036062
0.000000 0.028423
0.000000 0.036756
0.000000 0.024962
0.000000 0.018229
0.000000 0.031290
0.000000 0.021836
0.000000 0.020465
0.000000 0.033136
0.000000 0.025388
0.000000 0.017458
0.000000 0.021711
0.000000 0.029348
0.000000 0.025844
0.000000 0.028913
0.000000 0.023765
0.000000 0.048219
0.000000 0.034940
0.000000 0.098182
0.000000 0.027375
0.000000 0.021834
0.000000 0.028984
0.000000 0.014600
0.000000 0.022810
0.000000 0.014686
0.000000 0.014319
0.000000 0.018110
0.000000 0.015150
0.000000 0.025347
0.000000 0.015294
0.000000 0.017157
0.000000 0.016184
0.000000 0.021877
0.000000 0.018178
0.000000 0.015535
0.000000 0.030259
0.000000 0.025483
0.000000 0.012051
0.000000 0.027094
0.000000 0.016035
0.000000 0.032910
0.000000 0.018711
0.000000 0.021487
0.000000 0.015422
0.000000 0.034924
0.000000 0.021916
0.000000 0.044932
0.000000 0.020012
0.000000 0.028439
0.000000 0.022327
0.000000 0.026655
0.000000 0.014308
0.000000 0.038374
0.000000 0.021461
0.000000 0.045335
0.000000 0.046416
0.000000 0.097489
0.000000 0.029704
0.000000 0.032412
0.000000 0.038387
0.000000 0.064256
0.000000 0.098849
0.000000 0.021769
0.000000 0.044963
0.000000 0.045104
0.000000 0.023103
0.000000 0.030906
0.000000 0.037792
0.000000 0.039347
0.000000 0.031597
0.000000 0.036314
0.000000 0.038979
0.000000 0.066331
0.000000 0.046374
0.000000 0.020624
0.000000 0.017742
0.000000 0.013441
0.000000 0.010611
0.000000 0.018210
0.000000 0.021203
0.000000 0.022800
0.000000 0.028219
0.000000 0.021459
0.000000 0.026493
0.000000 0.018824
0.000000 0.057395
0.000000 0.021394
0.000000 0.039653
0.000000 0.054661
0.000000 0.022956
0.000000 0.024336
0.000000 0.020075
0.000000 0.029822
0.000000 0.017632
0.000000 0.019881
0.000000 0.025557
0.000000 0.030743
0.000000 0.021900
0.000000 0.029624
0.000000 0.024673
0.000000 0.029614
0.000000 0.027026
0.000000 0.024356
0.000000 0.032662
0.000000 0.020422
0.000000 0.032703
0.000000 0.023440
0.000000 0.023976
0.000000 0.024950
0.000000 0.019987
0.000000 0.019155
0.000000 0.028102
0.000000 0.022069
0.000000 0.016586
0.000000 0.022616
0.000000 0.030054
0.000000 0.031860
0.000000 0.030970
0.000000 0.022000
0.000000 0.022818
0.000000 0.025504
0.000000 0.019988
0.000000 0.031503
0.000000 0.011511
0.000000 0.012665
0.000000 0.016370
0.000000 0.031723
0.000000 0.015951
0.000000 0.013054
0.000000 0.017187
0.000000 0.009113
0.000000 0.014905
0.000000 0.024874
0.000000 0.012955
0.000000 0.011347
0.000000 0.032535
0.000000 0.019438
0.000000 0.015736
0.000000 0.019824
0.000000 0.016975
0.000000 0.028803
0.000000 0.032245
0.000000 0.047676
0.000000 0.018963
0.000000 0.019872
0.000000 0.016129
0.000000 0.018669
0.000000 0.016491
0.000000 0.024490
0.000000 0.016697
0.000000 0.055328
0.000000 0.021546
0.000000 0.040006
0.000000 0.012263
0.000000 0.029462
0.000000 0.032644
0.000000 0.033940
0.000000 0.014397
0.000000 0.027114
0.000000 0.044830
0.000000 0.044182
0.000000 0.029401
0.000000 0.089564
0.000000 0.036345
0.000000 0.034461
0.000000 0.025772
0.000000 0.020895
0.000000 0.019959
0.000000 0.024021
0.000000 0.014398
0.000000 0.013344
0.000000 0.015185
0.000000 0.020572
0.000000 0.013054
0.000000 0.036506
0.000000 0.040114
0.000000 0.028675
0.000000 0.015551
0.000000 0.058632
0.000000 0.050465
0.000000 0.032375
0.000000 0.041041
0.000000 0.024683
0.000000 0.019102
0.000000 0.024682
0.000000 0.021606
0.000000 0.039523
0.000000 0.022734
0.000000 0.044765
0.000000 0.038288
0.000000 0.029379
0.000000 0.033830
0.000000 0.020461
0.000000 0.020236
0.000000 0.024012
0.000000 0.028432
0.000000 0.016457
0.000000 0.017180
0.000000 0.012741
0.000000 0.034967
0.000000 0.016952
0.000000 0.016065
0.000000 0.021058
0.000000 0.048407
0.000000 0.032657
0.000000 0.034269
0.000000 0.017875
0.000000 0.018230
0.000000 0.021236
0.000000 0.019187
0.000000 0.010434
0.000000 0.024564
0.000000 0.035216
0.000000 0.027258
0.000000 0.037350
0.000000 0.026444
0.000000 0.054727
0.000000 0.032527
0.000000 0.036942
0.000000 0.043176
0.000000 0.123365
0.000000 0.027856
0.000000 0.027502
0.000000 0.020895
0.000000 0.031497
0.000000 0.026250
0.000000 0.023109
0.000000 0.026006
0.000000 0.022582
0.000000 0.013961
0.000000 0.027449
0.000000 0.017291
0.000000 0.020488
0.000000 0.041547
0.000000 0.018263
0.000000 0.019156
0.000000 0.046232
0.000000 0.074979
0.000000 0.031724
0.000000 0.054497
0.000000 0.027886
0.000000 0.061453
0.000000 0.026891
0.000000 0.021135
0.000000 0.052956
0.000000 0.050998
0.000000 0.022559
0.000000 0.054660
0.000000 0.037581
0.000000 0.024700
0.000000 0.038907
0.000000 0.038664
0.000000 0.026092
0.000000 0.052401
0.000000 0.046635
0.000000 0.031415
0.000000 0.015844
0.000000 0.033421
0.000000 0.049865
0.000000 0.050805
0.000000 0.027376
0.000000 0.029761
0.000000 0.039585
0.000000 0.062596
0.000000 0.019903
0.000000 0.054136
0.000000 0.021834
0.000000 0.020755
0.000000 0.024670
0.000000 0.025805
0.000000 0.022417
0.000000 0.019851
0.000000 0.030989
0.000000 0.016081
0.000000 0.035106
0.000000 0.018998
0.000000 0.045480
0.000000 0.099322
0.000000 0.105145
0.000000 0.050454
0.000000 0.031220
0.000000 0.032711
0.000000 0.049901
0.000000 0.018077
0.000000 0.031811
0.000000 0.027591
0.000000 0.044953
0.000000 0.026721
0.000000 0.023981
0.000000 0.036077
0.000000 0.084872
0.000000 0.021158
0.000000 0.014489
0.000000 0.035258
0.000000 0.041290
0.000000 0.030146
0.000000 0.016802
0.000000 0.026635
0.000000 0.028916
0.000000 0.040372
0.000000 0.027072
0.000000 0.023082
0.000000 0.013879
0.000000 0.025929
0.000000 0.022727
0.000000 0.024168
0.000000 0.028408
0.000000 0.016814
0.000000 0.027805
0.000000 0.026446
0.000000 0.036702
0.000000 0.194151
0.000000 0.026163
0.000000 0.028996
0.000000 0.026130
0.000000 0.022333
0.000000 0.038586
0.000000 0.028724
0.000000 0.022121
0.000000 0.013225
0.000000 0.015956
0.000000 0.071150
