 0.539338  0.876800
 0.665399  0.661355
 0.341065  1.734042
 0.370428  0.801948
 0.362184  0.703293
 0.678597  0.981299
 0.992238  0.617001
 0.990320  0.910775
 0.750144  0.627714
 0.803480  0.726910
 0.558579  0.341468
 0.744542  0.795750
 0.771325  0.749705
 0.992393  1.197329
 0.748333  0.335004
 0.758797  0.803608
 0.496377  0.437966
 0.647184  0.728931
 0.642716  0.567997
 0.695709  0.987208
 0.692718  1.091664
 0.504266  0.844466
 0.453019  0.577166
 0.774929  0.771314
 0.175018  1.350894
-0.105599  0.407017
 0.074475  0.830405
 0.256832  0.391617
 0.418544  0.861784
 0.746105  0.789841
 0.359519  0.627971
 0.349505  1.000418
 0.295302  0.462741
 0.529583  0.301347
 0.479947  0.806671
 0.365662  0.585484
 0.345727  0.448723
 0.166461  0.319344
 0.597229  0.214324
 0.652573  0.734520
 0.779200  0.973116
 0.299679  1.185778
 0.717635  0.641286
 0.262798  1.003131
 0.304745  0.832406
 0.127483  0.814270
 0.311705  1.072177
 0.734986  0.732461
 0.509163  0.861544
 0.534059  0.789977
 0.722959  1.164271
 0.758603  1.189353
 0.767801  1.175794
 0.310709  1.122070
 0.057337  1.080511
 0.228810  0.287719
 0.076545  0.305523
 0.302205  0.503508
 0.269472  1.319417
 0.881382  0.355872
 0.607129  0.532735
 0.745966  1.450867
 0.307590  0.627969
 0.501792  0.825443
 0.651980  0.750733
 0.930548  0.986619
 0.696720  0.838338
 0.921981  1.178711
 0.884896  1.433050
 0.791977  0.589319
 0.619982  0.688455
 0.801527  0.543908
 0.573936  0.579587
 0.251650  0.853854
 0.016574  0.969155
-0.074725  0.981577
 0.613071  0.655658
 0.071816  0.365344
 0.285971  0.691641
 0.442674  0.634036
 0.780205  1.118082
 0.865101  0.895094
 0.968001  2.065594
 0.590847  0.624784
 0.672454  0.432085
 0.526483  0.573815
 1.019210  2.179772
 0.273879  0.318878
 0.654003  0.740171
 0.976960  0.641552
 0.506213  2.205137
 1.074624  1.826951
 0.735582  1.008438
 1.002960  1.027189
 0.944269  1.633696
 0.665147  0.971386
 0.765712  1.266317
 1.153033  0.662191
 1.038480  0.901384
 1.090753  0.957309
 1.392615  0.836670
 0.867656  2.008143
 0.611996  0.944552
 0.480420  1.150806
 0.694258  0.969859
 0.756007  0.500663
 0.859693  0.377549
 0.591779  0.703004
 0.890017  1.259159
 1.187467  0.802591
 0.647856  0.466331
 0.512044  0.816482
 0.545434  0.735605
 0.742288  1.217543
 0.693656  0.431767
 0.820007  1.435685
 0.869950  0.921254
 0.670142  0.549692
 0.961891  1.068793
 0.850987  1.641200
 0.959492  0.576972
 0.925937  1.042067
 0.787464  0.492874
 0.588044  0.988234
 0.561896  1.213152
 0.565894  1.540167
 0.653545  1.015957
 0.437039  0.651566
 0.333075  0.919959
 0.268993  0.564916
 0.275763  0.491393
 0.120244  1.229990
 0.585166  0.897442
 0.510063  0.642010
 0.559759  0.399561
 0.423203  0.969441
 0.651099  1.611324
 0.821935  0.407681
 0.608010  1.184853
 0.471386  0.367693
 0.923993  1.188135
 0.830455  0.443432
 1.339740  3.453744
 1.389985  1.624068
 0.799770  1.228128
 0.716667  0.486469
 0.692124  1.032007
 0.665855  0.932772
 0.310868  0.733044
 0.728349  0.735870
 0.630326  0.623503
 0.322781  1.416022
 0.797009  0.827046
 0.968570  0.732999
 1.187903  2.623353
 0.845311  3.421634
 0.782046  1.127809
 0.357236  1.179974
 0.543540  1.877672
 0.754456  0.640359
 0.673153  0.539910
 0.943614  0.995742
 0.934966  0.567198
 1.001583  1.035421
 1.017705  1.990814
 0.657970  0.382058
 0.793224  0.628388
 0.706879  1.059085
 0.708426  1.177111
 1.281256  0.701560
 0.661747  0.529948
 0.596825  0.662676
 0.455915  0.630247
 0.663782  1.223634
 0.700317  0.397982
 1.190757  1.240522
 1.254431  1.747236
 1.082504  1.076898
 0.684887  0.657552
 0.678379  0.655548
 0.561775  1.114381
 0.529610  0.450665
 0.331654  0.807516
 0.244998  0.625693
 0.410764  0.313426
 0.521349  0.360773
 0.397732  0.531883
 0.369028  0.349481
 0.164419  1.635275
 0.220909  0.643689
 0.829897  1.650340
 0.871559  1.034330
 0.973805  1.292080
 1.013194  0.787841
 1.230078  0.735321
 1.102556  0.721091
 0.848026  0.903178
 0.339597  0.460647
 0.310416  0.763587
 0.371691  0.385332
 0.398799  0.657773
 0.011956  0.669728
 0.339134  1.008188
 0.609828  0.583325
 0.345732  0.281632
 0.473217  0.410072
 0.475266  0.901543
 0.974105  0.637433
 0.635470  1.211772
 0.712271  0.730898
 0.571438  1.012499
 0.492671  0.714990
 0.522243  1.074883
 1.185741  0.855352
 0.761534  0.943327
 0.871471  1.363021
 0.204616  0.856978
 0.262065  1.313008
 0.425370  0.488277
 0.015463  0.724201
 0.036785  0.723538
 0.500184  0.790909
 0.672396  0.993030
 0.639509  0.802978
 0.442968  1.125462
 0.575482  0.887671
 0.537956  1.135622
 0.606107  1.023723
 0.617291  0.865510
 0.651486  0.863683
 0.413925  0.643491
 0.395667  0.697110
 0.236512  0.602777
 0.683379  0.419435
 0.707398  1.012363
 0.864834  1.066703
 0.571129  0.893777
 0.871517  0.771944
 0.515197  0.592458
 0.834439  0.535807
 0.628395  0.512336
 0.647895  0.760074
 0.699890  1.289280
 0.644087  0.634139
 0.776061  1.143770
 0.683354  0.468447
 0.636265  1.050764
 0.983839  1.821130
 0.662698  0.496353
 0.894701  0.539245
 0.865259  0.753822
 0.467427  1.042689
 0.302546  0.998577
 0.499199  1.374642
 0.501609  0.634239
 0.476839  1.048875
 0.414426  0.808616
 0.723974  0.870567
 0.282578  0.728049
 0.475500  0.535606
 0.494909  0.998236
 1.107587  0.379942
 1.188972  0.445135
 1.538075  1.431668
 1.422476  1.104622
 1.275545  0.805454
 1.348268  1.003930
 0.890559  1.491512
 0.641391  1.793337
 0.340747  0.575508
 0.755650  0.736612
 0.722831  0.841211
 1.169869  1.227118
 0.674593  1.295788
 0.534819  0.286584
 0.582325  0.823773
 0.729226  0.766308
 0.285265  0.394992
-0.146315  1.236942
 0.189509  1.327411
 0.625000  3.011236
 0.609836  0.773517
 0.574493  1.658937
 0.943859  0.745001
 0.921116  0.501635
 0.833009  1.350334
 0.834555  0.487985
 0.580308  0.835437
 0.574363  1.444600
 0.486302  0.630662
 0.788133  0.664752
 0.539205  0.443425
 0.714029  0.545246
 0.577468  1.195881
 0.683200  1.143462
 0.310534  0.858112
 0.442139  0.633165
 0.362000  1.286572
 0.961748  0.532734
 0.729849  1.165253
 0.980234  0.935878
 0.950884  1.244544
 0.724990  1.291815
 1.049897  0.910661
 1.260224  0.530922
 0.933991  0.966179
 0.819930  1.475229
 0.950740  1.999537
 0.879643  0.535412
 0.768581  1.149540
 0.791728  0.474717
 0.888325  1.284834
 0.777205  1.261523
 0.986524  0.673904
 0.602043  0.805638
 0.753999  0.927766
 0.584653  0.398861
 0.275544  0.577837
 0.206021  0.690953
 0.566970  0.621223
 0.737008  0.670596
 0.835563  1.090623
 0.853576  0.783116
 0.934177  0.544304
 0.960845  1.211072
 0.938464  0.698969
 0.987788  0.708516
 1.203053  1.250220
 1.230812  0.641647
 1.036742  0.759412
 0.825813  0.559901
 0.775291  0.931461
 0.745155  0.222510
 1.015729  0.989395
 0.873935  0.571304
 0.820163  0.920265
 0.653291  0.749883
 0.619088  0.950792
 0.728694  1.304171
 0.445082  0.476600
 0.677309  0.614161
 0.413523  0.932915
 0.629959  0.760962
 0.258111  0.510307
 0.160440  0.428241
 0.149357  0.560296
 0.406489  1.101662
 0.276694  1.021092
 0.107811  0.839053
 0.215664  0.582483
 0.528524  0.726623
 0.518285  1.299376
 0.345935  0.559065
 0.372776  0.571078
 0.086441  0.903824
 0.588449  0.474699
 0.659515  0.654436
 0.662582  1.044299
 0.908612  0.494301
 0.804790  1.274696
 0.439647  1.086283
 0.791793  0.540058
 0.653408  1.818395
 0.774723  0.649918
 0.617406  0.843904
 0.835154  0.628343
 0.653271  0.559970
 0.371549  0.760622
 0.498653  0.802519
 0.412124  0.574322
 0.309396  1.085867
 0.247633  1.324187
 0.025757  0.764816
 0.267118  0.982628
 0.427474  0.746254
 0.506984  0.798053
 0.404004  0.552381
 0.628972  0.625163
 0.690531  1.340226
 0.733032  0.812808
 0.658150  0.807770
 0.435424  0.597068
 0.545056  1.141275
 0.587883  0.969553
 0.673961  0.451894
 0.581678  1.819408
 0.716616  1.654046
 0.684875  0.977183
 0.421100  1.306585
 0.104542  0.835956
 0.456684  0.542427
 0.496630  0.585692
 0.159384  0.433654
 0.669564  0.627477
 0.540636  0.584911
 0.776110  1.356452
 0.529164  1.001489
 0.844302  1.076129
 0.536958  0.564357
 0.787138  0.894657
 0.773169  0.634185
 0.629851  0.798558
 0.692875  0.791381
 1.270243  3.553510
 0.842666  1.377299
 0.399608  0.657260
 0.474808  0.830947
 0.305853  0.543532
 0.296620  0.593406
 0.844152  0.750462
 0.911230  0.580527
 1.129775  0.901745
 1.045846  0.930935
 0.967623  1.797298
 0.751437  1.095382
 0.626968  0.857355
 0.676289  0.573424
 0.839280  2.067766
 0.812702  0.751089
 0.669610  1.036580
 0.455229  0.868159
 0.920732  1.070984
 1.134041  1.266616
 1.125614  0.967152
 1.303824  1.498109
 1.116383  1.146861
 1.009180  1.000191
 0.666047  0.652910
 0.684755  0.555049
 0.662433  0.445535
 0.147823  0.531719
 0.576972  0.681430
 0.454148  0.214274
 0.055509  0.413588
 0.315203  0.411698
 0.418017  0.418397
 0.171243  0.860852
 0.280993  0.750811
 0.300378  0.814387
 0.432306  0.617696
 0.465427  0.681747
 0.768276  1.135421
 0.681393  0.608130
 0.574498  0.738627
 0.730712  0.937618
 0.748868  1.248175
 0.951499  0.588078
 0.700118  0.447225
 0.554869  0.362734
 0.501341  0.949546
 0.486577  0.776839
 0.453271  0.671998
 0.933161  1.278232
 0.793250  0.924403
 0.564667  0.533340
 0.852257  0.579730
 0.665547  1.483989
 0.576634  0.907610
 0.262798  0.598086
 0.476121  0.536686
 0.205749  0.380316
 0.376475  0.494549
 0.627926  0.674609
 0.897036  0.655243
 0.690839  0.641257
 0.487943  0.639022
 0.249862  0.808620
 1.138846  1.011413
 0.692798  0.992144
 0.807252  0.504487
 0.571705  0.607882
 0.955489  1.147712
 0.949969  1.411461
 0.912280  0.857290
 1.014862  1.493164
 1.018855  0.855294
 0.674843  1.661850
 0.389371  0.806662
 0.427685  1.448989
 0.809137  0.453322
 0.991137  0.777139
 1.032049  1.353699
 0.778051  1.348394
 0.545293  0.659320
 0.117571  0.204215
-0.215208  0.566203
 0.269196  2.048385
 0.707162  0.578524
 0.388750  1.318093
 0.609004  0.736005
 0.681337  0.758036
 0.447994  0.315448
 0.704747  0.651133
 0.622624  0.944211
 0.408648  1.342411
 0.764352  0.382492
 0.316634  0.490975
 0.288478  1.205541
 0.603839  0.299981
 0.583840  0.731396
 0.426441  0.814979
 0.514363  0.998911
 0.585989  0.822616
 0.156468  0.624831
 0.143900  0.953722
 0.501326  1.650846
 0.491983  0.829609
 0.494374  0.741673
 0.866734  1.031197
 0.606672  0.623298
 0.387056  1.373368
 0.985857  1.529206
 0.545183  1.356425
 0.428266  1.066885
 0.619204  0.805665
 0.715237  0.957322
 0.880945  0.635602
 0.777009  0.749359
 0.742352  0.913380
 0.982131  1.130155
 1.037592  0.959314
 1.322287  1.481566
 1.287381  0.892216
 1.402799  1.581114
 1.611670  1.883903
 1.650015  1.040011
 1.240070  1.113013
 1.097862  1.451733
 0.605992  0.659636
 0.849076  0.728264
 0.380516  0.356774
 0.311428  0.585415
 0.582043  1.759098
 0.866014  1.408726
 0.849433  2.028771
 0.795371  0.836572
 0.889443  0.910551
 0.968414  1.366024
 0.831799  1.045220
 1.161749  0.716002
 0.905395  0.997376
 0.498372  0.923562
 0.402536  1.021352
 0.511639  0.478583
 0.501328  0.403151
 0.573833  0.811700
 0.470205  0.836385
 0.658083  1.133531
 1.282036  2.078093
 0.714959  1.036104
 0.734501  0.849617
 0.406744  0.381983
 0.435508  0.515741
 0.947612  0.905244
 1.003191  1.120258
 1.088936  0.996370
 1.281652  1.082928
 1.024633  1.070767
 1.018595  0.530160
 0.221030  1.242831
 0.509836  1.120655
 0.752655  0.596873
 0.290299  0.791024
 0.772108  0.911367
 1.123400  0.792622
 1.079108  0.793209
 0.806684  0.649528
 0.933840  0.665740
 1.012631  1.690545
 0.810741  1.122479
 0.823368  1.194896
 0.750487  0.682944
 0.633752  0.735484
 0.575738  0.498362
 0.512600  0.334318
 0.355531  0.529762
 0.375574  0.705759
 0.148432  0.895058
 0.533202  1.013297
 0.331148  0.334301
 0.579665  0.547058
 1.053927  1.050038
 0.989642  0.620977
 0.731927  1.073229
 0.963487  0.379365
 0.939355  1.085712
 0.886812  1.227379
 1.268035  1.097664
 0.641136  1.451883
 0.326938  0.552566
 0.469185  0.391318
 0.235925  0.913773
 0.616429  0.414016
 0.374727  0.855022
 0.123856  0.708432
 0.440150  1.111610
 0.527899  0.920906
 0.599326  1.198761
 0.830998  0.619919
 0.957086  0.985353
 0.758226  1.409028
 0.956309  0.854877
 0.871202  0.437766
 1.128848  1.070273
 1.203512  0.799241
 1.087347  1.658416
 1.000739  1.354477
 0.990322  0.413004
 0.842504  1.333634
 0.881288  0.473835
 0.757093  0.910692
 0.694514  0.572538
 0.678074  0.689654
 0.858679  1.475862
 0.960042  0.812779
 0.553581  1.434978
 0.822476  0.914584
 0.849199  0.636752
 0.824071  0.602677
 0.625040  0.348461
 0.742146  0.487395
 0.569175  1.717348
 0.633327  0.619282
 0.959869  0.829031
 0.791692  0.732139
 0.807196  0.636217
 0.888043  1.516606
 1.308327  0.949899
 1.330183  0.787445
 0.905283  0.856679
 0.948636  2.354858
 0.678975  1.155746
 0.868190  2.795804
 0.733588  0.968208
 0.647446  1.002642
 0.795255  1.192424
 0.852022  0.894846
 1.089245  1.229980
 1.055991  0.857323
 0.779788  1.482941
 0.957152  0.640899
 0.934658  0.473446
 0.652761  0.703668
 0.915394  0.673927
 1.006816  1.405932
 1.039348  1.522619
 0.674335  1.263702
 0.743391  0.659115
 0.208152  2.182684
 0.268000  0.555987
 0.314700  1.066246
 0.120778  0.461650
 0.087252  0.281084
 0.507042  0.505014
 0.713301  0.500514
 0.652427  1.516105
 0.395319  0.693814
 0.001286  0.759467
 0.097165  0.787574
 0.497171  0.518600
 0.495690  0.671664
 0.683765  0.746587
 0.396950  0.500940
 0.353274  0.580438
 0.524853  0.818773
 0.409761  1.055726
 0.564396  0.457858
 0.732022  1.054977
 0.774473  1.104201
 0.728039  0.402412
 0.354522  0.570766
 1.040986  1.025807
 0.314131  1.627022
 0.341321  0.943827
 0.510680  1.264998
 0.593691  1.213512
 0.560723  1.187352
 0.485967  0.585083
 0.461554  0.865877
 0.458280  0.484344
 0.460216  0.606529
 0.290741  0.635578
 0.227192  0.587556
 0.515891  0.711577
 0.731212  0.913052
 0.567872  0.565412
 0.596033  0.817568
 0.648361  0.895512
 0.798430  0.800345
 0.725694  0.891764
 0.534281  0.846236
 0.841351  1.363490
 0.962701  0.744072
 0.768108  0.443533
 0.926570  1.646348
 0.898765  0.825683
 0.916095  0.633062
 1.105700  1.162495
 1.171952  0.921570
 0.689570  1.391563
 1.090135  1.266259
 1.354736  1.793234
 1.523887  1.399104
 1.468280  1.900819
 1.536506  1.401908
 0.960603  1.023373
 1.185389  1.027103
 1.025506  0.907333
 0.908820  0.835231
 1.035287  1.295293
 0.626242  0.570344
 0.729035  2.781566
 0.812459  0.980411
 0.558092  0.482266
 0.756274  1.367862
 0.767546  0.468616
 0.413831  0.755641
 0.411392  1.161758
 0.069569  0.741744
 0.300998  0.295905
 0.251041  0.595232
 0.881644  1.124656
 0.933164  1.038600
 0.658364  0.588207
 0.651438  1.138535
 0.724701  0.435524
 0.726041  0.862958
 0.622447  0.554028
 0.338215  0.798223
 0.880936  0.988307
 0.813546  0.893407
 0.444210  0.474910
 0.976374  0.999844
 0.997804  0.864312
 0.737815  0.595706
 0.314255  0.886005
 0.234083  0.712215
 0.567845  0.445090
 0.578759  1.381841
 0.804903  1.446853
 0.608745  0.748642
 0.492996  1.387631
 0.894709  0.634010
 1.080939  1.317315
 1.347927  0.985360
 1.198858  0.788813
 0.938829  1.731680
 1.441788  1.734540
 1.084645  1.588383
 0.968919  0.961167
 0.859987  0.835901
 1.076418  0.664372
 0.815584  0.806019
 1.014396  0.472189
 1.009385  1.406828
 0.825484  1.409135
 1.007830  0.411989
 0.954410  1.144015
 0.790507  0.711003
 0.932885  0.981388
 0.803724  1.695922
 0.836614  0.972942
 1.061660  1.460527
 0.863520  1.099472
 1.192978  1.300355
 0.956290  3.385239
 0.985284  1.034971
 1.377004  1.569269
 1.571396  1.461969
 1.261081  1.228746
 1.096884  0.601678
 1.286384  1.285359
 1.404876  2.097372
 1.190190  0.911500
 0.702061  2.557817
 0.896330  1.360296
 0.904189  0.547078
 0.734618  0.944721
 1.007321  1.641157
 0.509900  0.990494
 0.829593  2.050146
 0.846560  1.943177
 0.828780  0.817433
 0.791637  1.126337
 0.897032  1.326820
 0.670048  0.456590
 0.642258  0.364804
 0.384615  0.747158
 0.763226  0.852829
 0.749706  0.766951
 0.079746  0.365576
 0.351239  0.368150
 0.551193  0.242255
 0.324054  0.303368
 0.111325  0.332745
 0.910584  0.823219
 1.011658  0.427895
 0.467117  0.511474
 0.592203  0.494197
 0.165139  0.746686
 0.753507  1.452928
 0.641447  1.501376
 0.435170  0.557984
 0.385402  0.358956
 0.180582  0.563345
 0.726141  1.137914
 0.499956  0.791725
 0.501242  0.630325
 0.664860  1.402254
 0.562831  0.642922
 0.681796  1.106644
 0.383217  1.107324
 0.260769  0.528195
 0.385051  0.802360
 0.363989  0.312708
 0.393390  0.348036
 0.215720  0.406918
 0.436341  0.658992
 0.738615  0.939984
 0.771723  1.260811
 0.541001  1.262030
 0.435055  1.066883
 0.648905  0.621125
 0.713875  0.515399
 0.429010  0.529241
 0.499524  0.664766
 0.480507  0.441165
 0.650482  0.695521
 0.595644  0.751206
 0.119475  0.428718
 0.430179  0.758986
 0.816862  0.981713
 0.634534  0.700446
 0.925902  0.889615
 0.849242  0.487148
 0.678141  0.575398
 0.697794  0.799252
 0.281099  0.629177
 0.606165  1.237060
 0.092502  0.836611
 0.353925  0.468873
 0.442991  0.940420
 0.439033  0.563820
 0.373037  1.016171
 0.262783  0.961785
 0.081452  2.125988
 0.412307  1.056113
 0.372152  2.489830
 0.328247  0.315744
 0.498552  1.062224
 0.682798  0.712518
 0.595404  0.736352
 0.619827  1.321170
 0.399763  0.891030
 0.224599  0.533427
 0.246309  0.588616
 0.630079  0.380412
 0.467018  0.368576
 0.104992  0.485966
 0.438510  1.126465
 0.391190  1.458963
 0.128299  0.630320
 0.677311  0.927906
 0.708961  1.520734
 0.986003  0.890275
 0.962169  1.080614
 0.678042  0.299419
 0.690599  0.514785
 0.882990  0.571210
 0.567008  0.502153
 0.133416  0.311946
 0.383155  0.656023
 0.476430  0.357763
 0.643684  0.575621
 0.628311  0.297105
 0.824563  1.021435
 0.650698  1.045796
 0.418523  0.400092
 0.166322  1.052813
 0.572455  1.024405
 0.937519  0.772815
 1.093652  0.571283
 1.079909  1.239725
 0.573307  0.790965
 0.762114  0.943227
 0.564831  0.320730
 0.843195  0.624354
 0.989947  1.026927
 0.948399  1.850619
 0.799345  0.652311
 0.351902  0.810524
 0.270689  0.503030
 0.574795  1.305280
 0.245770  0.866729
 0.391536  0.510691
 0.320791  1.030053
 0.501479  0.560298
 0.663712  0.742970
 0.264227  0.782218
 0.365852  0.480241
