-43.5057   147.51
-42.8825   147.51
-42.2592   147.51
 -41.636   147.51
-43.1941  148.184
-42.5709  148.184
-41.9476  148.184
-41.3244  148.184
-40.7011  148.184
-40.0779  148.184
-42.2592  148.857
 -41.636  148.857
-41.0128  148.857
-40.3895  148.857
-39.7663  148.857
-39.1431  148.857
-38.5198  148.857
-37.8966  148.857
-40.0779   149.53
-39.4547   149.53
-38.8314   149.53
-38.2082   149.53
 -37.585   149.53
-36.9617   149.53
-37.8966  150.204
-37.2733  150.204
-36.6501  150.204
-36.0269  150.204
-35.4036  150.204
-36.3385  150.877
-35.7153  150.877
 -35.092  150.877
-34.4688  150.877
-34.1572  151.551
-33.5339  151.551
-32.9107  151.551
-32.5991  152.224
-31.9758  152.224
-31.6642  152.897
 -31.041  152.897
-30.4178  152.897
