 0.630281  0.782517
 0.892793  1.812057
 0.789866  0.771934
 0.688258  0.935252
 0.387722  0.824210
 0.396266  0.379703
 0.126360  0.913840
 0.197582  0.409428
 0.142977  0.424299
 0.180835  0.730200
-0.053203  0.334645
 0.458941  0.527308
 0.654995  1.481328
 1.200237  1.091480
 0.897030  0.296483
 1.017736  0.292501
 0.930920  0.822362
 0.864862  0.697214
 0.950795  0.966287
 0.486599  1.175235
 0.229554  0.682443
 0.043174  0.797200
 0.314782  0.702784
 0.407452  0.662570
 0.505107  1.123631
 0.061728  0.746343
 0.545334  1.462566
 0.106213  1.120158
 0.687137  0.565589
 0.273532  0.372102
 0.108052  0.559936
 0.345599  0.894654
 0.207688  0.980488
 0.744106  0.812661
 0.763173  0.835412
 1.041558  0.503413
 1.350163  1.102194
 1.469970  1.209313
 1.431083  1.173586
 1.095756  1.627048
 1.313768  0.974119
 0.942677  1.587131
 0.770920  0.956125
 0.649184  1.353283
 0.600871  0.601215
 0.336137  0.656240
 0.292037  0.545739
 0.708669  1.016271
 0.336878  1.776346
 0.046763  0.555966
 0.279914  0.340305
 0.316912  0.719208
 0.144755  0.845893
 0.359078  0.625741
 0.529513  0.468886
 0.425258  0.897159
 0.172672  0.664914
 0.409927  0.867911
 0.439969  1.735188
 0.675312  1.017852
 0.879319  0.945654
 0.716572  0.899611
 0.448911  0.432294
 0.476802  0.713480
 0.657176  1.582960
 0.205691  1.315271
 0.566831  0.601488
 0.326212  0.899047
 0.621851  0.673749
 0.551079  1.007100
 0.665379  0.527045
 0.861050  0.751285
 0.154177  0.696991
 0.163140  0.469372
 0.103259  0.748829
 0.300263  0.525824
 0.474713  0.504541
 0.554647  0.814097
 0.493974  1.038223
 0.695168  1.361720
 0.488350  0.561872
 0.509562  0.920063
 0.437660  0.845477
 0.970397  0.796047
 0.452881  0.734713
 0.437764  0.797669
 0.439284  1.056046
 0.263383  0.636382
 0.335574  0.818035
 0.537341  0.593191
 0.595021  0.834504
 0.940569  0.898042
 0.902678  0.409370
 0.867732  0.583958
 0.935165  0.809213
 0.671328  0.815174
 0.617516  1.313132
 0.657481  0.426546
 0.350986  0.891914
 0.586235  0.435601
 0.553332  0.549753
 0.153194  0.681671
-0.132750  1.316652
 0.787630  0.998883
 0.674618  1.117001
 0.479563  0.612643
 0.524887  0.910990
 0.415431  0.646200
 0.597665  0.598363
 0.613869  1.398390
 0.351626  1.324752
 0.395187  0.699654
 0.479850  0.566092
 0.259335  0.765306
 0.653802  0.637154
 0.728961  1.317493
 0.761888  0.600457
 0.938447  0.593587
 0.886532  0.930536
 0.960158  0.851692
 1.124154  1.175205
 0.844255  1.590111
 0.767417  0.542071
 0.463423  0.734878
 0.353977  0.655505
 0.530406  1.092684
 0.691257  0.694092
 0.388104  0.582223
 0.449174  0.365936
 0.014019  0.586390
 0.380031  0.531216
 0.771331  0.932998
 1.034029  1.042597
 0.605397  0.927004
 0.950180  1.720049
 0.677152  0.927114
 0.413019  1.607668
 0.425681  0.447187
 0.780468  1.028892
 0.958861  0.712922
 0.833013  0.745332
 0.888306  0.614142
 1.059892  0.990761
 0.949333  1.112032
 0.910458  0.693069
 0.952474  0.634255
 0.907501  0.402801
 1.010463  1.618912
 0.618305  0.652598
 0.458946  0.667723
 0.850555  1.822206
 0.989082  1.425684
 0.958440  1.385367
 1.037378  1.294859
 0.650332  0.970760
 0.682423  1.085068
 0.860837  0.370813
 0.781955  0.476369
 0.985780  1.203859
 0.660199  0.858681
 0.366914  0.367594
 0.529824  1.606481
 0.384773  0.821882
 0.118901  1.177595
 0.264129  0.488391
 0.251784  0.525492
 0.218395  0.933678
 0.310833  0.513606
 0.438562  0.571740
 0.462942  1.340699
 0.115869  0.671595
 0.671935  0.720451
 0.478097  1.067927
 0.837652  1.019751
 0.600373  0.835302
 0.610735  0.767876
 0.205679  0.728775
 0.834096  1.157848
 1.117821  1.006591
 0.683666  0.560104
 0.079468  0.538895
 0.009954  0.646637
 0.265108  0.858632
 0.915088  1.142778
 1.200180  2.119820
 0.625590  1.433158
 0.655060  0.885303
 1.058027  0.365530
 0.559305  0.598637
 0.849512  0.799778
 0.457848  0.660395
 0.392602  1.085416
 0.172479  0.641591
 0.173243  0.474348
 0.486423  0.437460
 0.722237  0.860437
 0.732571  0.919053
 0.569101  0.759668
 0.804367  0.661741
 0.626786  0.649243
 0.669329  0.676389
 0.981410  0.901658
 0.733626  0.478009
 0.028947  0.677868
 0.656652  0.637583
 0.512147  1.256944
 0.673044  1.400917
 0.926480  1.352514
 0.727588  1.815866
 1.055850  1.833978
 1.456478  0.788638
 1.248443  1.545789
 1.646474  1.114490
 1.646390  0.829601
 1.270606  0.650959
 1.161852  2.924055
 0.980769  0.770312
 0.636421  0.640505
 0.656498  0.579489
 0.544201  0.477963
 0.359654  0.846061
 0.514011  0.900076
 0.437524  0.501671
 0.736641  0.684381
 1.260133  1.229604
 1.039590  1.089131
 0.951636  0.942393
 0.808935  0.946196
 0.775840  0.759704
 0.870798  1.726147
 0.593877  1.235502
 0.180585  0.773305
 0.209039  1.153805
 0.604491  0.942264
 0.268634  0.509678
 0.098506  0.475712
 0.191869  0.451620
 0.235861  0.332129
 0.176006  0.580989
-0.000761  1.034398
 0.157943  0.914186
 0.233801  0.630548
 0.321829  0.979030
 0.421295  0.386533
 0.722484  0.810577
 0.991292  1.561594
 0.734925  1.400387
 0.692045  0.684788
 0.544882  1.372797
 0.665702  0.659090
 0.974562  1.499942
 0.510160  0.988291
 0.656407  1.760750
 0.747419  1.215286
 0.853652  0.705724
 0.505473  0.479021
 0.621046  1.209311
 0.537751  0.953872
 0.686864  1.494519
 0.900002  0.594116
 0.473592  0.729799
 0.532192  0.802106
 0.401814  0.780985
 0.843450  0.770317
 0.716383  1.218022
 0.878267  0.689655
 0.832948  1.244823
 0.493315  1.099032
 0.258942  0.430255
 0.508301  0.573683
 0.727837  0.659036
 1.226342  1.370899
 1.239674  3.180441
 0.612893  0.482457
 0.885457  1.088493
 1.032517  0.528502
 1.312518  1.541180
 0.025440  0.493484
 0.680180  0.684331
 0.675096  1.615675
 0.511814  0.521271
 0.662846  0.574747
 0.394699  0.965893
 0.794704  0.618038
 0.873730  0.858379
 0.643349  1.123484
 0.897327  0.868365
 0.480282  0.994013
 0.612971  0.584212
 0.769482  0.857624
 1.108379  0.738444
 0.807127  1.482762
 0.674931  2.806183
 0.586982  1.949344
 0.425319  0.820950
 0.535482  1.010936
 0.619931  1.042155
 0.050663  0.942509
 0.474836  0.557609
 0.408867  0.515854
 0.462930  0.703290
 0.648275  0.427285
 0.413047  0.892408
 0.456217  0.644025
 0.448303  1.021846
 0.379673  0.613562
 0.563212  1.051419
 0.240772  0.542717
 0.111259  0.791243
 0.217423  0.564676
 0.527170  0.649752
 1.042098  0.896098
 0.956310  1.144772
 0.828726  0.738080
 0.500726  0.804763
 0.565520  0.681916
 0.021839  1.394430
 0.412892  0.903561
 0.840838  0.657786
 0.214886  0.884704
 0.256506  0.642502
 0.111724  0.558388
-0.065218  0.603878
 0.048350  0.859570
 0.111663  1.111076
 0.280820  0.541437
 0.585014  0.654049
 0.833973  0.585661
 0.867767  0.638931
 0.511837  0.651090
 0.530469  0.868245
 0.464774  1.574035
 0.055880  1.087256
 0.344960  1.036043
 0.625656  0.927505
 0.858406  0.665433
 0.465540  0.787406
 0.387752  0.848400
 0.575462  0.953108
 0.743484  0.692732
 0.610164  0.648765
 0.204367  0.643550
 0.116600  0.741437
 0.535331  1.125705
 0.489580  0.611605
 0.400999  0.633633
 0.412873  1.612775
 0.411208  0.839636
 0.564649  1.277782
 0.191866  1.178136
 0.906074  1.443715
 1.054854  1.472980
 1.022784  0.675306
 0.958621  1.016760
 0.928460  0.606484
 0.510173  0.878772
 1.025041  1.044456
 0.537554  0.705800
 0.788300  1.161255
 0.484307  0.666625
 0.580486  0.678696
 0.814544  1.679628
 0.548187  0.536762
 0.406935  0.543982
 0.227822  1.062115
 0.274605  0.222536
 0.217601  1.354152
 0.451166  1.151476
 0.493499  0.694821
 0.332981  0.645764
 0.687937  0.673974
 0.854234  0.881958
 1.045340  0.761723
 1.003844  0.879798
 0.873114  0.500832
 0.617856  0.620541
 0.479920  1.517963
 0.663249  0.599296
 0.318771  1.303396
 0.535284  0.936573
 0.508730  0.546341
 0.691642  0.993122
 0.668811  0.804201
 0.699785  0.693165
 0.330754  0.709006
 0.565410  0.902496
 0.801498  1.105767
 0.780893  0.669442
 1.208188  1.549189
 1.133980  1.227332
 0.877809  1.958536
 0.608634  0.925126
 0.559770  0.668131
 0.550542  1.459794
 0.529631  1.182846
 0.916939  0.648123
 1.024149  0.491068
 0.801369  0.760963
 0.671279  1.052055
 0.954050  1.187046
 0.681374  0.592765
 0.527743  0.599562
 0.832355  0.904677
 0.769173  0.848488
 0.908482  0.595490
 0.830857  0.786934
 0.964477  1.245028
 0.653483  0.830278
 0.316718  0.716082
 0.323921  0.617561
 0.348673  0.914751
 0.292246  0.485216
 0.217454  0.497153
-0.067624  1.116066
 0.567496  0.716102
 0.896077  0.721364
 0.984393  1.121020
 0.743218  0.850430
 1.003101  0.886504
 1.316750  0.778792
 1.375566  0.865947
 1.407714  1.246143
 1.284479  1.033209
 1.275492  2.674318
 1.187526  3.019876
 0.586508  0.835429
 0.306075  0.720239
 0.031844  0.555393
-0.004935  0.804837
 0.113755  1.187741
 0.539120  0.631850
 0.412298  0.385073
 0.260621  0.983523
 0.568662  0.690893
 0.664186  0.943951
 0.527115  1.001783
 0.468700  0.729967
 0.667845  0.929825
 0.159247  0.323457
 0.266128  0.336862
 0.353734  0.806532
 0.691854  0.855652
 0.743808  0.334009
 0.670594  0.863420
 0.698744  0.517438
 1.065055  0.675248
 0.989448  1.086176
 1.162113  1.128393
 1.132593  1.087005
 0.680913  1.189427
 1.753515  3.022574
 1.864169  1.669101
 1.528603  1.147024
 1.375550  1.157267
 0.833847  1.194493
 0.689204  0.992264
 0.821061  1.328148
 0.367562  1.321882
 0.218358  0.914263
 0.688636  0.916192
 0.972108  1.213426
 0.618163  0.504950
 0.652342  0.887991
 0.710892  0.462485
 0.351112  1.027989
 0.417199  1.135942
 0.280945  0.988643
 0.012210  0.614670
 0.197091  0.758457
 0.164281  0.756790
 0.498806  0.935610
 0.545632  0.359364
 0.869081  0.524383
 0.027698  0.976620
 0.379171  1.565294
 0.312088  0.907264
 0.540067  0.695000
 0.395415  0.592480
 0.267589  0.426751
 0.515821  1.103589
 0.640303  0.622903
 0.504320  0.463730
 0.659555  0.542653
 0.557259  0.665639
 0.598027  0.549869
 0.939761  0.892052
 0.926624  2.184003
 1.143799  0.585799
 0.464538  1.020428
 0.485348  0.461070
 0.394898  0.325333
 1.029121  1.110063
 0.790823  0.525445
 0.606578  0.794939
 0.973836  0.564188
 1.245459  1.310186
 0.479372  1.252432
 0.409873  0.808480
 0.911874  0.988797
 0.636863  0.538262
 0.478678  0.564196
 0.656519  0.470186
 1.161728  1.015710
 0.879732  0.905993
 0.565923  0.898459
 0.350038  1.287793
 0.314930  0.479185
 0.482554  0.542206
 0.370088  0.854306
 0.530492  0.570339
 0.785054  0.430144
 0.640862  0.489249
 0.611923  0.874944
 0.814493  0.743012
 0.850340  0.622948
 0.867558  1.295232
 1.136717  0.683607
 0.555209  1.310126
 0.649062  0.649424
 0.547766  0.668173
 0.421895  1.104485
 0.385110  0.603003
 0.202917  1.540838
 0.495674  0.988403
 0.408879  0.533717
 0.542965  0.589276
 0.732682  0.667468
 0.989059  1.599558
 0.936230  1.813565
 1.013188  0.498520
 1.128782  2.449970
 0.697486  0.952656
 0.330590  0.822333
 0.704026  0.784354
 0.957993  0.424403
 0.669906  1.110844
 1.136593  0.631864
 0.839941  0.899336
 0.520262  0.688817
 0.607002  1.243069
 0.478814  0.892673
 0.501993  0.663985
 0.057983  0.501503
 0.242478  0.499003
 1.013895  0.668635
 0.593475  2.377409
-0.189136  1.744141
 0.855600  1.335602
 1.374962  0.720458
 1.071939  0.769819
 1.539594  1.335856
 1.244572  0.954310
 0.941180  0.907048
 0.695179  0.992715
 0.589416  0.659198
 1.383823  0.517385
 0.903476  1.583690
 1.031614  1.927946
 0.762668  1.357598
 1.239353  1.039551
 0.616254  0.624901
 0.754890  1.386202
 0.959995  0.748091
 1.041574  0.588505
 1.315083  1.407381
 0.939445  1.345193
 0.858412  1.248147
 0.157330  0.928879
 0.726817  0.754687
 0.174684  0.654137
 0.310121  0.192247
 0.378913  1.076957
 0.532323  0.293238
 0.339093  1.481671
 0.445111  0.440874
 0.112950  0.906563
 0.369707  1.063090
 0.525350  0.743509
 0.379130  0.446584
 0.447755  0.512887
 0.655655  0.368263
 0.354184  1.037675
 0.154261  0.944634
 0.351534  0.581844
 0.211226  1.538292
 0.230613  1.324309
 0.141508  0.551542
 0.363398  0.677194
 0.498367  0.576930
 0.585398  1.027351
 0.338873  0.806412
 0.131774  0.956621
 0.637072  0.909081
 0.316869  0.876575
 0.245687  0.957484
 0.330481  0.714813
 0.204139  1.424858
 0.449114  0.827972
 0.678676  0.859039
 0.257170  0.971428
 0.279906  0.710485
 0.720455  1.078623
 0.563456  0.714906
 0.229083  0.313177
 0.663200  0.702079
 0.289103  0.689914
 0.891139  0.405503
 0.636783  0.772407
 0.251496  0.624471
 0.342455  0.615928
 0.540657  1.066453
 0.524184  0.462174
 0.354870  1.221836
 0.580949  1.095693
 0.548938  0.765852
 0.619135  0.510521
 0.284464  0.718941
 0.119667  0.590327
 0.557609  0.655411
 0.239813  1.236141
-0.118090  1.099127
 0.380949  0.733143
 0.181777  0.575411
 0.267611  0.360089
 0.463340  0.363092
 0.398922  0.535340
 0.440462  0.628643
 0.522445  1.007056
 0.585889  0.898067
 0.566501  0.806785
 0.624423  0.580282
 0.386628  1.126894
 1.093268  1.136379
 0.726833  0.793258
 0.720430  0.812502
 0.689317  0.881315
 0.138344  1.839184
 0.616440  2.723063
 0.132413  0.743730
 0.695429  0.624432
 0.665558  0.684322
 0.633321  0.721381
 0.547680  0.566650
 0.296041  0.471497
 0.340423  0.855629
 0.481073  1.374642
 0.441019  0.819036
 0.226888  0.863468
 0.300641  0.562955
 0.564063  1.554213
 0.401440  1.312628
 0.830279  0.882347
 0.620624  1.224565
 0.550447  0.672858
 0.644722  0.674624
 0.279150  0.763493
 0.215000  0.780386
 0.681321  1.546577
 0.167369  0.816011
 0.497107  0.885637
 0.886802  0.586055
 0.665417  0.551403
 0.922930  0.995642
 0.369441  0.878098
 0.724134  0.780162
 0.857788  1.599507
 0.648849  0.542154
 0.397906  0.616719
 1.032330  0.560000
 1.065826  2.019983
 0.881329  1.779717
 0.634621  1.124757
 0.631707  1.443900
 0.838116  1.383295
 0.652277  0.660191
 0.728122  0.868627
 0.549973  1.811090
 0.614416  0.812273
 0.412379  0.466445
 0.270169  0.764060
 0.408163  1.553611
 0.420824  0.816564
 0.750267  0.997745
 0.701596  1.158779
 0.668211  0.656464
 1.170021  1.109260
 1.165972  0.408206
 0.877811  1.072041
 1.351965  2.628210
 1.099697  1.230074
 0.854148  1.045344
 1.405985  1.575638
 1.572427  0.590363
 1.485922  1.137066
 1.274324  1.445583
 0.740297  1.091299
 0.598565  1.269422
 0.490665  0.973313
 0.236319  1.325003
 0.465910  1.074960
 0.045511  0.600620
 0.242514  0.537685
 0.337504  0.987308
 0.378201  0.893904
 0.676693  0.480793
 0.651485  0.995915
 1.133488  0.813299
 1.042580  1.095484
 0.915399  0.891374
 0.853116  0.733147
 0.647942  0.637939
 0.567262  0.303867
 1.146857  0.759309
 0.505050  0.846147
 0.537267  0.416690
 0.690713  0.708671
 0.500572  0.423360
 0.163443  0.903117
 0.480044  0.986560
 0.466280  0.723696
 0.516903  1.044629
 0.547338  0.375405
 0.993154  0.988939
 0.890290  1.687588
 0.862114  0.698599
 1.155834  1.219380
 1.425289  1.436946
 1.068636  0.633548
 1.085078  0.954909
 1.335595  0.662679
 1.390168  2.145914
 0.936141  2.384776
 0.922060  0.595667
 1.055096  0.877882
 1.220306  0.759183
 1.026190  1.112033
 0.279623  0.426537
 0.460282  1.100195
 0.851324  0.635577
 0.700432  0.778597
 0.271180  0.745659
 0.796282  0.589854
 0.824510  0.521132
 0.997052  0.738604
 1.103920  1.331115
 0.776756  0.513140
 0.697826  0.300567
 0.649447  0.780634
 0.570676  1.061714
 0.624606  0.517975
 0.743647  0.732983
 0.567448  0.420357
 0.171478  0.520292
 0.227409  0.415211
 0.545491  0.662929
 0.752503  1.053294
 0.759770  0.656347
 0.834202  1.023253
 0.463520  0.907396
 0.462247  0.777729
 0.196443  0.901466
 0.722185  0.733992
 0.437291  1.311912
 0.124935  1.793100
 0.267207  0.640414
 0.496369  0.606849
 0.793163  0.618389
 0.483047  0.780564
 0.921616  0.983461
 0.717590  0.964094
 0.738352  0.620662
 0.783529  0.795004
 0.774839  1.436482
 0.653136  1.091924
 0.608894  0.493682
 0.496580  0.848348
 0.376662  2.551139
 0.271027  0.641238
 0.482922  0.560999
 0.460109  0.755859
 0.385625  0.889073
 0.361477  0.297854
 0.366268  1.035663
 0.490646  0.783981
 0.686662  0.450843
 0.760391  0.263290
 1.170209  0.976428
 0.679490  0.353745
 1.051340  0.914211
 0.807142  0.781856
 0.773311  1.146284
 0.868715  1.071768
 0.940311  0.873989
 0.994239  1.031960
 1.019202  0.550296
 0.876684  0.738135
 0.837453  0.717226
 0.681579  0.788627
 0.661622  0.785709
 0.574294  0.687120
 0.478940  0.677303
 0.521884  0.455445
 0.744878  0.479403
 0.651548  1.470788
 1.158473  1.024030
 0.509868  0.611053
 0.766327  0.688662
 0.917885  0.724411
 0.556170  0.923187
 0.461090  0.481236
 0.723481  1.124025
 0.252860  0.664154
 0.268220  0.653202
 0.779598  0.417214
 0.742963  0.665849
 0.621051  1.254491
 1.216401  1.152359
 0.593142  0.779061
 0.196640  0.555003
 0.346027  0.489218
 0.111204  0.669289
 0.355755  0.493348
 0.382156  0.564211
 0.401713  0.701817
 0.394013  1.114457
 0.683486  0.817446
 0.606291  0.537132
 0.507259  1.621799
 0.548391  0.593963
 0.647326  0.384805
 0.301042  0.728757
 0.543694  0.454696
 0.794200  1.621675
 0.473299  0.672246
 0.070552  0.399843
 0.468227  0.763654
 0.374662  0.721889
 0.558420  1.107235
 0.729392  0.751769
 0.457263  0.847860
 0.917764  0.828717
 0.812836  0.733499
 0.716046  0.785799
 0.982705  0.632083
 0.965990  0.855662
 1.105850  1.460577
 0.822036  0.834823
 0.631620  1.733843
 0.535288  0.835759
 0.235644  0.517379
 0.546787  0.375053
 0.608499  0.966045
 0.508654  1.047563
 0.676740  0.571772
 0.950059  0.747892
 1.000850  1.335242
 0.691495  1.153378
 0.424499  0.589845
 0.088609  1.645199
-0.079730  1.072540
 0.185614  1.123766
 0.406928  0.522928
 0.316609  0.523863
 0.563601  0.745661
 0.620750  0.697608
 0.276440  0.752582
 0.477390  1.080529
 0.353499  0.370779
 0.488474  1.068145
 0.519143  0.814803
 0.593564  1.522817
 0.569083  0.371758
 0.580600  0.549990
 1.173350  1.297529
 0.817313  1.056845
 1.216879  1.398708
 1.171961  1.072954
 1.149009  0.721092
 0.444373  0.901664
 0.329853  1.064922
 0.919237  1.214834
 0.905190  0.462513
 0.712650  0.312736
 0.573527  0.791053
 0.680132  1.057823
-0.170864  0.826285
 0.322499  1.068610
 0.192888  0.357555
 0.657860  0.679250
 0.733112  0.495354
 0.490597  1.397835
 0.707157  0.610208
 0.919949  1.208597
 1.137922  1.424861
 1.309694  1.341513
 1.714731  1.158605
 1.494692  0.906637
 1.385032  1.573993
 1.319222  2.824226
 1.455933  0.724034
