    46.293262 -27943.510772
    55.098894 -27950.379278
    77.354305 -27948.030716
    84.993609 -27949.317912
    56.115324 -27947.722502
    71.222937 -27951.603649
    52.532772 -27954.640409
    64.484276 -27956.366873
    74.070900 -27956.027981
    63.815650 -27952.940629
    43.022563 -27959.504244
    78.005691 -27952.906509
    64.878224 -27949.519289
    51.977090 -27948.361420
    45.702801 -27950.929546
    63.958895 -27946.900672
    67.165927 -27949.882403
    55.399546 -27948.476270
    83.676848 -27953.571165
    68.103918 -27951.349534
    52.747638 -27950.840679
    63.346292 -27955.955373
    84.829694 -27954.624551
    71.117251 -27959.268697
    87.748102 -27953.670743
    68.053752 -27952.834351
    64.716665 -27950.411249
    61.392526 -27965.076517
    79.510624 -27957.826360
    92.290350 -27952.447819
    86.007031 -27951.994673
    81.432103 -27947.514901
    90.512547 -27946.835632
    90.662397 -27950.875761
    76.796458 -27946.286573
    67.207423 -27947.046210
    52.057131 -27943.719961
    55.886933 -27947.309575
    61.291629 -27946.014688
    50.933944 -27946.634921
    46.257338 -27945.410952
    62.045770 -27957.583342
    68.113889 -27956.462629
    60.760138 -27962.485363
    52.900181 -27952.794658
    73.111410 -27955.977484
    78.045870 -27950.767115
    71.409980 -27953.084205
    46.076038 -27956.621499
    47.883696 -27958.996189
    75.646098 -27960.073631
    67.853434 -27951.233512
    58.351905 -27956.127877
    67.514294 -27951.698757
    50.621945 -27948.642539
    31.890521 -27948.808619
    40.519175 -27956.438129
    71.683451 -27957.877825
    79.298231 -27956.831151
    60.577719 -27950.620758
    51.617790 -27948.652216
    80.655891 -27946.735896
    62.824831 -27951.776602
    55.220633 -27949.944817
    54.676401 -27952.179656
    70.169474 -27956.595918
    52.149691 -27957.843811
    39.569635 -27953.158962
    38.044453 -27949.320425
    41.636984 -27955.235504
    59.799142 -27953.606894
    47.485213 -27950.896313
    75.261742 -27953.706674
    64.426254 -27957.075302
    66.156841 -27952.638223
    82.786510 -27955.862714
    82.956943 -27953.129865
    67.031603 -27954.040070
    62.971171 -27956.171705
    56.999773 -27953.100954
    79.210400 -27950.195800
    72.559050 -27957.557366
    83.796289 -27951.514504
    69.047343 -27951.837762
    68.102391 -27950.923136
    65.930565 -27948.587752
    70.653989 -27953.501096
    56.661141 -27952.223056
    79.417189 -27949.717296
    57.517468 -27950.550014
    52.647559 -27952.573575
    59.147055 -27949.107231
    63.727660 -27959.260066
    77.372097 -27953.076829
    69.836387 -27950.821340
    49.224708 -27949.671777
    58.917362 -27950.300091
    77.265205 -27950.523403
    49.481454 -27954.025995
    71.734998 -27955.954932
    72.476563 -27954.855249
    75.736278 -27950.101357
   101.556750 -27955.091725
   111.804762 -27953.195559
   116.621409 -27954.240764
   106.599225 -27956.485956
    91.877088 -27954.644622
    99.193172 -27956.260228
    78.536291 -27949.032543
    73.355198 -27953.712861
    69.046027 -27959.434561
    73.766639 -27954.522968
    73.250042 -27956.204685
    91.304875 -27953.437923
    72.479428 -27956.958744
    62.731069 -27949.986332
    79.339344 -27948.892327
    43.345676 -27948.950562
    41.518771 -27947.787165
    54.487930 -27958.788507
    64.426844 -27952.496415
    66.343385 -27952.644023
    67.453994 -27959.520878
    72.528268 -27953.791569
    77.863895 -27955.817306
    71.708388 -27950.226161
    69.424237 -27950.596613
    70.734898 -27956.600816
    57.642020 -27950.019179
    61.706240 -27954.664196
    56.981067 -27954.485697
    72.258274 -27949.939134
    77.727921 -27953.787913
    64.496200 -27949.906332
    87.682084 -27953.824761
    71.140628 -27954.036637
    48.377298 -27949.617342
    57.569503 -27957.608695
    64.038259 -27948.139864
    57.235719 -27952.658290
    46.072024 -27956.747188
    51.680496 -27949.558295
    46.232440 -27951.127879
    47.663423 -27959.336764
    49.808632 -27951.913191
    45.880760 -27951.573538
    55.814801 -27954.133060
    57.233347 -27948.544729
    58.712869 -27953.556031
    81.213431 -27952.244726
    85.941938 -27949.653439
    70.849642 -27951.168151
    63.806591 -27951.125883
    75.554237 -27951.534700
    65.523936 -27950.959888
    80.042201 -27949.154097
    89.121220 -27952.448202
    95.558377 -27945.799993
    74.490319 -27947.994129
    40.861518 -27955.949231
    50.677410 -27948.949559
    60.231755 -27948.743506
    61.077437 -27954.390179
    72.811672 -27952.715861
    55.238911 -27956.069298
    45.985998 -27950.806244
    54.153255 -27951.168481
    52.512301 -27952.852360
    65.968182 -27954.687910
    68.401658 -27957.155916
    66.215598 -27952.137803
    65.832580 -27949.711820
    69.498605 -27947.629994
    52.529517 -27952.645981
    67.756753 -27954.131315
    61.236244 -27956.350997
    56.691834 -27945.497198
    39.023567 -27945.826481
    45.920379 -27946.035210
    73.761502 -27944.709743
    84.294826 -27950.050586
   105.489081 -27956.065831
    85.298432 -27948.480062
    80.187631 -27950.489164
    68.634564 -27948.314649
    82.788889 -27949.521450
   101.323065 -27955.103237
    86.365071 -27953.640193
    85.465167 -27951.390866
    85.750495 -27953.211082
    61.369994 -27951.339702
    57.521161 -27948.018449
    62.673740 -27949.060688
    57.522523 -27947.918962
    61.770098 -27955.453889
    81.256599 -27954.652274
    47.398710 -27952.866635
    69.226143 -27954.284517
    69.602418 -27950.626846
    79.780371 -27949.535345
    79.969200 -27946.524002
    50.358566 -27948.238691
    75.460167 -27949.931101
    59.324447 -27953.218413
    56.644456 -27947.056999
    58.550331 -27954.512570
    66.260111 -27943.919200
    69.550061 -27947.675832
    55.201550 -27945.063561
    72.003465 -27952.545427
    63.074829 -27945.591837
    50.999247 -27950.940194
    58.999462 -27948.834041
    57.379189 -27948.976575
    72.725413 -27947.574168
    72.971664 -27951.675563
    51.799243 -27948.671700
    53.369760 -27949.810335
    47.564029 -27951.553501
    47.731962 -27949.911061
    45.351073 -27952.270338
    71.614636 -27950.045050
    77.062185 -27951.385242
    63.072600 -27948.644992
    80.307818 -27946.319075
    61.095949 -27946.119117
    63.628089 -27947.211439
    79.237572 -27946.234562
   100.859839 -27946.648429
    82.594570 -27948.823005
    81.574484 -27945.122732
    80.783312 -27947.699093
    76.315367 -27949.303193
    79.339914 -27948.533084
    60.692801 -27950.285393
    67.006351 -27947.836911
    78.934168 -27954.460032
    90.469297 -27951.956409
    74.667185 -27948.077156
    85.377309 -27950.078575
    79.723535 -27951.394398
    47.415360 -27962.529493
    65.157981 -27954.448693
    79.718409 -27945.876682
    73.985167 -27948.782568
    73.409138 -27946.001637
    53.526008 -27951.343563
    69.174900 -27945.215271
    74.239547 -27949.464377
    66.767429 -27953.030376
    66.042856 -27947.605763
    73.531499 -27955.264984
    82.915508 -27945.573472
    82.046728 -27946.303040
    67.808455 -27947.300709
    54.323800 -27957.042921
    48.733339 -27955.891331
    67.635585 -27951.354882
    67.097162 -27953.352099
    70.054766 -27952.553645
    66.628380 -27950.631150
    74.973119 -27947.699518
    64.417538 -27955.254795
    49.973384 -27951.914653
    58.667105 -27951.324748
    73.092375 -27946.280504
    92.865056 -27945.834855
   106.896270 -27948.156162
   104.248478 -27951.548361
   131.984701 -27950.334925
   122.404224 -27957.648869
   104.300406 -27945.637181
   111.618369 -27951.635097
   102.512805 -27958.241101
   107.277233 -27955.419726
   100.805206 -27953.108254
   104.593683 -27955.552075
   111.400813 -27955.686213
   118.066184 -27955.230682
   127.706318 -27957.633424
   118.371308 -27955.606899
   100.020536 -27950.999348
    82.812024 -27952.894354
    88.580429 -27954.679301
    80.028976 -27948.929539
    89.727528 -27953.766260
    76.021028 -27950.814394
    71.901022 -27950.413607
    67.610624 -27946.447684
    63.534448 -27948.280323
    77.394222 -27949.732275
    78.059123 -27951.392396
    74.241878 -27947.443841
    76.494844 -27952.188070
    91.710737 -27951.329598
    77.692607 -27948.112594
    61.132344 -27947.506076
    61.959938 -27952.938152
    62.839138 -27952.274740
    76.826486 -27946.776438
    55.678368 -27951.284026
    74.215553 -27948.700358
    56.931837 -27956.309769
    58.887900 -27953.070089
    52.036192 -27951.507781
    64.425764 -27956.525652
    54.873294 -27952.233272
    48.826091 -27946.874209
    47.501667 -27949.401934
    61.367299 -27953.820929
    60.933974 -27952.834210
    68.335887 -27949.885774
    88.524699 -27954.970352
    91.446312 -27958.119085
    99.142979 -27957.711480
    81.789588 -27948.616510
    83.270461 -27955.708506
    71.715960 -27947.933977
    94.104976 -27957.148002
    88.126219 -27949.888000
    63.252548 -27949.193156
    75.128698 -27951.413577
    92.671791 -27959.153467
    90.713760 -27950.238567
   102.562941 -27953.354700
    94.289674 -27954.922981
   123.657835 -27954.325115
   100.576058 -27955.838664
   109.526575 -27957.238777
   114.720476 -27955.980221
    88.679831 -27957.115938
    71.599072 -27952.723256
    62.758402 -27950.873128
    79.173672 -27956.272629
    63.265002 -27947.853908
    57.342869 -27952.279562
    81.993801 -27951.276777
    85.363124 -27953.135628
    51.324246 -27947.959685
    76.383478 -27947.931562
    89.522741 -27946.234494
    95.671872 -27953.569144
    94.284127 -27952.631428
    88.727962 -27950.304574
    97.180544 -27948.818599
    64.308613 -27949.665312
    61.358740 -27946.691369
    51.752913 -27954.230301
    55.807868 -27946.050584
    69.603184 -27954.213829
    51.323571 -27953.289709
    59.780049 -27946.854725
    93.198268 -27950.991861
    89.516926 -27945.134235
    75.851208 -27949.429103
    50.727759 -27945.984559
    75.938756 -27954.635030
    64.501954 -27952.402353
    59.751737 -27946.774592
    63.315848 -27950.491488
    83.873231 -27943.878189
    82.268955 -27948.882935
    49.404360 -27946.372775
    67.500234 -27948.611646
    52.653602 -27948.574247
    86.152314 -27962.333112
    64.732390 -27956.479229
    72.315217 -27950.528865
    81.260956 -27954.350791
    97.089421 -27951.649186
    87.893019 -27950.814213
    64.397985 -27952.844280
    80.511240 -27946.089829
    79.121802 -27947.037591
    77.508002 -27945.523814
    66.861269 -27948.381770
    63.262851 -27948.931834
    68.530702 -27956.015873
    80.165523 -27953.346416
   106.100423 -27953.861457
   109.441506 -27953.306352
    82.305920 -27950.545936
    78.541662 -27949.058974
    72.946639 -27947.695793
    85.630711 -27957.985612
    74.053957 -27958.842312
    72.793395 -27959.613278
    74.874007 -27950.625706
    49.531322 -27953.161840
    50.451216 -27952.421254
    64.052298 -27948.084880
    62.635459 -27956.601868
    62.134440 -27958.452434
    79.198277 -27949.372291
    84.925657 -27955.294021
    69.921563 -27955.358794
    68.780088 -27951.731571
    74.283209 -27947.863497
    81.118373 -27950.799483
    56.468801 -27953.429604
    87.202776 -27952.748188
    85.686284 -27959.706645
    67.787898 -27949.709877
    80.053175 -27950.036740
    62.682475 -27949.708617
    66.206047 -27949.599791
    66.887551 -27944.830100
    73.605509 -27948.681512
    74.322527 -27957.283621
    86.743449 -27955.629065
    86.028043 -27954.442535
    73.619556 -27953.700928
    71.217383 -27949.835871
    65.514407 -27958.429590
    68.782335 -27946.224787
    60.899846 -27947.837965
    55.639002 -27954.730646
    38.264511 -27953.460601
    58.884418 -27957.153929
    48.120382 -27956.280570
    58.082834 -27957.667376
    67.875277 -27964.256663
    67.654300 -27958.292307
    79.539755 -27958.737702
    68.300781 -27948.766456
    83.187834 -27956.817483
    59.375947 -27951.528038
    57.082939 -27950.265683
    81.013141 -27955.305233
    59.926321 -27956.263451
    70.966715 -27954.192320
   101.223031 -27949.174400
    58.614302 -27945.252249
    70.825875 -27947.297659
    67.773359 -27946.670351
    75.840440 -27954.806920
    49.142231 -27951.079415
    58.552833 -27951.434316
    85.634558 -27960.251639
    74.793828 -27955.155437
    51.431639 -27952.039388
    56.001980 -27946.913495
    68.762989 -27949.059262
    61.031711 -27948.728944
    69.360776 -27946.706607
    46.825925 -27950.417187
    60.847459 -27946.418742
    53.344541 -27945.258927
    74.073328 -27945.716304
    70.548626 -27949.327699
    58.484364 -27946.580722
    53.202707 -27945.706598
    61.304035 -27950.278015
    42.404332 -27949.926936
    61.974266 -27955.063116
    55.035921 -27949.812443
    58.426136 -27953.920298
    77.181698 -27951.046357
    82.114475 -27947.840609
    76.549830 -27948.428301
    70.253201 -27946.858782
    67.917783 -27946.458855
    75.764982 -27950.369011
    78.743726 -27946.244494
    73.562775 -27947.270755
    63.916776 -27949.275511
    64.586632 -27946.799465
    62.360527 -27951.315664
    80.121195 -27961.069435
    82.756176 -27954.990106
    84.713154 -27954.177418
    81.900326 -27949.247967
    77.190737 -27957.918574
    53.873743 -27951.201778
    62.915336 -27952.350403
    78.674920 -27956.840287
    59.566062 -27951.219638
    52.077034 -27955.012327
    61.812917 -27954.766953
    77.506820 -27955.671806
    91.776153 -27952.930910
    53.743707 -27952.302914
    55.126934 -27950.369939
    58.022057 -27944.514189
    79.157480 -27949.072433
    69.054349 -27947.571393
    68.506756 -27945.652938
    71.391460 -27948.678354
    72.721057 -27944.843346
    82.977285 -27952.544966
    74.990662 -27958.459411
    58.447258 -27956.805746
    56.263697 -27948.679418
    66.407006 -27945.759980
    49.532321 -27945.673372
    58.218907 -27947.278687
    41.941805 -27946.496882
    62.628503 -27950.180533
    47.877194 -27950.055885
    61.319657 -27946.615509
    60.123604 -27946.340365
    69.866432 -27946.862485
    75.063614 -27950.691395
    95.638148 -27953.992514
   124.330199 -27951.831411
   118.410198 -27950.518101
    99.356545 -27948.538856
    90.393045 -27956.785478
    80.358669 -27954.752016
   100.083777 -27958.768332
    80.628357 -27959.508444
    91.356635 -27956.816680
    80.269207 -27957.618643
    88.050112 -27950.813579
    78.529242 -27944.680595
    51.900388 -27948.453924
    67.193761 -27956.689503
    85.981679 -27950.616998
    72.849255 -27953.739945
    85.877410 -27952.266469
    84.499843 -27946.654028
    88.290618 -27954.353475
    65.758755 -27950.848235
    71.987681 -27949.192663
    67.608460 -27952.394464
    55.287185 -27948.669946
    54.453735 -27947.717684
    56.348330 -27947.887918
    64.580538 -27945.980735
    76.840136 -27947.160349
    77.278764 -27955.388463
    78.121809 -27953.631739
    77.369354 -27950.929638
    87.262831 -27952.125212
    94.674347 -27950.400602
    96.073977 -27947.207085
   114.738889 -27946.424247
    79.420362 -27945.108982
    86.972587 -27950.378166
    71.014147 -27946.871077
    60.618821 -27949.749268
    72.318447 -27947.835070
    83.457910 -27954.170000
    94.619982 -27952.339299
    81.333722 -27948.914187
    84.054352 -27953.966547
    80.442655 -27951.081990
    69.832864 -27951.918813
    59.573769 -27953.305841
    57.071850 -27946.042879
    68.600214 -27948.252878
    68.474352 -27946.415967
    85.239556 -27946.279606
    97.742691 -27948.936242
    67.851689 -27958.353383
    80.554813 -27948.723625
    88.103665 -27955.658301
   102.509225 -27948.032038
    74.863042 -27949.235360
    50.080322 -27954.652246
    67.586361 -27953.057423
    63.454988 -27953.498733
    71.684671 -27948.254170
    51.119207 -27947.785209
    57.558464 -27945.400384
    43.265804 -27948.512715
    57.408836 -27958.323531
    63.965611 -27951.324143
    64.957133 -27948.560472
    76.958958 -27949.864251
    74.087010 -27953.809494
    77.694282 -27958.270988
    95.520197 -27958.048920
    69.570667 -27952.481894
    75.615654 -27952.914194
    63.106834 -27951.358102
    51.709979 -27950.116231
    68.713274 -27952.955687
    85.190193 -27947.864999
    66.531069 -27953.890601
   111.381999 -27945.744105
    94.482362 -27948.064036
    92.984723 -27951.304011
    73.624409 -27954.930764
    88.529297 -27950.282097
    78.814736 -27957.448807
   106.182451 -27949.019434
    90.466669 -27950.148157
    92.097273 -27952.922949
    98.920683 -27949.933761
    88.872343 -27950.082849
   110.021169 -27950.188510
   117.767742 -27946.807304
    90.009968 -27959.774092
    84.419116 -27952.257369
    62.022960 -27950.778619
    64.508371 -27948.009261
    61.381339 -27947.856175
    48.629551 -27946.166505
    58.198696 -27950.182189
    71.907490 -27956.561206
    58.755135 -27958.797522
    63.854978 -27950.241242
    77.140252 -27954.107172
    57.921339 -27949.544980
    61.689641 -27953.035317
    62.823628 -27951.454928
    71.175644 -27955.782013
    49.388671 -27954.602233
    60.888323 -27952.818916
    62.584447 -27948.690402
    46.142388 -27947.444750
    53.119940 -27951.408193
    75.499055 -27952.050548
    71.328955 -27947.283929
    61.047439 -27945.707528
    58.844127 -27952.263931
    60.177169 -27955.589030
    73.293564 -27949.454183
    59.708067 -27951.986638
    68.310658 -27955.528959
    69.257254 -27953.593350
    58.732754 -27961.763625
    82.667211 -27957.687993
    99.097621 -27953.389660
    92.350796 -27954.358632
    98.087268 -27955.228119
    68.041208 -27953.751925
    61.618011 -27951.708436
    61.042149 -27951.319182
    51.651299 -27948.922303
    74.121990 -27955.154617
    74.833263 -27953.702025
    65.694934 -27952.462991
    54.560208 -27956.548120
    46.194156 -27952.250284
    45.781108 -27951.534371
    56.541574 -27948.585577
    60.438831 -27957.616444
    71.677398 -27951.235953
    58.865602 -27949.770878
    74.550056 -27953.284756
    47.674111 -27951.484462
    53.989491 -27951.226363
    51.547049 -27949.054611
    50.933103 -27954.776768
    68.638667 -27949.647551
    52.466803 -27954.379726
    57.284277 -27954.785624
    37.241285 -27952.209644
    59.947958 -27949.821684
    63.180106 -27950.539644
    77.613641 -27946.929991
    93.478085 -27956.311532
    90.215379 -27952.104415
    86.148886 -27951.286422
    73.133790 -27948.894604
    74.531297 -27951.039207
    75.861415 -27958.948989
    54.119472 -27946.918676
    76.109200 -27946.194862
    68.761357 -27951.243828
    76.345390 -27949.728028
    62.134414 -27952.338224
    68.944042 -27948.414645
    84.611705 -27944.859024
    86.385481 -27947.688647
   108.645210 -27951.692826
   130.205311 -27948.060796
    88.263193 -27951.308371
    87.696593 -27948.390740
    71.558281 -27949.840397
    80.773934 -27947.345588
    81.413057 -27946.234812
    85.207777 -27951.444740
    94.391205 -27956.653931
    92.282911 -27956.407745
   102.277066 -27959.162047
   132.585693 -27957.117424
   111.638659 -27963.328582
   106.106287 -27953.494001
   100.410180 -27949.617664
    87.616990 -27950.048389
    72.987626 -27951.884665
    61.204267 -27951.347670
    70.925225 -27950.233561
    99.179299 -27948.424637
    77.863774 -27949.947230
    70.524322 -27957.025522
    66.959986 -27950.588581
    84.182244 -27948.630077
    63.928025 -27960.480498
    60.869592 -27947.472012
    69.831168 -27945.854548
    56.596019 -27948.723192
    55.223192 -27957.408665
    68.183560 -27951.966048
    64.777129 -27955.971267
    59.942564 -27952.924085
    70.919169 -27950.981828
    71.320704 -27953.899823
    67.495352 -27949.627546
    60.899578 -27948.467084
    69.512738 -27947.487394
    98.017465 -27948.546605
   102.764677 -27956.473572
   114.238678 -27947.786516
    99.496573 -27950.762527
   117.330515 -27952.450430
   127.259373 -27949.000415
   127.970133 -27948.022038
   110.507279 -27948.809256
    87.583688 -27954.496723
   104.514473 -27950.697368
   106.341613 -27949.917786
    91.079572 -27950.678890
    69.297372 -27952.768131
    65.931461 -27956.965786
    60.542775 -27947.679387
    73.671043 -27950.865627
    64.697276 -27947.578590
    80.166813 -27951.633500
    74.332152 -27950.301835
    77.221468 -27951.059538
    73.531675 -27956.928329
    80.742343 -27946.837341
    80.864318 -27947.551814
    60.257951 -27953.892280
    65.513858 -27953.993712
    85.188994 -27951.405551
    71.886494 -27949.405736
    80.973146 -27946.392301
    63.014561 -27953.082899
    65.317710 -27953.158848
    63.663354 -27953.314117
    61.756102 -27949.798551
    63.797173 -27950.082830
    70.529446 -27946.706350
    65.886181 -27946.054401
    64.851225 -27942.126129
    61.811841 -27950.796883
    58.693422 -27945.902250
    71.987933 -27945.109302
    97.297984 -27947.124885
    99.707902 -27954.789267
    91.562228 -27952.133218
    91.098469 -27947.189282
    88.235831 -27951.970946
   100.252113 -27952.848412
   102.554243 -27952.302700
    58.051531 -27950.625592
    66.536085 -27954.106807
    50.040320 -27952.292205
    55.638757 -27959.271536
    46.079988 -27957.477230
    38.009239 -27951.313396
    45.754326 -27953.006670
    68.263519 -27947.900210
    69.891335 -27948.003173
    44.257483 -27947.541790
    48.400742 -27951.251532
    61.153368 -27959.277026
    83.894417 -27951.592262
    74.899050 -27954.940491
    76.536563 -27955.356205
    59.774638 -27950.972426
    55.608953 -27951.720117
    65.933274 -27948.761571
    55.077583 -27952.586100
    64.374221 -27949.878826
    56.916798 -27948.165668
    70.780355 -27949.206392
    50.202368 -27948.872176
    71.218000 -27946.484581
    83.748211 -27954.476723
    85.160680 -27952.018590
    59.895497 -27952.711380
    82.882928 -27949.423687
    79.293375 -27947.235402
    76.667883 -27945.892078
    79.373478 -27949.753554
    91.889647 -27951.275838
    89.279115 -27952.481124
    79.222936 -27951.217168
    77.348838 -27955.576977
    71.908687 -27950.989383
    71.817615 -27950.962912
    73.118988 -27954.275404
    93.916573 -27949.969253
    87.124935 -27955.558099
    67.657784 -27949.056800
    80.284476 -27950.224741
    87.280033 -27950.484655
    78.872653 -27956.039133
    60.373039 -27953.845729
    54.678470 -27950.539983
    70.363350 -27948.568448
    81.202190 -27948.210473
    66.629652 -27949.760183
    61.125274 -27952.240910
    53.841063 -27951.561533
    60.757471 -27954.597529
    78.589101 -27949.755809
    60.708706 -27949.969765
    67.753448 -27955.510212
    88.161987 -27956.837770
    94.134620 -27954.965054
    93.939691 -27949.161119
    75.187727 -27952.826514
    49.599965 -27952.123529
    65.397289 -27950.909739
    72.179243 -27956.891155
    97.598411 -27957.567809
    89.139505 -27965.075362
    80.145113 -27960.503629
    55.592899 -27962.352956
    47.512479 -27954.307472
    66.741109 -27956.486343
    62.654301 -27954.117712
    59.273767 -27957.058221
    74.258804 -27959.364377
    81.429688 -27960.054414
    45.878397 -27960.498285
    45.482676 -27951.449975
    55.811898 -27950.271171
    62.170235 -27958.489980
    63.170488 -27954.234839
    65.103446 -27955.845067
    72.507186 -27954.646783
    80.905589 -27951.507303
    59.099594 -27956.101958
    60.285609 -27950.546195
    46.740974 -27950.343979
    59.315332 -27949.477618
    70.710367 -27951.573140
    61.151835 -27947.474523
    50.332052 -27947.065738
    64.664133 -27953.784177
    78.318184 -27947.825614
    80.183634 -27954.111091
    84.640935 -27947.209315
    95.562424 -27945.483953
   110.439517 -27946.426872
    97.449874 -27949.027494
   106.864006 -27951.056806
    96.076547 -27943.859093
    78.997283 -27948.364662
    58.652840 -27945.876501
    64.086837 -27948.097372
    48.013347 -27952.043315
    46.493175 -27947.041524
    70.512677 -27951.701926
    46.895235 -27947.693349
    49.371157 -27949.875814
    70.132450 -27951.352018
    79.004764 -27949.242325
    62.012839 -27951.189152
    60.829421 -27957.836758
    71.765153 -27955.460199
    68.775126 -27960.337818
    85.952266 -27955.245021
    74.502159 -27950.190215
    52.599050 -27949.849639
    77.856062 -27949.572242
    84.410088 -27954.224084
    97.288116 -27956.338414
    68.260325 -27951.844976
    80.376077 -27949.023258
    91.283688 -27956.180153
    91.555954 -27949.930792
    96.563772 -27950.511119
    77.053823 -27957.545524
    65.743564 -27952.605603
    86.666779 -27945.874758
   103.957478 -27945.407728
   116.521825 -27947.549005
    89.958484 -27952.976839
    94.044396 -27947.900227
    82.591585 -27948.803663
    85.892173 -27960.240471
    66.054723 -27950.629816
    76.898433 -27950.221037
    77.294423 -27952.898998
    63.783358 -27949.234838
    70.452903 -27946.475098
    51.170424 -27949.008997
    38.801229 -27951.484603
    67.505327 -27948.366244
    50.681440 -27951.283637
    53.536709 -27959.058752
    62.623899 -27946.378411
    79.886968 -27949.702815
    76.188726 -27945.451033
    96.798371 -27950.632717
    68.625843 -27948.645669
    55.347525 -27950.450327
    72.456838 -27948.648081
    75.544902 -27955.373314
    73.787790 -27956.195784
    72.296825 -27950.411980
