 1  5
 1  2
 2  5
 2  6
 2  3
 3  6
 3  7
 3  4
 4  7
 4  8
 5 11
 5  6
 6 11
 6 12
 6  7
 7 12
 7 13
 7  8
 8 13
 8 14
 8  9
 9 14
 9 15
 9 10
10 15
10 16
11 12
12 20
12 13
13 20
13 21
13 14
14 21
14 22
14 15
15 22
15 23
15 16
16 23
16 24
16 17
17 24
17 25
17 18
18 25
18 26
18 19
19 26
19 27
20 21
21 22
22 23
23 31
23 24
24 31
24 32
24 25
25 32
25 33
25 26
26 33
26 34
26 27
27 34
27 35
27 28
28 35
28 36
28 29
29 36
29 37
29 30
30 37
30 38
31 32
32 33
33 34
34 40
34 35
35 40
35 41
35 36
36 41
36 42
36 37
37 42
37 43
37 38
38 43
38 44
38 39
39 44
39 45
40 41
41 42
42 48
42 43
43 48
43 49
43 44
44 49
44 50
44 45
45 50
45 51
45 46
46 51
46 52
46 47
47 52
47 53
48 49
49 50
50 51
51 55
51 52
52 55
52 56
52 53
53 56
53 57
53 54
54 57
54 58
55 56
56 57
57 58
58 61
58 59
59 61
59 62
59 60
60 62
60 63
61 62
62 63
63 65
63 64
64 65
64 66
65 66
66 67
67 69
67 68
68 69
68 70
69 70
70 72
70 71
71 72
71 73
72 73
73 76
73 74
74 76
74 77
74 75
75 77
75 78
76 77
77 78
78 79
