 0.654170  1.204268
 0.656691  0.703978
 0.342842  0.286626
 0.301372  1.478976
 0.118979  0.666037
 0.445904  0.285062
 0.628991  0.375012
 0.293575  0.597067
 0.391353  3.574048
 0.461494  0.486485
 0.703647  0.458633
 0.650296  0.847451
 0.488703  2.216821
 0.891492  0.799184
 0.979320  0.666648
 0.884442  1.055420
 0.870342  0.720642
 0.854870  0.568479
 0.902963  0.765654
 0.496340  0.783831
 0.804136  2.280862
 0.476912  1.491082
 0.851798  0.733680
 0.982445  1.704716
 1.147760  0.551466
 1.154836  1.276662
 0.936733  0.993591
 0.673752  1.237529
 0.851230  0.822913
 1.068979  0.507779
 0.713321  0.579333
 0.829108  0.866143
 0.522503  0.460974
 0.699595  0.563726
 0.848654  0.839168
 0.664629  0.845924
 0.737744  0.458292
 0.505174  0.895798
 0.649513  0.579585
 0.619225  1.075113
 0.390761  1.171536
 0.833730  0.578296
 0.538741  0.340283
 0.751593  0.432684
 1.253360  1.567774
 0.704994  0.400945
 0.291493  0.773764
 0.347464  1.098320
 0.760766  2.338071
 0.526055  1.599230
 0.274753  1.401649
-0.000601  1.527475
 0.617457  0.557021
 0.563886  0.669442
 0.294441  1.382498
 0.350883  0.563572
 0.560446  0.412994
 0.666084  0.556309
 0.704025  2.300244
 0.834638  0.703064
 0.867476  0.535559
 0.665869  1.817925
 0.317676  0.865447
 0.489677  0.487421
 0.278270  0.890499
 0.607198  0.433726
 0.425126  0.702644
 0.775787  0.970512
 0.611588  0.593497
 0.688843  0.856145
 0.643572  0.668206
 0.570835  0.327882
 0.289813  0.833921
 0.206907  0.872653
 0.716461  0.801910
 0.312972  0.425866
 0.719693  1.107279
 0.539950  1.706493
 0.539000  2.036430
 0.734754  1.463127
 0.317679  1.107077
 0.412034  1.000281
 0.278061  0.421176
 0.254641  0.413879
 0.844362  0.399257
 0.681513  0.935415
 0.939950  0.675713
 0.696123  1.003873
 0.667027  0.611895
 0.891978  0.686777
 0.843159  1.053963
 1.005462  1.107426
 1.180065  1.466893
 1.044715  0.855063
 0.980165  0.955281
 0.956413  0.838990
 1.050711  0.651975
 0.730839  0.353996
 0.683509  0.421059
 0.510991  0.979414
 0.657123  1.004558
 0.599947  1.134835
 0.528994  0.707186
 0.524367  1.117556
 0.448933  0.661436
 0.752694  0.959964
 0.209112  0.907327
 0.108345  0.851981
 0.549539  0.441356
 0.614341  0.789258
 0.620959  1.030378
 0.347785  0.779970
 0.357882  0.767599
 0.848491  0.911161
 1.057078  1.206736
 0.987788  1.001257
 0.658985  0.422436
 1.047377  0.532486
 0.773348  0.738195
 0.649711  0.745640
 0.876934  0.644493
 0.727615  0.892001
 0.595961  0.827174
 0.654840  0.826359
 0.850440  0.660993
 0.830277  1.001384
 0.829569  1.296749
 1.087875  1.151583
 1.078398  0.333865
 1.208492  0.954921
 1.056518  1.298611
 0.551205  0.880004
 0.718890  0.740448
 1.148703  1.642667
 1.087927  0.584788
 1.435716  1.503170
 1.314934  0.811935
 1.301656  1.434954
 1.444215  1.876400
 1.063939  1.506710
 0.689258  2.784131
 1.182269  2.989331
 1.191664  1.499587
 0.685178  1.198419
 0.467532  0.439888
 0.347722  0.767279
 0.682912  0.675306
 0.627774  0.325213
 0.545075  1.153487
 0.889030  0.524755
 0.791607  1.500322
 0.698769  0.314125
 0.605265  1.265419
 0.236025  0.537560
 0.441793  0.475394
 0.081175  0.398935
 0.268236  0.665873
 0.782283  0.848595
 0.798615  0.680287
 0.246943  0.418971
 0.418416  0.251292
 0.536765  0.487100
 0.450014  0.755888
 0.998036  0.353347
 0.694267  1.354127
 0.677335  0.462149
 0.652862  0.763215
 0.728891  0.727474
 0.751417  0.867115
 0.639138  0.471280
 0.636711  1.367139
 0.111694  0.463001
 0.389427  1.218097
 0.428608  1.306838
 0.982287  0.709586
 0.863991  2.122183
 0.591027  0.423624
 1.394365  1.506179
 1.593435  1.678538
 1.075640  1.041629
 1.537210  2.059230
 1.414520  0.726758
 1.270144  0.834304
 0.938624  0.894957
 0.583489  1.057332
 0.807764  0.791593
 0.593041  1.124452
 1.060788  0.484569
 0.689791  0.619725
 0.834247  0.610090
 0.804290  0.631810
 0.910244  0.485637
 0.664351  0.391779
 0.340541  0.267745
 0.557565  0.578899
 0.657824  0.793220
 0.864870  0.293672
 0.372714  1.327052
 0.202823  1.029998
 0.638172  1.194651
 0.720152  1.013653
 0.370008  0.685294
 0.175268  0.604551
 0.459461  0.229897
 0.488620  0.547780
 0.573841  0.762702
 1.010905  1.853118
 1.034310  1.336657
 1.007301  3.529778
 0.713689  1.218919
 0.849868  0.392184
 0.529752  1.390953
 1.034565  1.415422
 1.358664  1.078444
 1.779174  1.898504
 0.988467  1.308152
 0.669730  0.414226
 0.705612  0.798687
 0.582117  0.632159
 1.110160  1.538374
 0.225265  0.519933
 0.541436  0.610936
 0.570985  0.725711
 0.831751  0.519563
 1.018635  0.360684
 1.232061  1.171438
 0.689803  0.579164
 0.948801  0.535760
 0.935230  0.345963
 1.372729  1.347987
 0.724314  0.940098
 0.789371  1.073296
 0.667301  1.361878
 0.915393  4.088324
 1.025761  2.577701
 1.119396  1.231039
 1.432523  0.844581
 1.068971  0.928222
 0.512205  1.213539
 0.381757  0.821654
 0.619303  0.923594
 1.127507  0.648507
 0.775700  1.118008
 0.831467  1.751946
 0.954696  1.183067
 0.751571  1.432615
 0.628148  0.489675
 0.829146  0.872909
 0.847588  0.903955
 0.630258  1.005847
 0.772373  0.805289
 0.607741  0.984610
 0.817117  0.619713
 0.650803  0.761842
 0.370933  0.745395
 0.534621  0.329445
 0.342775  0.225246
 0.038390  1.050242
 0.124601  0.302499
 0.692950  0.458020
 0.632744  1.148939
 0.871156  1.345662
 0.575037  0.888845
 1.007207  0.710076
 0.807813  0.645989
 1.121293  1.441689
 0.894274  0.885232
 0.560176  0.668430
 0.239849  0.638071
 0.899749  0.666404
 0.921769  0.530270
 0.643968  1.421638
 0.483693  1.221351
 0.399932  0.506481
 0.471291  0.654678
 0.750081  0.872541
 0.577594  1.784795
 1.077548  1.728546
 0.413194  1.445972
 0.236264  1.489769
 0.647018  1.848168
 1.012279  0.771153
 1.112120  0.778155
 1.046749  1.153791
 1.278647  0.566533
 0.847078  0.778191
 0.919932  1.695466
 0.471177  0.823274
 0.772148  0.909262
 0.673732  0.688416
 0.576610  0.668715
 0.530736  1.097247
 0.814344  0.337510
 0.858678  0.631036
 0.763653  0.938334
 0.582573  0.578917
 0.758449  0.474185
 0.423602  0.563964
 0.529638  0.689270
 0.349573  0.924886
 0.793203  0.546785
 0.518931  0.798360
 0.671468  0.344719
 0.303774  0.341339
 0.182776  0.513189
 0.380225  3.521200
 0.042591  0.934345
 0.664338  0.418651
 0.630707  0.988340
 0.516836  0.698884
 0.816076  1.469760
 1.010962  1.002119
 0.528019  1.572082
 0.657626  1.195028
 0.874475  0.557847
 0.586737  0.645645
 0.443490  0.374808
 0.694894  0.708853
 0.630375  0.362826
 0.635321  0.680682
 0.573703  0.416883
 0.512940  0.355364
 0.453681  0.877465
 1.060629  0.631092
 1.058551  1.032504
 0.942272  1.113783
 0.546288  0.660194
 0.615338  0.507023
 1.170004  0.628988
 1.105084  0.855644
 0.947461  1.059593
 0.792836  1.185164
 0.797110  0.591768
 0.784622  0.391956
 0.710528  0.874265
 0.600134  0.518234
 0.714523  0.425772
 0.493166  1.091366
 0.734295  0.447889
 1.085210  1.306545
 0.901565  0.402462
 1.194186  0.908748
 0.904767  0.991950
 0.984281  1.123141
 0.762362  0.746581
 0.588566  0.321661
 0.734458  0.735901
 0.853147  0.472240
 0.926006  1.052063
 1.218196  0.526251
 0.896362  0.758468
 0.948543  0.840335
 0.975947  0.824484
 1.205354  0.494206
 0.905029  1.022664
 1.201454  1.476601
 1.301128  0.944692
 1.040472  1.623834
 1.146237  0.867981
 1.514328  0.726485
 0.944559  1.078992
 0.915399  0.543899
 0.951486  1.258327
 0.934388  0.385766
 1.093786  1.055489
 0.831994  0.445633
 0.933515  1.058348
 1.079585  1.471662
 0.766050  0.762444
 0.541805  0.551897
 0.590243  0.352448
 0.502732  0.924711
 0.519384  0.721152
 0.566192  0.699297
 0.091889  0.891859
 0.404943  0.384751
 0.542324  0.316722
 0.652785  0.683328
 0.564440  0.745760
 1.176584  1.091141
 1.056039  1.446354
 0.872720  1.469439
 1.299649  1.025082
 0.573381  0.833906
 0.521186  0.334107
 0.696544  0.517409
 1.075113  0.903757
 0.797186  0.832257
 0.905507  0.522076
 0.760110  0.826424
 0.338299  0.596059
 0.585743  1.000071
 0.809167  0.580852
 0.735012  1.569923
 0.916720  0.774430
 0.956094  1.240482
 0.843908  0.782053
 0.800435  0.923069
 0.467754  0.721621
 0.586059  0.365225
 0.397671  0.535072
 0.568945  1.477926
 0.626743  0.653199
 0.678711  0.451150
 0.542682  0.682475
 1.006983  0.518740
 0.816234  1.588434
 0.595220  1.527514
 0.765648  2.228362
 0.877639  1.013395
 0.816256  0.983607
 0.676785  1.014038
 0.642438  1.251735
 0.788154  0.817695
 0.843414  0.810415
 0.411007  0.335737
 0.513797  0.655542
 0.556274  0.831254
 0.835413  1.936677
 0.959542  1.411589
 1.122734  1.055934
 0.905942  0.805200
 0.504011  0.664547
 0.092281  0.885677
 0.040186  0.683868
 0.123154  2.560167
 0.228251  0.426240
 0.274399  1.194660
 0.101058  0.683676
 0.368180  0.472582
 0.488091  0.715423
 0.518999  0.805413
 0.759250  0.813424
 1.139563  1.365807
 1.185074  2.009697
 1.261487  1.414567
 0.701383  1.162864
 0.836740  1.076181
 1.373371  1.488155
 1.206461  1.173325
 0.920590  1.759180
 0.864477  1.640997
 0.773841  2.374657
 0.741779  0.984094
 0.771851  0.482548
 0.684060  2.169380
 0.855020  0.899694
 1.196467  0.658183
 0.835826  0.401021
 0.734356  1.151636
 0.825108  0.554601
 1.234840  1.024463
 1.132564  0.975273
 0.912488  0.642339
 0.712469  1.101186
 0.805338  1.145987
 1.094594  1.595521
 0.822343  0.475705
 0.746698  0.745332
 1.030450  0.621133
 0.994173  1.274565
 1.128232  0.497913
 1.024919  0.595087
 0.609444  0.416222
 0.351614  0.350353
 0.325783  0.392139
 0.513883  0.342145
 0.605143  1.014513
 0.253928  0.857992
 0.383997  0.638938
 0.566230  0.548348
 0.124501  0.976206
 0.437729  0.391354
 0.552597  0.339310
 1.184899  0.503064
 0.814558  1.399220
 0.842408  1.085302
 0.863270  0.814857
 0.866305  0.731222
 0.808901  0.235437
 0.902704  4.259806
 0.983552  1.240593
 0.818663  1.755032
 0.681396  2.395117
 0.316834  0.813526
 0.631888  0.480618
 0.327188  0.816160
 0.426364  1.305343
 0.539319  0.602255
 0.860284  1.163232
 1.028223  0.485094
 0.768721  0.894353
 0.841788  0.907315
 0.999449  1.213135
 1.053224  1.182754
 0.807274  0.647970
 0.939201  1.190235
 0.784574  1.108975
 0.703155  0.273019
 0.452451  0.631775
 0.667870  0.902829
 0.840184  0.399268
 0.755945  1.270092
 0.811666  0.978528
 0.727469  1.400618
 0.515716  0.377716
 0.457385  0.890683
 0.036155  1.379202
 0.700613  0.583190
 0.658522  0.655244
 0.865162  1.589908
 1.103509  1.380042
 1.159684  0.809937
 1.224910  0.821046
 1.161466  1.149652
 0.820382  1.610286
 1.117085  0.497024
 0.885013  0.794029
 1.430172  1.206529
 0.527582  0.834878
 0.324516  0.579534
 0.379994  0.697985
 0.686839  0.722810
 0.781626  0.723394
 0.802678  0.954488
 1.142038  0.566055
 0.995101  1.521677
 0.681644  0.609883
 0.130949  0.651319
 0.494871  0.505760
 0.647218  0.270076
 0.767095  0.430175
 0.635277  0.476624
 0.895873  0.723376
 0.461598  1.410560
 0.457122  1.243677
 0.421429  0.820265
 0.337041  0.299230
-0.095166  0.424685
 0.249860  0.384678
 0.091299  0.798785
 0.332377  0.695648
 0.182753  0.600600
 0.384662  0.747893
 0.430462  0.943480
 0.342803  0.429667
 0.791406  0.827375
 0.873125  0.625287
 0.809685  2.010765
 0.730378  0.873763
 0.644353  0.508114
 1.009681  1.189427
 1.045357  0.638261
 0.692011  1.661373
 1.008411  0.652956
 1.099154  1.399248
 0.831738  0.573297
 0.874718  0.755648
 1.096334  1.467466
 1.468428  2.370261
 1.042908  0.281610
 1.238677  0.662359
 0.978624  0.350683
 1.505445  0.997474
 2.011593  2.306195
 2.045762  0.897068
 1.916920  0.714374
 1.991442  1.865775
 1.165575  2.557694
 0.910047  1.545497
 1.178257  1.762256
 0.682045  0.476637
 0.393183  0.432497
 0.807380  1.028082
 0.850632  0.757059
 0.977177  1.008705
 0.660480  1.076930
 0.845841  1.029112
 1.586523  0.952142
 1.530037  1.750157
 1.361809  1.542565
 1.256267  1.508104
 1.680541  1.178349
 1.307847  1.543552
 1.453373  0.839495
 1.703804  2.310572
 1.274050  1.031800
 1.120300  1.827778
 1.554519  0.831540
 1.008966  0.867297
 0.844430  0.607277
 0.609822  0.719740
 0.456828  0.388325
 0.214952  0.511499
 0.099100  0.577172
 0.614785  0.449560
 0.664542  0.751895
 1.186903  0.924674
 1.065808  0.914906
 1.184120  1.453241
 1.281829  1.499800
 1.353336  0.645643
 1.073363  0.543659
 1.209366  0.843011
 1.309550  1.408730
 1.261465  2.477258
 0.480253  0.816107
 0.945510  1.189369
 0.323684  1.072900
 0.554119  0.429737
 1.012575  0.710572
 0.867515  1.052670
 0.706302  0.877038
 0.755220  1.187684
 0.845754  0.490944
 0.968143  0.666915
 0.467060  0.497284
 0.444807  0.772449
 0.654804  0.467942
 0.943519  0.670689
 0.482833  0.937201
 0.837739  1.378799
 0.694828  0.989391
 0.877574  0.764998
 0.412398  0.679564
 0.656793  1.564457
 0.491028  1.559886
 1.078346  0.963057
 0.644231  1.687275
 0.755286  0.971242
 0.431706  0.901662
 0.468463  0.924040
 0.466563  0.878683
 0.579284  0.435420
 0.608654  0.749047
 0.525128  0.498692
 0.544048  0.359318
 0.268676  0.699120
 0.956643  0.754770
 0.425190  0.745407
 0.355227  0.369280
 0.893534  0.896387
 0.709201  0.461691
 0.837738  0.793886
 0.904062  0.894416
 0.930651  1.850504
 0.184596  1.661730
 0.406837  0.402121
 0.413520  0.668592
 0.847732  0.366923
 0.438689  0.226004
 0.453137  0.811430
 0.431811  0.196623
 0.774823  0.270945
 1.133413  0.599520
 0.877387  1.156859
 0.615599  0.579579
 0.811101  1.092959
 0.715387  0.676792
 0.967912  0.425892
 1.136359  0.677697
 0.912328  1.474085
 1.143559  0.724432
 0.836600  0.539823
 0.751515  0.694613
 1.018211  1.454407
 0.609369  0.582723
 0.574699  0.495409
 0.431418  0.384742
 0.438019  1.101779
 0.725403  0.784546
 1.252584  1.192118
 1.002712  0.457440
 0.844753  0.394695
 1.169088  0.755691
 1.432335  0.675382
 1.125907  0.889702
 0.808317  0.809084
 0.457890  0.821777
 0.716417  1.211319
 0.562023  0.672473
 0.462566  0.630813
 0.835073  0.711320
 0.685011  0.804988
 0.586692  0.412717
 0.305582  0.841762
 0.520120  0.582311
 0.633581  0.539748
 0.760169  0.341874
 1.125237  0.767144
 0.761560  1.861497
 0.789385  0.860006
 1.309596  0.868686
 0.988787  1.018452
 0.872508  0.971586
 1.062703  1.572770
 0.524749  0.687528
 0.604230  1.361122
 0.978839  1.390339
 0.467328  0.805471
 0.519167  0.299160
 0.011644  1.244590
 0.335840  1.294274
 0.655970  0.399465
 0.491754  0.432904
 0.533065  0.652618
 0.618697  0.503842
 0.833680  0.556563
 0.961133  1.066854
 0.574266  0.637458
 0.657540  0.764914
 0.573331  0.618172
 0.571412  0.835385
 0.384671  1.088303
 0.676537  0.902132
 0.652284  0.524074
 0.947482  1.279919
 0.786991  0.662606
 0.454693  0.911429
 0.911220  0.967579
 0.791140  0.373594
 0.841783  1.047790
 0.650670  0.729114
 0.733945  0.862833
 0.949745  0.739864
 0.927313  0.830709
 1.015693  1.333611
 1.209421  3.595962
 1.304625  0.742316
 1.314185  1.500802
 1.138800  0.674735
 0.802140  0.730266
 0.114185  1.268901
 0.761624  0.922821
 1.129818  0.947939
 0.543193  0.691750
 0.579596  0.637600
 0.506924  0.481594
 0.625925  0.552694
 0.877475  0.831914
 1.197176  1.151489
 0.646792  1.418609
 0.575824  1.238288
 0.533007  0.818828
 0.726035  1.194093
 0.547125  0.668815
 0.379258  0.983639
 0.959344  0.997745
 0.590773  0.720706
 0.683508  0.774565
 0.789943  0.698230
 0.929695  0.930083
 0.483136  0.927709
 0.552755  1.003750
 0.684316  0.794362
 0.832078  1.095831
 0.657865  0.899342
 0.707890  1.200442
 0.809358  0.642298
 0.638281  1.280227
 0.702920  1.453203
 0.761949  0.973466
 1.020965  0.614965
 1.138156  1.225575
 0.918317  0.482512
 1.067692  0.722587
 0.533666  0.671107
 0.552471  1.013051
 0.297626  0.700463
 0.259209  1.031500
 0.422575  0.723270
 0.377791  0.534082
 0.701025  1.841933
 0.494664  1.861129
 0.888926  1.135297
 0.644556  1.459503
 0.749843  0.690214
 0.687481  0.386573
 1.050374  0.841051
 1.330286  1.402758
 0.607271  0.839952
 0.452463  1.184906
 1.149563  1.289284
 1.232416  1.282794
 0.727164  0.712600
 0.809852  0.745606
 1.107343  1.587369
 0.776965  0.658194
 0.915846  0.644096
 0.387289  0.692399
 0.823501  0.646373
 0.583474  0.811654
 0.313066  0.821914
 0.481246  0.892047
 0.633499  0.684135
 0.684625  0.611966
 0.788747  1.232024
 0.563362  0.889782
 0.422456  0.386227
 0.938139  0.732727
 0.856216  0.661354
 0.796105  0.619308
 0.608814  0.550909
 0.210938  1.071217
 0.646914  1.429630
 0.476484  0.618407
 0.864898  0.490965
 0.640755  0.378814
 0.582978  0.410418
 0.507777  0.477946
 0.616419  0.767064
 0.464673  0.949004
 0.571678  0.874399
 0.390210  0.376389
 0.677049  1.198879
 0.858319  0.672864
 0.718762  0.848451
 0.726449  0.540625
 0.566045  0.490251
 0.854457  0.707484
 0.614707  0.401001
 0.801679  0.637376
 0.809687  1.277030
 0.810792  1.105061
 0.775875  1.004016
 0.405494  0.748811
 0.585029  0.611033
 0.330593  1.011454
 0.227046  0.596920
 0.204341  1.027014
 0.698156  1.270260
 0.577234  1.354423
 0.717640  0.316354
 0.770303  1.160635
 0.496027  0.665215
 0.670077  0.516928
 0.417483  0.916458
 0.783909  1.042636
 0.124013  0.586914
 0.495525  1.278070
 0.595485  0.482075
 0.636670  0.605995
 0.672440  0.774694
 0.792388  1.155092
 0.697745  0.532413
 0.707106  0.621047
 0.556402  0.580869
 0.944836  0.544537
 0.518601  1.161542
 0.489566  0.470327
 0.450337  0.660544
 0.518809  0.514030
 0.361280  0.876949
 0.570326  0.631135
 0.946492  0.721108
 0.724556  0.795534
 0.746681  0.400007
 0.907634  0.532760
 0.680874  2.187068
 0.638446  0.655931
 0.698619  0.443458
 1.026668  0.800225
 1.170962  0.867052
 0.659599  0.705704
 0.463138  0.538601
 0.873133  0.780795
 0.923696  0.475911
 0.928072  1.226864
 1.145019  1.193136
 0.954646  0.284694
 0.407802  1.236955
 0.716294  0.566578
 0.782042  0.509092
 0.784832  1.027663
 0.154459  0.915348
 0.558686  0.473082
 0.656601  0.695961
 0.704475  1.002264
 1.027299  1.257843
 0.737645  1.475420
 0.829891  0.564986
 0.315668  1.037303
 0.711215  1.250762
 0.822076  0.774703
 0.962634  0.895121
 0.987801  1.559478
 0.835778  0.968940
 0.906867  0.984618
 1.133522  1.145226
 0.461488  0.655969
 0.475794  0.868080
 0.616907  0.591822
 0.643073  2.000424
 0.349508  0.396803
 0.742434  0.926161
 1.004225  0.643956
 1.171925  0.528735
 0.764997  0.763218
 0.836545  0.497123
 1.081417  0.447625
