    85.758678 -27951.203886
    73.728521 -27950.791102
    78.047330 -27952.958033
    81.469874 -27950.280047
    53.888977 -27946.507382
    76.043593 -27954.912462
    54.778653 -27947.898858
    68.469739 -27953.423794
    74.443288 -27949.582990
    48.540376 -27952.421382
    47.871559 -27954.977458
    81.712466 -27953.105227
    71.897974 -27950.339892
    71.693495 -27950.697611
    96.300954 -27947.723549
    96.034271 -27947.445182
   108.855574 -27953.673577
   107.296173 -27952.201226
    93.779746 -27954.505102
    76.681183 -27951.583956
    66.511430 -27953.116411
    66.720887 -27953.744534
    92.017484 -27951.443148
    69.167001 -27951.047161
    70.380603 -27951.965778
    68.253304 -27949.152936
    76.403008 -27950.224410
    65.335479 -27945.001613
    77.553943 -27946.529516
    72.533398 -27956.952078
    62.558322 -27956.838282
    56.082882 -27951.046494
    74.961840 -27951.339487
    60.613831 -27949.087677
    74.461135 -27951.799149
    74.677250 -27950.241224
   105.069898 -27948.849676
   102.398789 -27952.055974
    97.421574 -27951.540448
    81.166653 -27948.500316
    71.180881 -27949.906588
    88.383395 -27949.734162
    94.628125 -27953.204565
    82.254016 -27949.609813
    66.543252 -27945.462306
    99.373279 -27951.340529
   100.290880 -27953.932133
    91.420040 -27950.535713
    84.753131 -27961.024151
    75.543447 -27953.786338
    79.008191 -27956.330085
    76.717823 -27953.116266
    86.321210 -27950.719239
    74.731143 -27953.416783
    84.433732 -27959.144580
    83.069461 -27949.866365
    52.199233 -27957.283465
    78.543974 -27952.769661
    57.914929 -27949.622068
    69.062060 -27953.605680
    71.357015 -27956.351061
    64.315706 -27950.033801
    73.591946 -27960.262135
    62.128312 -27954.061311
    66.256969 -27954.534877
    82.137369 -27946.803450
    66.997321 -27954.582874
    58.568918 -27946.652644
    84.847332 -27948.265592
    81.239618 -27947.602336
    64.670516 -27951.615227
    63.748048 -27952.391866
    64.860440 -27953.971276
    85.974014 -27953.308783
    68.192993 -27956.892219
    83.204059 -27960.532416
    67.876275 -27956.522237
    53.214193 -27953.386896
    57.968269 -27955.823157
    60.364145 -27951.524948
    73.053668 -27958.296191
    75.815717 -27956.214008
    85.977580 -27964.424891
    93.038350 -27958.589827
    84.757897 -27963.121485
    77.622896 -27955.043028
    95.259846 -27957.733321
    80.999440 -27955.655655
    97.884073 -27960.325278
    89.807890 -27954.933486
    67.791776 -27952.618602
    46.158364 -27953.312781
    62.205599 -27952.147030
    83.491589 -27958.430488
    77.684035 -27959.317109
    72.138641 -27956.215942
    73.190660 -27953.788500
    80.900083 -27954.164460
    77.552875 -27953.451791
    65.739584 -27951.474681
    54.855367 -27954.076492
    76.631452 -27949.115666
    72.843161 -27946.375647
    80.571416 -27947.612526
    96.767178 -27948.441812
    89.060573 -27947.693333
   103.105331 -27950.980925
   114.072618 -27959.620624
    94.805930 -27947.485492
    75.719578 -27950.626401
    94.806077 -27950.218072
   109.478674 -27954.738426
    86.942746 -27950.600997
    74.190712 -27949.669934
    85.190177 -27950.311556
    99.727467 -27954.026119
    87.977848 -27949.636494
    76.382406 -27955.408017
    76.539092 -27946.337105
    64.640854 -27950.063198
    69.261736 -27946.176661
    59.158621 -27947.537385
    68.651190 -27951.094498
    75.581619 -27945.547503
    63.401554 -27952.190075
    81.784563 -27950.829883
    79.402602 -27946.858057
    47.410298 -27948.187236
    62.068944 -27952.018304
    62.863912 -27943.968835
    42.565033 -27956.734895
    62.936954 -27953.688912
    84.479519 -27957.527365
    68.000434 -27956.131750
    82.118272 -27962.561856
    81.886062 -27959.520019
    68.118062 -27954.791882
    53.580441 -27956.482932
    61.086113 -27958.487697
    64.037552 -27947.324957
    60.348192 -27957.349263
    51.082006 -27951.970392
    47.576222 -27950.065601
    59.723735 -27952.250636
    72.970791 -27958.275475
    74.723829 -27954.715636
    61.396334 -27957.792102
    55.765489 -27949.492117
    68.165397 -27952.342355
    82.233793 -27957.262323
    77.087855 -27955.435000
    69.949238 -27950.557168
    72.735193 -27957.452122
    73.369036 -27956.337496
    82.300716 -27954.442437
    84.985316 -27957.301419
    74.688112 -27959.564732
    49.940101 -27958.163518
    59.768175 -27948.824947
    47.098863 -27949.062555
    40.972065 -27952.736569
    43.767695 -27954.284627
    41.755130 -27955.612505
    57.621467 -27952.943436
    59.339436 -27950.862388
    64.559985 -27952.902695
    52.850894 -27953.414109
    45.289673 -27950.106738
    70.912870 -27949.852139
    71.111132 -27948.754268
    84.793239 -27951.909082
    89.512377 -27956.334444
    82.564185 -27956.262425
    48.368187 -27947.507524
    57.579575 -27950.101076
    79.910957 -27951.406707
    63.101401 -27948.305455
    71.137208 -27949.380593
    53.681324 -27951.812512
    79.283554 -27947.367908
    66.229320 -27954.153196
    84.964708 -27947.011293
    76.782177 -27951.308124
    82.274735 -27947.537124
    64.030199 -27950.714416
    67.828385 -27951.062446
    75.753482 -27948.265600
    72.187715 -27950.166501
    77.820178 -27952.319298
    88.150477 -27957.558138
    90.913590 -27958.314001
   107.383527 -27953.637241
   115.914441 -27957.734266
   116.649758 -27953.806119
   107.651324 -27951.832427
   115.075424 -27960.311680
    78.141813 -27953.536993
    69.342926 -27952.475912
    73.773130 -27954.528347
    68.757946 -27953.563979
    55.053268 -27953.310943
    59.032573 -27964.728275
    92.602775 -27955.529143
    83.156470 -27952.976117
    86.961707 -27962.835323
    77.205402 -27959.076991
    65.702927 -27954.200019
    71.859277 -27949.594104
    63.224183 -27957.572626
    70.631281 -27950.430037
    69.705871 -27951.958447
    65.232565 -27949.132687
    59.064864 -27955.010235
    67.125402 -27950.739056
    92.135515 -27955.814250
    66.741405 -27952.020650
    56.908091 -27951.435563
    63.148345 -27947.218600
    66.239005 -27948.096050
    61.340662 -27953.592389
    74.950046 -27951.772408
    93.057776 -27951.663098
    82.229912 -27957.799104
    67.740374 -27956.010692
    88.074316 -27952.010652
    59.963826 -27949.152827
    66.674475 -27948.200813
    89.846848 -27945.881755
    84.423287 -27951.035233
    53.837172 -27948.461970
    47.267334 -27945.750414
    59.822616 -27950.317582
    85.335058 -27949.396413
    76.452706 -27950.630056
    81.974252 -27953.126289
    74.699884 -27955.288445
    49.958213 -27948.602330
    55.421032 -27946.592390
    52.953637 -27951.039635
    62.765505 -27957.251350
    66.197051 -27945.956747
    64.904452 -27952.622929
    70.703891 -27950.212461
    73.392513 -27951.728545
    63.603384 -27957.880900
    41.632905 -27952.112325
    52.296215 -27955.202230
    83.406340 -27956.828871
    80.650617 -27958.801291
   101.443074 -27961.462341
   102.274213 -27949.147173
    85.855503 -27953.643105
   105.035736 -27955.547702
    86.074930 -27953.807719
    56.604012 -27952.092114
    81.067239 -27958.312218
    81.313093 -27955.977397
    70.178320 -27954.608108
    94.957026 -27961.463247
    73.956751 -27952.099059
    67.855958 -27952.648631
    89.764611 -27947.143805
    83.313018 -27947.760122
   100.446301 -27951.615357
    97.852642 -27951.616317
    77.945063 -27959.045074
   101.369961 -27951.603097
    98.760719 -27946.580747
    99.172063 -27951.141539
    98.526805 -27942.092354
   105.942388 -27942.755453
   109.487769 -27947.232750
   112.307101 -27949.402071
   121.387109 -27952.269049
   103.051085 -27950.799552
    81.980295 -27946.136540
    97.894508 -27946.435734
   107.540223 -27944.697301
   105.562570 -27957.141444
   122.596459 -27945.728380
    86.722982 -27951.273598
    86.490516 -27947.317317
    74.153541 -27953.111085
    83.993250 -27953.374741
    69.556622 -27952.476793
    73.309349 -27948.835246
    98.936164 -27950.122966
    94.423257 -27951.415125
    81.924652 -27947.824649
    89.436027 -27948.694006
    78.547449 -27948.492607
    94.445379 -27959.045728
    83.095411 -27951.186554
    83.787479 -27944.480089
    88.247898 -27943.517451
    82.304117 -27947.785628
    97.446564 -27946.088556
    83.561938 -27949.816323
    73.357567 -27947.913970
    79.812448 -27954.006464
    66.665461 -27953.018292
    89.682218 -27958.054741
    61.972627 -27952.423630
    60.749902 -27951.321383
    72.097665 -27958.551637
    52.912809 -27945.638680
    64.325317 -27951.048238
    48.635900 -27952.600259
    64.251815 -27947.966989
    79.115411 -27954.386492
    71.759678 -27948.422714
    68.872274 -27955.580054
    63.873609 -27956.401225
    88.414379 -27959.680012
    80.217032 -27960.155828
    72.983474 -27958.311756
    83.964705 -27961.731451
    78.247785 -27954.488157
   101.344328 -27962.350111
    94.934458 -27953.296539
    70.313860 -27958.310492
    65.497596 -27956.034211
    77.369024 -27954.386391
    66.444779 -27956.721446
    83.147138 -27953.102411
   100.380307 -27953.846510
   103.133273 -27950.643598
    77.345682 -27954.139304
    79.073481 -27950.291000
    68.534894 -27949.542634
    65.174892 -27957.281316
    68.530442 -27959.361942
    54.393678 -27963.595632
    89.464584 -27959.998342
    67.236173 -27958.671231
    55.222186 -27950.668905
    80.245225 -27952.810754
    55.952441 -27956.655631
    51.646286 -27951.418835
    74.056978 -27952.277474
    76.682142 -27954.645032
    57.196887 -27952.732768
    79.395621 -27961.591644
    82.263604 -27954.872301
    74.342375 -27948.163466
    74.432113 -27949.287733
    74.692060 -27950.066012
    58.425617 -27952.070045
    63.961649 -27949.595864
    67.998358 -27949.829046
    57.524485 -27953.389468
    56.182178 -27950.506609
    65.055277 -27956.074792
    71.316653 -27952.060038
    79.362204 -27953.929222
    68.120856 -27954.045517
    77.424358 -27948.635007
    95.272420 -27953.453245
    67.814090 -27956.396261
    64.947985 -27954.161799
    74.156262 -27955.273948
    74.740054 -27955.786001
    62.461435 -27951.835477
    87.618059 -27947.404800
    82.052454 -27956.046558
   103.002886 -27948.917427
    76.849094 -27956.853374
    67.858419 -27955.249421
    76.357341 -27951.303358
    75.806222 -27958.191350
    86.130684 -27962.226773
    79.450181 -27957.879832
    65.997556 -27957.280663
    63.719236 -27952.254645
    71.770244 -27961.106743
    71.990384 -27957.932884
    91.748989 -27952.664725
    89.523788 -27951.787702
    97.605743 -27949.509879
   102.713926 -27949.996613
    86.327280 -27962.057064
    90.139789 -27951.922145
    69.086278 -27949.741563
    84.003089 -27952.079346
    91.272249 -27952.298374
    61.418500 -27948.311780
    60.573985 -27945.440470
    52.051932 -27951.718308
    65.155465 -27949.946893
    64.781111 -27947.075831
    69.346507 -27952.502849
    61.540322 -27954.821673
    66.589765 -27948.160442
    67.569715 -27950.290011
    50.878763 -27949.799821
    65.587514 -27953.013242
    60.086486 -27951.995926
    44.796259 -27950.360460
    77.878859 -27946.857212
    89.685193 -27951.279216
    99.673906 -27945.573837
    78.696770 -27948.760618
    77.801568 -27949.274081
    68.877649 -27949.610865
    56.495289 -27951.532007
    52.498323 -27950.392187
    64.402884 -27949.369327
    76.073682 -27955.397544
    65.375122 -27948.940503
    57.379289 -27952.374941
    72.317011 -27953.085005
    44.594239 -27946.180134
    72.233736 -27950.743056
    73.922799 -27955.418832
    71.586891 -27953.189594
    78.208895 -27959.904266
    74.887626 -27951.084336
    48.636760 -27958.734685
    68.384942 -27950.026075
    78.642551 -27951.478074
    81.658196 -27958.090613
    62.369284 -27951.094919
    75.207400 -27948.843818
    84.685193 -27954.583991
    73.496182 -27958.735605
    85.387641 -27957.139396
    76.110545 -27956.729888
    71.917412 -27954.847306
    77.813424 -27953.291820
    51.784531 -27956.085064
    68.840910 -27953.380742
    87.968674 -27953.992659
    75.335726 -27950.724750
    66.735261 -27952.121652
    38.098069 -27949.242255
    52.357686 -27954.104809
    54.505047 -27951.392610
    68.341367 -27949.699825
    60.549574 -27946.579052
    58.209074 -27948.409536
    49.196890 -27950.734872
    58.883599 -27948.196123
    69.710472 -27948.452770
    71.828505 -27954.937793
    78.356827 -27955.596434
    61.231942 -27955.067064
    61.013880 -27954.589753
    68.326827 -27955.120355
    74.566996 -27948.679980
    86.819815 -27947.636972
    81.202834 -27947.387552
    46.218982 -27945.446670
    60.163241 -27951.648721
    60.814079 -27949.653456
    65.314611 -27953.624169
    59.462615 -27951.511285
    41.136283 -27948.405348
    61.013497 -27946.301800
    64.424028 -27949.614792
    78.700091 -27954.684116
    61.223947 -27947.668059
    51.960539 -27948.233746
    67.414602 -27950.512108
    78.526165 -27956.012465
    90.850363 -27956.635913
    73.386761 -27957.968048
    84.361019 -27950.732006
    65.484402 -27954.110303
    72.672485 -27952.488186
    50.480743 -27952.582573
    84.808836 -27955.499448
    79.823744 -27950.908316
    97.657008 -27953.079498
    80.173437 -27952.483892
    79.149370 -27949.927191
    94.748701 -27944.878334
    88.351433 -27945.174815
    71.315975 -27947.102364
    68.356010 -27954.762151
    90.660443 -27951.227939
    73.059666 -27950.268385
    84.309280 -27949.895119
    78.465148 -27951.556490
    62.414817 -27952.587139
    59.131787 -27955.948694
    74.473921 -27950.702074
    83.135910 -27959.620630
    74.222685 -27950.542692
    99.514820 -27949.873981
   101.617024 -27950.722069
    86.350943 -27954.157352
    79.528974 -27961.068238
    69.629869 -27951.848077
    71.003649 -27956.227975
    64.879635 -27956.764984
    57.566780 -27960.241042
    62.045833 -27949.552716
    54.538074 -27962.154034
    62.887920 -27961.026556
    67.879163 -27958.041920
    55.347793 -27955.837699
    69.832215 -27958.132773
    58.934276 -27954.113707
    53.467307 -27951.937659
    82.109252 -27956.155448
    81.103385 -27956.406654
    54.976833 -27949.925445
    73.707424 -27948.866966
    70.836321 -27947.784567
    60.212595 -27955.813930
    73.746078 -27952.965479
    78.855047 -27956.158187
    65.232136 -27951.786410
    67.373062 -27952.001522
    75.610244 -27952.159874
    69.260702 -27949.049173
    71.189442 -27951.813703
    94.931830 -27953.070978
    62.088037 -27958.018898
    91.061400 -27949.267539
    99.650462 -27952.435155
    86.534109 -27950.863073
    62.159155 -27948.064143
    89.285042 -27949.382127
    80.307477 -27947.808022
    54.538414 -27950.051941
    49.556041 -27954.302498
    58.267473 -27947.859676
    73.933299 -27948.402998
    89.531950 -27949.421961
    79.435509 -27953.295956
    92.541600 -27952.184196
    80.835437 -27949.793565
    95.316200 -27954.908630
   116.589798 -27952.767947
   111.068643 -27950.352117
   121.147046 -27944.732640
   138.149482 -27958.840981
   142.307983 -27951.768764
   111.709029 -27955.630412
    62.637176 -27946.730760
    74.016978 -27948.551320
   101.965601 -27952.461097
   103.183595 -27958.835700
   102.184915 -27944.284549
   118.374921 -27947.506559
   105.872666 -27944.242612
    79.810932 -27949.816985
    85.754434 -27945.461866
    82.557036 -27946.943322
    71.847864 -27952.974118
    71.607129 -27950.438010
    92.453910 -27950.394327
    89.433622 -27949.992754
    91.291305 -27947.722749
    95.732422 -27951.207609
    77.603806 -27949.830536
    75.873752 -27949.428662
    87.981598 -27950.095183
    64.892634 -27962.469913
   103.524443 -27964.929674
    97.589639 -27959.703413
   102.403264 -27956.860603
    64.096664 -27957.464791
    68.173797 -27958.159626
    56.762434 -27959.467716
    43.235886 -27961.153357
    61.539100 -27952.318036
    54.111688 -27950.189757
    75.987277 -27947.704785
    59.334850 -27944.171246
    62.721356 -27954.736285
    62.865203 -27950.220243
    68.542312 -27953.125158
    58.192511 -27953.086902
    67.941659 -27955.977994
    57.578223 -27956.557721
    62.165615 -27954.603344
    73.430563 -27954.792573
    67.007347 -27952.334578
    70.181895 -27956.812922
    68.643706 -27945.751008
    75.146259 -27952.993307
    69.551885 -27957.556672
    87.716121 -27953.074438
    83.064225 -27952.271907
    85.903210 -27952.188867
    82.854789 -27951.047804
    78.099544 -27954.362579
    53.991369 -27950.008902
    53.631099 -27952.765993
    56.034206 -27950.350070
    76.684735 -27954.559802
    71.438180 -27953.264659
    54.458699 -27961.133138
    67.632602 -27950.334337
    62.240009 -27958.829254
    69.965910 -27955.394271
    53.962293 -27952.181585
    55.165499 -27949.389554
    53.781351 -27954.031326
    80.288163 -27951.185330
    58.839297 -27954.506865
    58.416989 -27951.362485
    68.396941 -27949.632729
    80.660538 -27946.713351
    83.112575 -27952.214422
    91.027654 -27954.795976
    50.798202 -27950.631757
    58.968474 -27953.557408
    65.452238 -27948.125117
    73.303497 -27951.982925
    67.848545 -27954.876244
    80.042355 -27954.166776
    70.013038 -27951.242891
    65.960015 -27947.944179
    60.562758 -27951.976370
    61.610685 -27953.479676
    50.446557 -27960.154877
    60.680532 -27956.296905
    80.057643 -27949.809128
    61.596341 -27949.448358
    54.696618 -27948.230371
    39.632737 -27947.138371
    58.676819 -27944.458633
    74.867534 -27949.955389
    71.285792 -27952.677948
    59.335305 -27951.645515
    58.760609 -27954.924716
    82.679900 -27957.216118
    62.132473 -27952.563460
    58.412880 -27954.244137
    63.172071 -27948.068014
    66.902696 -27950.836060
    75.618695 -27950.204938
    90.343345 -27954.991908
    61.455059 -27954.579565
    54.421629 -27951.387857
    65.256958 -27951.695021
    64.881113 -27950.273915
    65.590870 -27954.065099
    64.636613 -27953.709986
    73.260181 -27950.673535
    91.466112 -27944.646839
    91.194178 -27950.108550
    66.541935 -27947.604891
    69.898402 -27951.783286
    73.275510 -27944.936790
    73.368576 -27950.190270
    69.759142 -27958.145705
    84.767656 -27955.460336
    79.931154 -27950.078620
    85.865678 -27952.503620
    73.437025 -27948.713363
    70.021472 -27951.688231
    65.673169 -27950.845354
    72.866943 -27949.326556
    69.880434 -27951.605846
    53.927205 -27957.127424
    57.266836 -27955.198750
    68.606056 -27956.141496
    69.804262 -27955.104208
    72.743002 -27954.174565
    56.988274 -27950.574865
    60.914651 -27951.353754
    65.760076 -27951.065661
    95.010507 -27954.983274
   107.303357 -27950.549247
    87.418336 -27955.328004
    94.434670 -27950.545884
   114.879793 -27951.884859
   117.506978 -27953.594079
   120.944384 -27949.603620
   114.403805 -27953.395940
   112.189565 -27953.286950
   110.374770 -27955.359484
    93.025815 -27954.233875
    87.211203 -27952.398216
    65.248459 -27953.047160
    76.591860 -27951.188789
    75.931579 -27954.879272
    83.217229 -27950.914870
    75.205486 -27945.894913
    77.003805 -27947.170950
   106.853961 -27950.648734
   115.288370 -27958.900596
   116.716888 -27954.111266
    75.837371 -27953.373121
    82.443199 -27947.517270
    82.454235 -27951.252589
    85.978409 -27953.232959
    80.912193 -27956.009265
   107.011029 -27949.027112
    89.932551 -27950.980804
    78.939107 -27956.229947
    85.619151 -27952.691872
    69.060429 -27950.867412
    72.313248 -27949.038518
    65.739686 -27949.891864
    88.783162 -27948.038380
    82.243788 -27946.993890
    88.240645 -27947.810875
    60.869507 -27948.812390
    67.464538 -27951.988811
    87.181184 -27951.538844
    79.712488 -27951.491892
    72.431185 -27946.128193
    93.479408 -27952.280330
   102.595846 -27960.591124
   105.392033 -27959.086474
    88.956039 -27955.136172
    95.383567 -27956.166926
    89.667515 -27963.289127
   102.185363 -27951.501828
   104.763064 -27951.129861
    98.602709 -27954.396333
    78.561887 -27959.984387
    71.984432 -27957.021516
    75.203686 -27954.830100
    50.516187 -27955.037549
    62.305701 -27957.753847
    55.306172 -27954.010227
    66.842671 -27958.128065
    48.264215 -27957.279950
    62.098162 -27951.219241
    78.256436 -27958.174883
    87.364905 -27952.660032
    73.696074 -27952.987601
    89.803589 -27951.918101
   112.287275 -27955.892900
    81.603601 -27955.370207
    62.817453 -27948.115888
    80.310183 -27955.124172
    63.639300 -27949.065411
    75.383457 -27953.712616
    91.861834 -27952.780776
    75.536511 -27952.083735
    76.621590 -27953.894606
    72.271810 -27945.633892
    88.419202 -27952.182901
    80.333816 -27948.000313
    69.639203 -27953.191220
    92.543811 -27954.193776
    91.118179 -27957.666865
    85.312559 -27950.595565
    92.226246 -27948.930190
    78.784941 -27953.924211
    85.381157 -27950.999496
    96.294013 -27954.602026
   124.416497 -27950.383660
    80.667010 -27947.787559
    79.981078 -27953.504385
    77.780121 -27958.237052
    62.085779 -27956.529008
    62.513932 -27952.076254
    69.910119 -27949.453287
    46.492428 -27949.739074
    61.890279 -27953.822915
    77.854310 -27959.141775
    73.457272 -27954.487371
    81.147635 -27959.080481
    78.289202 -27951.277480
    84.587680 -27949.995482
    73.139312 -27947.646947
    57.520822 -27949.992806
    70.417070 -27954.219662
    78.385077 -27945.329842
    62.769855 -27946.190419
    70.266562 -27957.272828
    77.104407 -27955.545728
    58.102037 -27948.753759
    77.176096 -27953.912516
    80.099895 -27949.748069
    66.664267 -27951.420249
    80.482438 -27953.959511
    71.381772 -27952.011538
    82.217875 -27952.304191
   108.929688 -27956.022186
   105.813932 -27949.852163
    81.290128 -27950.497239
    83.917222 -27947.916164
    84.173947 -27948.180408
    80.056937 -27950.545594
    71.638640 -27953.831575
    59.722183 -27949.663101
    76.263551 -27950.181846
    80.458408 -27948.675896
    82.808697 -27950.673973
    98.285017 -27952.068352
   102.417174 -27952.939819
    75.042418 -27949.053131
    71.838945 -27951.766161
    92.273565 -27948.920227
   110.010476 -27951.028401
   115.854668 -27945.166725
    89.330366 -27951.388063
    68.587961 -27950.857920
    70.738439 -27952.832523
    68.126505 -27954.204905
    56.172380 -27948.830678
    72.424250 -27951.169292
    47.848678 -27948.973865
    55.470005 -27953.216565
    56.087041 -27953.986634
    55.538906 -27950.858392
    58.977803 -27950.422956
    95.675967 -27953.240192
    85.456831 -27948.082151
    86.911923 -27954.724146
    96.796071 -27954.706870
    93.338502 -27947.899399
    89.821144 -27952.362608
    82.369417 -27953.987272
    94.171073 -27958.137484
   103.792493 -27957.889787
    59.153051 -27952.640769
    51.089723 -27953.739895
    61.667934 -27953.978911
    83.515688 -27950.751034
    75.526860 -27951.508157
    70.147546 -27953.552861
    68.232770 -27951.093924
    74.025637 -27950.919492
    72.079846 -27948.075909
    73.100684 -27952.056096
    61.830584 -27950.713886
    86.780358 -27948.851818
    89.449396 -27948.514401
    76.432434 -27954.107018
    80.246294 -27954.183414
    77.215091 -27955.568242
    79.731698 -27952.878221
    76.762724 -27962.197435
    72.735469 -27965.680139
    89.555353 -27967.694229
    51.475018 -27973.350943
    55.731472 -27965.809213
    67.327749 -27964.138771
    60.363579 -27964.195118
    51.810091 -27964.591502
    62.989531 -27957.468014
    75.406182 -27959.317599
    66.596009 -27955.182562
    63.367462 -27953.772961
    61.887959 -27952.782705
    73.276752 -27946.925158
    59.501883 -27953.486565
    61.848191 -27946.873979
    57.593355 -27945.997888
    53.141040 -27955.064493
    48.779802 -27949.280598
    72.799395 -27951.926730
    55.512469 -27962.847037
    65.855935 -27955.009451
    73.224503 -27959.425402
    73.455598 -27952.643731
    82.803400 -27953.605885
    77.818669 -27952.782435
    74.968340 -27953.636716
    85.455045 -27952.078795
    91.740358 -27954.236560
    90.939574 -27952.289902
    59.599799 -27944.953741
    77.123635 -27947.763250
    54.617564 -27947.141780
    72.363404 -27950.703282
    71.778521 -27949.426188
    71.604521 -27950.597746
    92.345827 -27952.915821
    73.656120 -27953.451044
    79.064367 -27949.916232
    78.794281 -27948.815963
    84.248725 -27947.074756
    65.987062 -27950.221838
    53.774007 -27957.810983
    71.549235 -27948.583247
    83.041478 -27948.095322
    64.868911 -27948.556993
    66.020587 -27943.893375
    65.157066 -27954.911661
    71.833490 -27950.232255
    69.943446 -27950.192816
    78.267767 -27948.394500
    70.715142 -27948.934191
    59.095512 -27948.814659
    69.047127 -27946.423276
    66.511111 -27953.095261
    66.347706 -27950.717937
    61.676765 -27950.174718
    64.314471 -27948.618444
    62.135311 -27951.862971
    63.089915 -27945.710918
    56.003601 -27949.400053
    94.360418 -27951.131242
    58.609648 -27949.521687
    59.749332 -27949.779318
    69.960071 -27955.050104
    94.566299 -27952.454608
    72.953708 -27954.012628
    73.251251 -27955.029616
