 1.773819  3.561305  7.816125  5.593692 12.293232 18.478188
 1.719734  3.152084  7.800480  5.645222 10.938402 19.180367
 1.798620  2.888983  7.708132  6.127555 11.927705 21.948154
 1.759370  3.365744  7.493420  5.885427 12.095168 18.238087
 1.613902  2.984616  7.887389  5.903846 11.496370 18.950113
 1.662796  3.330381  7.767954  6.166507 12.148344 19.094643
 1.818415  3.318661  8.474740  5.939102 12.107957 22.204756
 1.872721  3.663314  8.576082  6.658397 13.304096 19.278691
 1.853195  3.273033  8.495679  6.835710 12.656769 21.032262
 1.584334  3.420215  7.569149  5.843585 11.225501 21.790144
 1.856279  3.258115  7.844473  6.351523 12.404460 18.994803
 1.655837  3.267829  7.486193  5.679496 10.866610 17.713127
 1.860695  3.698026  8.236207  6.279255 12.426939 19.783062
 1.803855  3.646322  7.714854  5.755274 11.352577 20.235938
 1.863751  3.433568  8.855548  6.359241 12.889772 20.014104
 1.857734  3.375763  7.999255  6.153234 12.332978 20.579802
 1.893082  3.149449  8.254370  5.990071 11.079099 17.118356
 1.790713  3.770154  7.867290  6.199929 12.174964 18.482946
 1.738406  3.296553  6.929985  6.124539 11.353425 17.800495
 1.596972  3.344088  7.478289  5.548927 11.919632 18.504805
 1.736059  2.858321  7.257169  5.521507 12.169021 16.983290
 1.810122  3.661625  7.626387  5.904016 12.994122 20.634489
 1.727127  3.222203  7.839463  6.297874 13.254321 19.555653
 1.964409  3.293942  7.420367  6.763185 12.344571 20.054061
 1.979843  3.322827  7.677791  6.072267 12.276857 18.917975
 1.793674  3.323472  7.349234  6.428990 11.975053 19.537921
 1.649543  3.719979  7.412242  5.896849 12.269196 20.359668
 1.934270  3.355651  8.628263  6.209312 12.882626 19.027844
 1.737535  3.209052  8.441388  5.770867 12.008000 19.807313
 2.053309  3.645995  8.249702  5.726746 13.082509 17.163717
 1.962093  3.390515  7.709332  6.097342 11.999258 20.744346
 2.127752  3.700231  7.840483  6.776800 12.965712 20.255555
 2.019855  3.408396  8.609776  6.479535 13.728299 21.001950
 2.127039  3.889522  7.838665  6.103727 13.005645 20.293397
 1.995960  3.340811  7.737827  6.227738 12.544962 18.302552
 2.027749  3.548205  7.800968  6.087724 12.760923 21.544903
 1.775037  3.379946  8.469525  6.281267 12.348696 22.185303
 2.061475  3.528418  7.419779  6.942626 12.276877 24.282959
 2.136655  3.987486  9.193085  7.262891 11.416294 21.732927
 1.956651  3.568862  7.814653  6.917779 12.292939 21.252006
 1.867632  3.509620  7.994588  6.768237 11.445224 19.761159
 2.083015  3.228504  8.425164  6.281837 12.711851 19.098541
 1.839738  3.430255  7.917718  6.570203 13.323688 20.700007
 1.879170  3.976537  8.559782  6.231507 12.552406 19.569409
 1.796023  3.503404  7.774534  5.836133 12.083797 20.272054
 1.856169  3.712807  8.335270  5.517240 11.321825 20.069012
 1.969100  3.366628  8.973445  6.101804 12.349780 19.693794
 1.876620  3.398412  8.217944  6.237878 10.478591 21.019322
 1.775452  3.501537  7.931551  5.533204 10.818300 17.028889
 1.824276  3.142157  7.360373  5.714981 11.159935 19.379080
 1.829506  3.584893  7.940627  6.171865 12.622707 19.122353
 1.766801  3.786989  7.423328  6.079588 11.562994 21.133454
 1.819251  3.510787  8.168063  5.995135 12.311654 18.935009
 1.872339  3.259495  7.227377  5.999978 12.316055 20.791260
 1.936017  3.884935  8.223421  5.609467 12.050994 21.952227
 1.664142  3.594226  7.736776  6.194226 11.882890 18.483933
 1.708533  3.805128  7.805046  5.893327 11.590130 19.265283
 1.777594  3.217815  7.817737  5.552364 12.530244 20.543343
 1.815060  3.315064  7.782409  5.584843 11.481623 19.942762
 1.708679  3.429810  7.867918  5.545947 12.405201 20.709072
 2.158598  3.212209  7.977451  6.723588 13.059189 21.076006
 1.974985  3.434693  8.561398  6.213766 11.703471 22.391170
 1.711208  3.761134  8.903887  6.348187 10.676762 20.069612
 1.867104  3.811990  7.954351  6.095445 11.480320 20.274320
 1.895463  3.433991  7.727662  5.992012 12.102951 19.954644
 1.970694  3.400444  7.961974  6.444888 12.516377 21.218812
 1.918266  4.154607  7.368028  6.089562 13.027241 20.176418
 1.906238  3.767860  8.089133  5.890379 13.497383 20.407031
 1.722474  3.457306  7.620612  6.212354 13.372267 21.002121
 1.836814  2.916268  8.239822  5.906071 11.933205 20.509662
 1.912821  3.388010  7.706752  7.085903 11.001372 20.351481
 1.836650  3.805547  8.137654  6.208584 11.769536 21.250392
 1.964027  3.494368  8.550814  6.484259 12.566899 18.561039
 1.846630  3.608779  7.796517  5.868054 12.108039 19.865385
 1.895273  3.321219  8.571231  6.144501 11.537239 21.438331
 1.829757  3.903755  7.673878  7.007778 12.501588 18.822205
 1.647396  3.257204  8.429320  5.821041 11.902671 21.293237
 1.766963  3.640066  8.335881  5.887775 13.452944 21.150344
 1.980671  3.060122  7.807264  6.562896 12.779474 23.126414
 2.064506  3.479976  8.374867  5.905321 12.768466 20.713454
 1.755013  3.280227  8.290564  6.043419 13.541407 20.931786
 1.929972  3.691569  8.630532  6.594183 12.353661 20.897002
 1.946528  3.555274  7.844149  6.745994 12.840799 20.119346
 1.806289  3.371086  8.477780  5.786011 13.081884 19.946990
 1.860726  4.061250  8.728578  6.657537 12.468368 19.447676
 1.869629  3.402395  8.136024  6.654318 11.811418 20.885857
 1.821514  3.704742  7.859252  6.032034 12.786119 19.890360
 1.777198  3.464851  8.246037  6.560662 12.027419 20.637253
 1.925916  3.126224  7.532919  5.898698 12.368146 18.930935
 1.890838  3.436369  8.184070  5.890392 12.038182 19.196426
 2.027684  3.672033  8.182512  6.454816 12.240421 19.549041
 1.786406  3.132602  7.802323  6.690960 12.265382 20.812934
 1.757188  3.376574  8.051460  5.832030 10.852158 21.216783
 1.864529  3.426976  7.628348  6.435896 11.906295 19.670227
 1.938571  3.745618  8.545594  5.858147 11.970988 21.095236
 1.950902  3.833005  7.533414  6.535354 12.734018 20.195089
 1.796728  3.177407  7.027382  5.675197 11.338211 18.304219
 1.775885  3.491811  8.354727  5.601170 11.520904 19.473137
 1.797900  3.182511  7.645138  6.216122 12.288224 18.961806
 1.693647  2.987935  7.759102  5.534667 11.121431 18.892150
 1.993738  3.031045  7.737316  5.978895 12.815837 18.551644
 1.907835  3.137782  7.789499  5.937969 12.692972 18.504833
 1.989813  3.409837  8.187076  6.218706 11.725392 20.763130
 1.767242  3.556388  7.372176  5.692651 12.440718 17.975689
 1.805306  3.138548  7.647856  7.018449 12.530165 20.838934
 1.934222  3.705245  7.917443  6.840290 13.031880 20.569012
 1.923187  3.791940  8.609253  6.713777 13.082248 21.619212
 1.948435  3.633379  8.430127  6.375685 13.268200 22.149462
 1.998789  3.305050  8.356732  6.486583 11.379318 21.365262
 1.861598  3.287151  8.423394  6.656137 12.206148 19.487940
 1.927298  3.530753  8.466009  7.030545 11.690020 20.025677
 1.706224  3.196414  8.098212  6.687276 11.900729 20.900974
 1.951304  3.317212  7.660862  5.999514 12.761173 21.214468
 1.968500  3.509760  7.662610  6.065128 11.389228 20.315898
 1.750001  3.387824  8.858842  5.642970 12.404562 20.116693
 1.862934  3.384296  7.405818  5.510119 12.081088 20.889902
 1.836819  3.410418  8.134702  6.704301 11.460905 18.702607
 1.956525  3.277286  7.671736  6.407271 11.118273 19.733379
 1.838714  3.389258  8.452992  5.900366 10.770699 20.517795
 1.853345  3.664120  7.263028  7.034002 11.408378 21.528441
 1.880081  3.379395  8.061216  5.973473 13.096802 20.606387
 2.099995  3.499018  7.297892  6.246527 13.100512 20.073634
 2.010036  3.371753  7.526680  6.649933 11.207803 18.642615
 1.877653  3.617256  8.126326  5.996071 11.541404 20.268335
 2.112173  3.475637  7.862035  5.643912 12.320146 20.982605
 1.707393  3.539625  8.551861  5.710839 12.853341 18.014710
 1.733348  3.314439  8.368451  5.946176 13.471265 20.810346
 1.874323  3.450369  8.072504  6.334670 11.868447 20.658045
 1.915489  3.577014  8.093608  5.692136 11.373814 18.295802
 1.885647  3.512031  7.990892  6.360922 11.694901 20.438674
 2.168243  3.202042  6.747694  5.753426 12.354125 19.848934
 1.706133  3.703082  7.921887  6.048923 11.845274 20.915321
 2.266648  3.945567  8.780934  6.281625 12.119595 21.458785
 1.821318  3.547390  8.913621  5.784784 12.286013 21.463504
 1.943810  3.767565  8.068326  5.546529 12.786032 19.441336
 2.075647  3.545730  8.569123  6.792314 11.934703 19.999365
 2.027803  3.760283  7.846184  5.968206 13.053982 22.241514
 1.955347  3.689013  9.406611  6.333023 13.037873 20.625910
 2.263358  3.774156  9.602541  6.187338 11.677582 21.949453
 1.773901  3.407321  7.708892  5.781393 12.369834 18.923490
 1.906291  3.581495  6.856023  5.542275 10.932776 19.855476
 1.984491  3.261323  7.176170  6.544541 11.445880 19.315632
 1.813960  3.513610  8.508661  5.460067 12.687574 19.366638
 1.837624  2.996212  8.079584  6.761404 12.277836 21.752676
 1.586826  3.171573  8.082348  5.739088 13.604968 19.769477
 1.837184  3.508354  7.928643  6.130749 12.751769 20.988203
 1.744671  3.374304  7.743374  7.052555 12.294867 17.815990
 1.671562  3.376738  7.969186  5.782500 10.946020 18.959199
 1.782865  3.332270  7.447228  6.278111 12.148446 20.579561
 2.079162  3.593773  7.336026  6.868663 10.848335 18.648599
 1.699572  3.466436  7.457986  5.865653 13.110490 22.901247
 1.929368  3.387785  7.838284  5.862297 12.538809 19.027918
 1.715283  3.566686  7.770983  6.767157 10.703851 19.377028
 2.057981  3.726478  7.849298  6.047326 13.178442 18.688824
 1.947234  3.258818  7.787830  5.893611 13.227263 20.981131
 1.883744  3.251484  8.558176  6.348759 12.225688 18.526016
 1.972006  3.440978  7.495141  6.051699 11.830510 18.474525
 1.723968  3.687517  7.080808  5.625337 11.823617 20.211203
 1.877277  3.443628  7.312105  6.112470 10.825051 20.062407
 1.937753  3.582906  7.845452  6.206121 12.115088 20.837231
 1.979432  3.715634  7.691746  6.394308 12.247040 20.951766
 1.839246  3.452263  8.379372  6.008874 10.938453 20.156277
 1.983738  3.284501  7.837688  6.136763 11.879739 19.463792
 1.888031  3.268389  8.044357  6.113948 12.448576 18.119150
 1.897149  3.061469  8.614029  6.432897 11.408154 19.166218
 2.047098  3.587802  7.869312  6.023996 13.160219 18.594907
 2.153772  3.274905  8.485046  6.085450 12.822870 21.864265
 1.958404  3.294651  8.373656  5.625807 10.822331 20.443852
 1.986655  3.296469  8.688100  5.983344 11.455935 21.954194
 1.919621  3.008811  7.356130  6.111993 12.584701 19.749150
 1.791937  3.189420  7.517210  5.959232 12.278291 16.568272
 1.839144  3.633917  7.769566  6.780653 11.361536 20.002602
 1.886750  3.276824  8.512105  6.589338 11.927972 20.530339
 2.040525  3.615802  8.394598  5.865707 12.045115 21.744022
 2.104551  3.474685  7.821854  6.354564 10.821464 21.231004
 1.905550  3.930642  8.177327  6.508170 13.111360 21.994936
 2.020129  3.475350  8.810787  6.093933 12.727534 20.401955
 1.934182  3.382924  7.595568  6.377187 12.253140 21.022138
 2.006986  3.348961  7.431708  5.796863 12.060329 22.097477
 1.898153  3.224663  8.185457  6.333027 11.375492 19.275339
 1.832602  3.486758  7.831144  5.590506 10.418716 17.260713
 1.862678  3.685548  7.559948  6.010190 11.376807 20.595075
 1.695198  3.000254  7.964930  6.216259 10.251836 19.134236
 1.784266  3.377956  8.237887  6.104680 11.276725 18.538856
 1.792748  3.200105  8.225153  6.084051 13.011133 18.830186
 1.822498  3.256847  7.431880  6.830357 11.768667 19.866287
 1.858399  3.605635  7.759963  6.497090 11.693617 21.272696
 2.085263  3.523810  8.780452  5.693306 11.792649 20.140276
 1.726831  3.224524  7.674553  6.749065 12.843778 17.803331
 1.635083  3.077850  7.095193  5.756188 11.918142 19.516240
 1.596900  3.021273  7.658236  5.506140 10.922513 22.410607
 1.705296  3.034502  7.680028  5.962897 11.032717 18.150247
 1.573104  3.251752  7.954895  5.602035 11.572252 17.189035
 1.567127  3.206153  7.798892  5.673874 10.742096 20.484910
 1.718522  3.280491  7.070048  5.601374 12.313158 17.705116
 1.673246  3.330407  8.154051  5.818468 11.045358 18.330522
 1.633573  3.434883  7.160345  6.013395 12.248679 19.917448
 1.749805  3.205464  8.388728  6.105655 11.231429 17.728560
 1.723638  3.285161  8.037883  6.508162 11.941207 19.181379
 1.562097  3.150404  8.113437  5.498432 11.820056 19.828755
 1.720705  3.732772  8.817851  5.527499 11.251282 18.561461
 1.933079  3.304911  8.069317  4.916847 12.005138 17.481807
 1.695552  2.936612  7.815271  5.799209 11.736669 20.850643
 1.941073  3.348370  8.766026  6.291126 11.873416 19.106473
 1.720680  2.916296  7.105216  5.895570 13.829813 18.568728
 1.917358  3.210238  7.769588  5.858249 11.481630 21.541221
 1.888573  3.477656  7.633558  6.902482 11.787638 21.120858
 1.717803  3.417866  7.856285  5.682678 12.373557 19.947446
 2.163308  3.007553  8.824142  6.465879 12.597269 21.801287
 1.868049  3.355110  7.988388  6.093340 11.762163 18.547812
 1.986078  3.531147  8.504155  6.513600 11.194423 21.197068
 2.079337  3.322931  8.213390  6.198883 12.940818 18.587124
 2.038254  3.610877 10.171287  6.639707 12.706743 20.242354
 1.903268  3.837401  7.988498  6.199580 11.995841 20.122006
 1.820568  3.695535  7.580490  5.586554 13.293223 20.289655
 1.816726  3.280655  7.240534  5.668935 12.707125 21.316181
 1.752663  3.379349  8.210758  5.986147 12.718771 20.850996
 1.801564  3.449025  8.045056  5.559839 12.069952 20.373855
 1.791966  3.273998  7.843614  5.498751 11.389941 19.047181
 1.579406  3.619486  7.304556  5.500337 10.514465 20.638197
 1.622981  3.389369  7.737122  6.281637 11.241282 18.980691
 1.668269  3.281600  6.883951  6.016753 11.937980 20.002861
 2.002994  3.116256  7.755030  5.638443 11.953194 21.086496
 1.709627  3.822066  7.884207  6.449919 10.881456 20.985033
 1.798003  3.373367  8.587056  5.913115 10.889942 20.036304
 1.761125  3.173947  8.332236  6.144708 12.959080 18.980927
 1.855767  3.181987  8.029220  6.348945 12.609656 19.108516
 1.858683  2.991412  8.319532  5.691416 12.023727 19.222148
 1.813520  3.006719  7.044718  6.019807 11.300349 19.198095
 1.659646  3.216850  7.754633  6.169179 11.146760 18.607291
 1.920399  3.652566  8.290235  6.088060 12.706867 22.153903
 1.487030  2.971060  8.545188  6.071215 11.687054 19.923792
 1.624087  3.170987  7.348877  5.907221 11.532410 18.830021
 1.637723  3.132375  7.966315  5.384350 11.400795 17.718326
 1.804700  3.390625  7.845316  5.443234 12.378813 21.196265
 1.843536  3.188145  7.721230  5.455425 12.280387 19.279543
 1.940688  3.118495  8.699182  6.316962 12.171202 19.943792
 1.684880  3.213953  8.201762  5.850535 11.777140 17.771714
 1.789355  3.184984  8.196423  6.119161 10.972568 19.070923
 1.725456  4.107731  8.670983  5.872264 12.226832 20.100502
 1.881060  3.310808  7.469673  5.870767 11.677949 18.301302
 1.630274  3.055227  8.181030  5.984872 12.968758 19.246038
 1.846441  3.137046  8.044928  6.467811 12.835609 19.696913
 1.782684  3.248595  8.130224  5.851711 11.865831 19.894619
 1.867378  3.616031  8.223520  6.259284 10.864311 17.065781
 2.115759  3.473568  7.685511  5.885939 11.669809 19.386438
 1.767553  3.230713  7.508324  6.556012 11.223230 21.803474
 1.730814  3.285698  6.973847  5.812124 11.431110 19.205254
 1.732395  3.316976  8.471489  5.624359 11.724186 18.616287
 1.670650  3.394485  8.501137  6.312342 12.100034 18.318114
 1.877524  3.350639  7.820864  6.249241 12.296908 20.352016
 1.899451  3.235591  8.288565  6.479044 11.842288 18.915323
 1.908306  3.543297  8.688713  5.998202 13.569721 19.141706
 1.858868  3.643832  7.952314  6.737353 11.303960 20.989172
 2.025700  3.692143  7.811963  5.897441 12.248520 21.096684
 1.827363  3.543556  8.416313  5.665395 14.900756 20.243668
 1.994429  3.573384  8.158438  6.510325 12.467812 18.087091
 2.053463  3.216143  7.918241  6.202873 11.825982 18.500793
 1.739586  3.451259  8.090602  5.526182 11.421532 16.938493
 2.044646  3.434190  8.132395  6.621756 11.468770 19.894536
 1.834848  3.686195  8.314574  5.978548 11.922660 18.310114
 1.852752  3.287371  8.402755  6.252370 11.845253 20.735875
 1.739382  3.257525  7.761591  6.118172 13.076705 19.480515
 1.812636  2.914400  8.254072  6.063737 12.600821 20.186022
 1.702221  3.380199  7.386856  6.434440 11.282813 19.830580
 1.804514  3.136937  8.338065  5.676302 10.653027 21.810859
 2.018733  3.230138  8.199140  5.620839 11.550299 17.681500
 1.963974  3.403522  8.313456  6.348945 11.970885 21.020139
 1.893676  4.223917  7.691442  6.263503 11.943023 17.908980
 1.984557  3.591436  8.090337  6.403378 11.493206 18.698165
 1.992734  3.168003  8.155933  5.982814 11.541587 19.910680
 1.959912  3.275988  8.449725  6.339598 12.246422 21.288436
 1.692985  3.657753  7.406906  5.982821 11.481887 17.954350
 1.906010  3.085983  8.810766  5.985976 10.756251 19.935110
 1.901598  3.118689  7.421504  5.712056 12.670387 19.803926
 1.693024  3.393037  7.590341  6.057557 12.110709 19.864819
 1.863160  3.175300  8.059579  5.539650 12.079357 19.590723
 1.643656  3.059552  7.741973  6.198748 11.033202 19.048373
 1.751176  3.658022  6.822311  5.404257 12.937921 22.020462
 1.988412  3.453443  7.293843  6.120450 12.826966 18.273374
 1.708015  3.246677  7.513422  6.364334 10.695947 22.741067
 1.656620  3.193199  8.567409  5.796084 12.194889 17.711987
 1.804811  2.991783  7.819452  6.458878 12.239028 16.842118
 1.980163  3.397324  7.472899  5.788134 10.508457 19.113728
 1.876219  3.174914  7.658020  6.000449 12.178170 20.641228
 1.633462  3.443188  7.950878  5.723744 11.374054 19.972803
 1.667811  3.516012  7.989834  5.457259 11.962413 20.257614
 1.723130  3.132486  7.186013  6.109944 10.447776 19.368551
 1.723668  3.316711  8.203655  5.489843 12.019688 20.811792
 1.910146  3.094725  8.479204  6.222453 13.036293 21.625216
 1.792869  3.455966  7.925166  5.952979 11.518869 20.072760
 1.631813  3.307912  7.352696  5.433608 11.861633 19.663767
 1.600773  3.447595  7.580649  5.618909 11.519605 19.899482
 1.815729  3.494254  8.160914  6.628242 12.486196 18.523258
 1.785746  3.515678  7.663957  6.052991 12.442381 20.392352
 1.737052  3.128919  7.814436  6.058112 13.025297 18.837641
 1.986534  3.457135  8.460530  6.429441 12.250191 20.459153
 1.841061  3.079490  7.270156  6.264599 11.470986 20.147832
 1.648603  3.050680  7.952994  6.160103 12.235794 18.875519
 2.116291  3.629290  7.703129  6.909937 13.390252 22.231658
 1.787000  3.526208  8.769985  6.059041 12.014976 19.486875
 1.752129  3.599456  8.185550  6.102993 10.963956 20.243704
 1.918747  3.418633  8.751018  6.448068 13.317000 20.280002
 1.707564  3.549844  7.995864  5.916580 10.486212 18.667619
 1.985000  3.065770  8.477323  5.821918 12.467358 19.239607
 1.874223  3.586760  7.719970  5.838137 11.536614 19.191934
 1.813194  3.037392  8.182720  6.154493 10.964299 18.668638
 1.914103  3.176278  8.275690  6.396075 11.440927 18.194740
 1.942719  3.300856  8.188882  6.575235 11.861806 18.580782
 1.881547  3.663051  7.932771  6.048263 12.062942 18.233524
 1.837204  3.418888  7.698476  5.884753 12.550178 20.931366
 2.090081  3.504837  8.372890  5.593680 12.853617 19.235579
 2.141984  3.553100  8.303135  6.368107 12.225275 19.920159
 1.935543  3.473780  7.897885  5.879952 11.975656 18.481578
 2.042633  3.596194  8.554334  6.128120 12.374366 20.818932
 1.817579  3.473502  7.376960  6.584590 12.045863 18.897960
 1.897054  3.427154  8.660592  6.022457 11.257795 20.362015
 1.759961  3.265664  8.416971  5.532448 12.517583 20.687334
 1.898575  3.523153  7.268561  5.835535 11.225822 20.569096
 1.613712  3.134218  7.915558  5.594830 10.960931 20.541756
 1.907087  3.011100  7.738069  5.794048 10.888705 18.908112
 1.787734  3.250327  7.590512  5.315900 12.221650 19.875923
 1.740558  3.222412  7.150441  5.823153 11.048356 19.296313
 1.707659  3.506235  8.074942  5.753303 12.005047 22.738600
 1.910659  3.612324  8.457009  5.566611 12.235995 20.127741
 1.838965  3.679204  7.566803  6.454829 10.744477 19.611802
 1.696344  3.153401  7.741650  6.135449 12.249301 18.919094
 1.713986  3.110008  8.097461  5.947502 12.361447 20.993375
 1.738799  3.288681  7.798344  5.864563 13.885752 19.636014
 1.890644  3.568279  7.378671  5.870298 12.339917 18.869793
 1.961207  3.677224  8.172798  6.557950 13.597014 18.533573
 1.940694  3.898365  8.541165  5.789507 12.514321 19.471591
 1.882818  3.239709  8.134931  5.864769 12.265001 21.901504
 2.029608  3.809720  7.949131  6.258905 12.563713 19.646199
 2.266827  3.649206  7.593624  6.224303 12.307255 19.573828
 1.911892  3.424649  7.863845  6.727356 11.488197 20.892072
 1.790826  3.614526  8.775675  6.185698 13.161683 19.322272
 1.782620  4.081446  7.891390  6.148507 12.007223 19.187496
 1.978577  3.246546  7.624088  6.061259 11.772422 21.442800
 2.061992  3.786156  7.935275  6.594598 12.174540 22.747666
 2.051684  3.430452  8.175859  6.114288 12.580251 23.808099
 2.010359  3.657483  9.030585  5.839407 11.898553 22.256330
 2.251237  3.207649  9.067199  7.254568 12.591626 20.928685
 1.912756  3.524369  9.397424  6.391088 11.791485 21.638506
 1.924914  3.620004  8.734201  6.529863 12.288703 19.960288
 1.948516  3.241237  8.269849  6.113678 13.507618 20.362851
 2.015450  3.389349  8.377326  5.885593 12.711579 20.503849
 1.861358  3.571838  8.535332  5.928283 13.615040 21.762538
 1.991058  3.629103  8.501917  6.232201 13.311823 20.787616
 1.879618  3.467790  7.705219  5.951818 12.533763 22.659574
 1.709871  3.896880  8.643382  6.336430 12.431760 20.629592
 1.782085  3.580440  8.150373  6.492176 12.089729 20.495123
 2.014418  3.624565  8.043909  5.979565 10.451548 18.314158
 1.945206  3.251708  7.683083  6.039384 13.513310 20.200914
 1.773201  3.416873  7.800507  6.203497 12.132806 19.479895
 2.012948  3.669262  8.128221  6.213709 11.403444 20.759046
 2.044825  3.660283  7.793561  6.858346 11.518305 21.809877
 1.699523  3.454239  8.101367  6.796407 12.347521 20.847732
 1.690398  3.569576  8.240977  6.168495 11.954570 18.205494
 1.847763  3.655441  7.807337  5.594259 11.631946 20.695361
 1.907393  3.186085  7.914129  5.744116 13.316377 21.686578
 1.702943  3.460120  8.000351  5.619313 11.822762 19.054526
 1.997417  3.270740  7.292349  5.984484 11.628663 19.506665
 1.844669  3.451546  8.586530  6.117477 12.060596 20.695618
 1.973798  3.644916  8.776482  6.418988 10.847004 18.522121
 1.860282  3.721318  8.287023  6.149597 12.523316 20.942229
 1.986952  3.204933  8.713060  6.050217 10.810328 20.755520
 1.938327  3.259367  8.624937  5.361298 11.593079 21.325168
 1.860068  3.378304  7.397465  6.275756 11.665205 20.250120
 1.750995  3.457477  7.778350  6.116726 10.672385 21.270166
 1.799809  3.758287  8.187467  5.886673 12.255050 18.977895
 2.100952  3.283606  7.918980  6.289936 13.072907 18.061157
 1.808931  3.720345  7.998968  6.217215 13.211295 18.295257
 1.838126  3.696434  8.249049  6.037348 12.325368 21.341932
 1.822267  3.915134  7.096745  6.496589 11.729348 20.391726
 2.106070  3.748419  8.036271  6.737016 11.453889 22.118838
 1.860791  3.175652  8.263000  5.977626 10.462737 19.489711
 1.743901  3.392258  7.560485  6.402013 11.751735 20.877590
 1.916336  3.407232  8.073925  7.070045 11.835716 20.093735
 1.827255  3.215828  8.085571  5.842003 12.544323 19.850160
 1.820013  3.331399  6.897785  7.199169 11.170521 21.357322
 2.083046  3.665995  8.207066  6.440586 14.045346 20.223119
 1.761220  3.518172  7.139045  6.718676 12.247316 21.724023
 1.970793  3.595214  7.708594  7.031235 12.342135 21.058607
 2.007548  3.627099  7.816260  5.954987 12.394033 21.932962
 1.812229  3.671520  8.747869  6.441682 12.892225 19.415827
 1.911514  3.499217  7.948834  6.467981 11.212430 20.120949
 1.672340  3.202522  7.985938  5.265575 13.482987 20.067915
 1.802193  3.762018  7.983174  5.421556 11.957311 18.969199
 1.667610  3.675937  8.781751  6.761457 11.203402 20.124836
 1.759277  3.026537  8.081407  6.364465 11.459714 21.491611
 2.005048  3.290871  7.434010  5.399251 12.487466 21.990424
 1.903852  3.641595  8.362932  5.415735 11.739612 20.755770
 1.736300  3.439265  7.973704  5.892732 14.169141 18.103440
 1.885049  3.152575  8.180568  6.033524 11.878145 20.194481
 1.882064  3.321315  9.061260  5.869324 11.121921 19.387315
 2.058100  3.477183  8.008988  5.855515 13.109303 20.753099
 1.795267  3.148497  7.681828  5.687741 12.025381 21.024633
 1.754664  3.236361  8.200852  6.396344 11.631144 19.401973
 1.618906  3.780228  8.582824  6.128285 11.937777 19.351020
 1.753633  3.195123  8.716703  5.753510 12.215107 18.412581
 1.990990  3.366683  7.822445  6.592735 12.098397 20.343651
 2.053347  3.539971  8.128239  5.610763 12.119531 20.062823
 1.837620  3.411760  7.401873  5.959216 11.356885 19.040269
 1.683993  3.542058  8.019098  5.773696 12.033061 19.624301
 1.941393  3.391544  7.439347  6.111453 13.456903 19.347595
 1.827456  3.564708  7.525838  6.354389 12.813809 18.257834
 1.963027  3.097714  7.408373  5.855942 11.640262 16.456317
 1.870192  3.497917  7.923563  5.873321 12.105060 18.543870
 1.738850  3.296109  8.252434  6.555104 11.285769 21.314965
 1.773927  3.096234  7.704303  6.537673 11.012640 21.486201
 1.731733  3.287404  7.415470  5.947557 11.978791 19.291222
 1.704905  3.410466  7.048123  5.756049 12.608468 19.535225
 1.842044  3.623665  8.071893  6.258617 12.245850 20.150336
 1.924046  3.374995  8.226841  5.970179 11.498741 19.400459
 1.810013  3.300065  7.769960  6.556480 10.683155 21.341011
 1.799562  3.487941  8.139249  6.208908 11.840243 19.536056
 1.886934  3.155701  7.705189  5.190148 11.725975 17.810696
 1.861608  3.350530  7.578869  5.568022 12.256610 19.399622
 1.727006  3.208796  8.543805  6.074185 13.426306 19.468024
 1.716153  3.886465  8.272056  5.384979 12.505255 19.459654
 1.887318  3.593197  8.466096  6.733767 12.509417 20.582738
 1.856076  3.462662  8.741767  6.440718 13.237403 20.685516
 1.794173  3.404291  8.358555  6.671839 11.930785 18.379259
 2.057187  3.522134  8.941740  7.111711 12.894569 19.466674
 1.993834  3.252109  7.521634  5.850905 11.344840 20.285863
 1.812051  3.211052  7.936003  6.318381 10.569050 19.267919
 1.773371  3.204915  8.332098  6.039655 10.665595 22.638165
 1.774866  3.345675  8.609688  5.466593 10.968530 20.184300
 1.879723  3.662219  7.006903  5.953514 11.919485 20.406784
 1.863815  3.028642  8.745734  6.299194 11.862589 19.413316
 1.835974  3.384827  9.329656  6.331017 11.717938 16.992621
 1.674505  3.742063  7.729857  6.346431 12.291612 19.642856
 1.855859  3.280972  9.332941  5.984442 11.990904 17.580123
 1.867281  3.614463  8.406409  6.065743 12.433952 19.618717
 1.907657  3.390839  7.904114  6.654586 12.171921 21.334074
 1.712913  3.198925  8.064711  5.592328 12.252750 20.906927
 1.943880  3.038924  8.395326  6.470325 12.460267 20.202817
 1.678106  3.487808  8.148847  6.281197 11.844447 20.928659
 1.892292  3.530718  7.861466  5.812718 11.157699 19.888060
 1.741797  3.358708  7.780588  6.024286 12.730755 22.183747
 1.920870  3.595088  7.753875  5.927666 12.121486 19.450855
 1.824668  3.319222  7.966966  5.832461 12.110162 17.779904
 1.813000  3.011924  7.632437  5.635985 13.294432 18.292704
 1.742662  3.186619  7.214765  5.342862 12.016983 20.989166
 1.835250  3.453981  8.451015  6.219000 12.273905 19.168731
 1.708853  3.372540  8.119214  6.303920 12.198968 20.658147
 1.876714  3.169579  8.400173  5.647758 11.477065 18.662398
 1.800259  3.273438  7.748412  5.957392 11.598618 19.518755
 1.671739  3.350412  8.715960  6.083587 11.498934 19.340200
 1.886936  3.355640  8.046727  6.113504 12.516841 18.233905
 2.013265  3.634417  8.367955  6.055303 12.071964 20.936204
 1.832349  3.610787  7.740458  6.035789 12.974877 19.930046
 1.927348  3.781754  8.415007  6.033336 11.644261 20.601181
 2.011726  3.504921  8.158326  5.850025 10.938418 21.429595
 1.871372  3.471172  6.916244  6.381983 12.342153 20.868498
 2.162901  3.876064  7.986351  6.139353 13.536659 19.269936
 1.891867  3.257154  8.686948  6.080246 12.119120 20.572826
 2.044182  4.018111  7.692533  5.968014 12.645778 20.050540
 1.713466  3.272604  7.606922  5.811279 11.150499 20.854744
 1.807981  3.671321  8.071694  6.087035 11.921017 20.412083
 1.583649  3.440540  7.960791  5.953150 10.851257 20.308493
 1.626682  3.329390  8.387535  5.406163 11.361193 20.114503
 1.809325  3.696210  9.184608  6.026057 11.108706 18.927933
 1.937970  3.454528  8.076230  6.217972 11.757882 18.648300
 1.627379  3.586544  8.709165  5.914222 11.841745 22.069116
 1.801269  3.715295  8.539278  5.986650 11.190476 20.476080
 1.785603  3.507278  8.590914  6.571752 11.048039 19.786332
 1.898028  3.175464  7.105177  5.953116 10.898340 19.407776
 1.823427  3.432012  7.676521  5.732839 11.126292 17.892073
 1.842986  3.808052  8.617113  5.994280 12.826739 22.945631
 1.732509  3.260462  8.378055  6.066143 11.962576 20.174291
 1.783689  3.125549  7.714730  6.505015 11.279180 17.714431
 1.860948  3.309426  8.399492  6.047728 11.186470 19.033739
 1.709855  3.290994  7.545135  5.835926 13.125588 16.776837
 1.885363  3.187360  8.010045  6.240850 11.838013 19.479030
 1.921105  3.486015  8.470257  6.334467 11.188075 19.414958
 1.905114  3.370927  7.547130  6.507909 11.496586 18.758910
 1.843064  3.624850  7.707440  5.360118 11.204802 18.715334
 1.787358  3.355728  7.770621  6.305451 11.569143 20.383862
 1.995656  3.787204  8.427614  6.362817 11.984510 21.971481
 1.683224  2.935060  7.836404  5.776919 12.129172 17.621544
 1.837011  3.108842  7.266425  5.755188 12.833370 20.862592
 1.808752  3.436266  7.764591  5.929825 11.859123 18.491017
 1.881491  3.568816  8.529152  5.426007 13.106502 19.867363
 1.766168  3.265893  8.805527  6.181980 11.078702 18.437036
 1.916818  3.471131  8.345568  5.664513 11.806809 18.129544
 1.848489  3.396228  7.972789  5.424537 11.619930 19.187505
 1.792476  3.401515  8.031802  5.698200 11.625864 19.589894
 1.803551  3.573289  8.186585  6.166578 12.559395 19.563613
 1.804389  3.434499  7.950734  5.660789 11.232226 19.319995
 1.679219  3.423730  8.149552  6.514025 12.047420 17.811179
 1.829264  3.209435  7.824662  5.404632 11.464234 18.303824
 1.915276  3.377228  8.193360  5.614491 11.170845 17.638293
 1.743894  3.099125  7.506421  5.755559 12.055831 19.480315
 1.805338  3.075516  7.994031  6.722621 12.653659 17.595666
 1.942558  3.429253  8.091794  5.744773 12.398450 19.231742
 1.914422  3.354090  6.603617  6.157872 11.760374 18.411413
 1.680988  3.190454  7.812064  5.965521 11.474496 18.390391
 1.761524  3.425533  6.943482  5.626647 11.899153 17.725493
 1.532429  3.526286  7.627495  6.323285 11.613041 18.366077
 1.556709  3.144310  8.216098  5.483004 10.999452 17.457890
 1.687236  2.992253  7.967608  5.206763 11.128095 18.496542
 1.812137  3.177251  8.197683  5.562724 10.982285 20.107542
 1.713433  3.290108  7.202773  6.224311 12.235165 19.765752
 1.772897  3.654324  6.858427  5.873244 11.553522 21.456956
 1.833588  3.531722  7.787468  5.718529 12.097483 18.950992
 1.845458  3.412924  7.892821  5.947734 12.190978 18.364795
 1.723344  3.346418  8.106968  6.133818 11.776273 19.811319
 1.973676  3.587753  8.154904  6.833845 11.192369 20.968724
 1.862216  3.325221  7.525856  5.807206 11.644748 19.159358
 1.757655  3.141053  8.262987  6.618425 11.656096 18.478088
 1.674780  3.187592  7.766129  5.761071 12.173706 18.763941
 1.778400  3.336341  8.369061  6.208683 11.401209 20.987090
 1.950923  3.284331  7.930087  5.951271 11.389678 21.482880
 1.713813  3.287775  8.918940  5.844516 11.999998 19.461412
 1.746178  3.249786  7.655343  6.259452 13.361220 18.118530
 1.783796  3.243906  8.098208  6.083762 12.132475 19.056927
 1.846070  3.187389  7.465814  6.183066 11.726211 18.115735
 1.680910  3.278388  8.011292  5.759185 12.007424 17.951458
 1.764559  3.602176  7.695082  5.747633 12.619193 19.036249
 1.779205  3.598977  8.483998  5.838361 12.517220 19.722457
 1.740209  3.430528  8.287123  5.923893 11.394925 20.615017
 1.948805  3.058400  8.066817  6.228836 11.814294 19.014525
 1.811862  3.198048  8.244453  6.201637 11.533152 19.811971
 1.850653  3.400280  8.063819  6.430289 12.988332 22.491532
 1.831415  3.560963  8.574160  6.892560 12.558777 18.151529
 1.702776  3.155011  7.251115  6.257020 11.369852 20.480858
 1.621837  3.307389  8.659314  5.666877 11.768480 20.661311
 1.738757  3.718023  8.137513  5.436639 12.694457 19.689239
 1.943673  3.297394  7.842894  5.685617 11.864657 20.718626
 1.755196  3.247192  6.982559  5.946215 11.518071 20.615936
 1.560375  3.290134  8.551585  5.907800 11.643011 19.238038
 1.866043  3.254972  7.597584  5.766524 12.100330 20.627926
 2.018376  3.428868  8.748420  6.015141 13.324125 19.266273
 1.887021  3.572472  7.373380  6.025773 11.404218 22.224829
 1.819441  3.532766  8.519173  6.461826 12.802019 18.824530
 1.970623  4.010337  7.852983  5.326996 12.024917 18.009599
 1.851417  3.114029  8.019512  6.080638 11.898860 21.291181
 2.035612  3.312500  6.943052  5.607418 12.170930 19.137375
 1.766350  3.250678  7.351511  5.746981 12.470076 18.158579
 1.959733  3.114004  8.061338  6.384914 11.543049 20.622650
 1.784503  3.114954  8.393142  5.810296 10.150131 18.854787
 1.821563  3.708392  8.009446  5.925165 10.116858 21.197895
 1.808751  3.340287  8.282586  6.211748 11.542649 19.008375
 1.948485  3.172270  7.519504  6.276064 11.571573 19.503682
 1.661580  3.222715  8.307085  5.663789 12.234269 18.718120
 1.797338  3.084919  8.057941  5.544440 10.874885 22.351945
 1.879182  3.125914  7.733994  6.200777 11.808240 19.340791
 1.881861  3.672051  8.310095  6.142739 11.160174 19.820251
 1.799287  3.567031  7.745688  5.843336 10.634596 20.683732
 1.816377  3.495421  7.996035  6.291821 11.438949 19.208746
 1.784365  3.429715  7.776722  6.003620 11.900542 20.505108
 1.723227  3.459103  7.658166  5.682894 12.818725 18.141074
 1.800532  3.538649  7.999468  6.043631 11.363052 20.800454
 1.881209  3.717319  8.385944  5.739220 10.654113 21.595473
 2.018942  3.582339  7.866737  5.865712 12.894046 18.389151
 1.939971  3.221953  7.921631  6.521705 13.002526 21.633511
 1.847059  3.509601  7.848341  6.408942 11.766489 22.453287
 1.897417  3.414581  8.926106  5.692499 12.397593 21.450964
 1.769947  3.620409  7.883590  6.056326 13.769595 21.806267
 2.096670  3.423378  8.573288  6.779605 11.201178 21.899056
 2.066613  3.572731  8.373581  6.360405 13.188401 21.499461
 2.112372  3.633731  8.682028  6.591650 12.176398 19.837834
 2.096923  3.520463  8.841867  5.786578 13.015130 21.492258
 1.905997  3.407850  8.317634  6.607538 12.885961 21.040381
 1.833917  3.773521  7.836389  6.810852 12.717020 20.583905
 2.284994  3.604314  8.122786  6.281497 12.542249 20.614478
 1.889379  3.676602  8.146394  6.753058 13.428398 21.827559
 1.965208  3.300382  9.024578  6.646892 11.108380 18.947999
 1.897630  3.400686  7.534699  6.524573 11.763777 20.976545
 1.682722  3.190286  7.337316  5.891425 12.492596 18.122098
 1.852874  3.541581  8.856756  6.340074 12.793060 20.512456
 1.988028  3.447889  9.324458  6.199238 11.554260 20.316464
 1.986615  3.573850  7.573905  6.151024 12.296727 20.394817
 1.831125  3.469382  8.029826  5.788463 12.142368 21.295743
 1.787912  3.029797  7.804754  6.228146 13.181879 20.248411
 1.908719  3.269761  7.544383  5.087232 11.521184 19.713093
 1.671182  3.116921  8.246966  6.294122 10.662678 19.698893
 1.717629  3.428089  7.815989  6.061472 12.540647 21.363090
 2.051262  3.646569  7.647694  7.049069 11.307362 19.009331
 1.972266  3.558628  8.053117  6.499583 12.418792 21.760272
 1.800041  3.780606  7.803183  6.343953 11.325393 21.041381
 1.771002  3.447859  8.702906  6.690147 13.576300 19.196958
 2.034106  3.796045  8.019717  6.800152 11.998246 22.832263
 1.908454  3.465962  8.045452  6.666440 11.617919 22.478183
 1.798555  3.768317  8.692179  6.554822 14.111388 20.458161
 1.809849  3.616123  8.722734  6.435735 12.086964 20.427213
 1.930193  3.525814  8.488748  5.694643 11.933561 19.469465
 1.974068  3.441999  7.792682  5.940213 11.919280 22.883478
 1.740468  3.693792  8.027316  5.886779 12.301788 19.926788
 1.733449  3.454510  8.365213  5.944935 11.739906 20.858194
 1.763448  3.186594  7.572706  5.968461 11.845215 17.677765
 2.053932  3.393412  8.270886  6.645877 12.418933 19.061895
 1.848152  3.532278  7.081872  6.289070 12.096274 20.526222
 1.886387  3.944802  7.935785  6.020759 11.143313 20.779727
 2.028847  3.814147  7.599037  6.267690 13.837005 20.283298
 1.779078  3.691867  7.479245  6.364353 11.050458 19.967432
 1.805708  3.316741  7.502636  5.703238 12.764121 20.012785
 1.914776  3.238510  7.963663  6.113595 11.480265 18.704959
 1.562513  3.281845  7.889970  6.160202 10.901323 18.755008
 1.784476  3.318178  8.475130  6.457301 11.980820 17.756158
 2.028772  3.388857  8.384777  6.568852 13.418072 19.227286
 1.783408  3.345984  8.422842  6.420127 12.059563 18.739101
 1.974320  3.375887  8.029176  6.114872 12.616417 21.645972
 2.004951  3.394734  8.333441  7.093129 12.578790 19.779838
 1.729657  3.310926  7.872515  6.359812 12.816783 20.294393
 1.755758  3.317628  7.961947  6.113761 12.244983 19.536749
 1.891969  3.501533  7.726400  6.160185 12.112020 22.164990
 1.844824  3.470997  8.819636  6.532958 11.680489 21.094351
 1.873955  3.594336  7.844466  6.644425 12.280242 19.702528
 1.802162  3.318514  7.728261  6.066680 11.074842 20.105329
 2.189133  3.280126  7.245735  6.300957 12.241357 18.198364
 2.105526  3.064054  7.780823  6.218769 12.734483 21.216571
 1.806334  3.409234  8.960304  5.488521 12.578462 19.798174
 1.749666  3.317517  7.565553  6.079829 11.462600 18.635253
 1.968974  3.285922  7.267249  5.674468 12.406583 18.226589
 1.803786  3.387891  7.927600  5.467510 12.287856 20.672599
 1.902992  3.717123  7.383639  6.525281 12.245057 18.941184
 1.886871  3.375793  8.637759  6.157077 11.487135 20.317837
 1.876536  3.249086  8.289819  6.246144 12.237536 18.745818
 1.866324  3.205433  7.466704  6.089353 12.372735 20.915662
 1.807740  3.434451  8.940695  6.188855 12.598990 18.723872
 1.894220  3.327109  7.695134  5.996899 13.080764 19.213489
 1.888483  3.197414  8.066389  6.077928 11.845121 19.881561
 1.887893  3.474804  7.386594  6.103318 10.947624 19.343886
 1.752712  3.204715  7.710105  5.276315 12.200966 19.517602
 1.881659  3.542528  8.125073  6.020039 10.574583 19.261066
 1.836115  3.321063  8.437339  6.381799 11.487728 19.098049
 1.569062  3.393060  8.007635  6.162387 10.947142 18.832143
 1.731445  3.241324  7.441829  5.903406 11.199999 21.094783
 1.754717  3.343953  7.033751  5.559667 11.651555 18.005243
 1.852383  3.437976  8.254224  5.664769 12.070019 18.066413
 1.692169  3.361768  7.723251  6.285529 11.067867 21.718775
 2.071778  3.309582  8.086758  6.108842 11.443780 20.679008
 1.941097  3.443814  7.751474  7.038070 12.765149 18.794377
 1.920175  3.415759  7.837397  5.747551 12.736434 18.438487
 1.818942  3.317366  7.784900  6.051686 11.546530 20.661978
 1.958423  3.634201  8.471815  6.944694 12.282174 21.576544
 2.038646  3.417804  8.073651  5.711836 12.283548 19.968613
 1.664938  3.395882  7.659476  5.980721 12.232670 22.867474
 1.910016  3.386653  7.960750  5.937876 13.949757 19.992327
 1.984876  3.325136  7.860320  6.139332 11.840385 20.179925
 1.806819  3.280350  7.959254  5.596878 11.605647 19.851196
 1.766626  3.175939  8.508698  6.202358 10.871972 18.825163
 2.060426  3.427990  8.479209  6.052532 11.744649 21.112124
 1.917560  3.193340  8.753788  6.837327 11.831105 22.209119
 1.881171  3.322398  8.306898  5.996537 12.707314 21.055620
 1.799987  3.528983  7.593360  6.052678 11.347419 20.291511
 1.785474  3.742043  8.030267  5.619303 12.171002 21.289179
 1.711284  3.276614  8.118497  6.014831 11.221887 22.099481
 1.578885  3.112380  8.158012  6.087786 10.898007 18.890709
 1.967112  3.712796  8.306874  6.195429 12.905893 19.769619
 1.822605  3.545079  7.912590  6.400866 11.480283 20.772778
 1.834453  3.490896  7.433447  6.300514 12.084682 22.061770
 1.870447  3.504178  7.863892  6.271479 11.650787 17.951335
 1.739379  3.235612  8.332899  6.545750 11.203491 19.986788
 2.139126  3.298495  8.175229  6.568376 11.586568 20.902043
 1.912094  3.573599  8.465534  6.427638 12.028056 19.592294
 1.994952  3.713760  7.811286  6.169002 12.301276 21.483422
 2.223882  3.536084  8.141627  6.869835 11.280151 21.006109
 1.969036  3.228414  8.508130  6.260093 13.266251 19.060701
 1.563414  3.495024  8.117169  5.873939 10.671946 20.623099
 1.803401  3.230818  8.001330  5.738833 11.460698 18.746358
 1.977136  3.502366  8.079908  5.336364 12.120400 20.246767
 1.845992  2.966848  7.268661  6.346682 11.614096 20.188806
 1.714071  3.183476  6.924406  5.237602 13.196196 19.026837
 1.892159  3.270124  7.747385  6.378632 11.278370 19.301867
 1.720639  3.076380  8.072405  6.164054  9.798486 18.106840
 1.800381  3.070446  6.835598  5.821854 11.859675 18.986261
 1.552851  3.188043  7.847876  5.757263 13.802543 18.634477
 1.713166  3.235443  8.828273  5.358600 12.830078 20.088956
 1.899880  3.077181  7.672825  6.024692 10.424921 19.546754
 1.802161  3.067063  7.937933  6.305092 13.071711 19.807097
 1.664336  3.408797  7.730710  6.065307 13.691025 19.053774
 1.626838  3.718405  8.471078  6.122635 12.002631 19.602638
 1.996386  3.293157  8.395975  5.829691 12.011605 19.020695
 1.711731  3.660021  6.897528  6.379686 11.612273 21.203279
 2.122012  3.326331  7.017333  5.792269 11.515158 18.585699
 1.772796  3.398967  7.767777  6.356797 11.968222 22.321837
 1.915938  3.755259  8.211864  6.283125 11.756909 22.705366
 1.872136  3.378682  7.865245  5.918064 11.512379 19.018452
 1.821159  3.281415  8.704681  5.903750 11.518885 18.524033
 1.797958  3.354940  7.900518  6.216527 10.848594 18.958329
 2.008092  3.076270  8.225878  6.229245 10.643738 20.801104
 1.967466  3.509458  7.224986  5.823510 11.996873 19.366164
 1.820271  3.724594  7.295227  6.576619 12.473359 18.514635
 1.838665  3.586399  7.300980  6.381905 12.388920 19.200041
 1.934617  3.103768  7.685431  6.225624 12.075034 19.120219
 2.003439  3.145790  7.636854  6.561461 11.914778 20.969904
 2.023038  3.529448  8.142850  6.681301 13.042967 22.639937
 2.032528  3.623831  8.847868  6.289076 12.254592 21.089340
 1.993481  3.539205  8.734837  6.341481 12.510326 20.235742
 1.916837  3.269752  7.447185  6.635688 11.927226 19.033948
 1.852449  3.465341  7.840513  7.138967 12.102195 22.161186
 1.896232  3.267907  8.242027  6.664877 13.322320 18.444128
 1.838289  3.520327  7.590758  5.869284 11.518452 20.079920
 1.950751  3.478982  8.314440  6.141187 12.532941 20.395976
 1.914065  3.395056  8.234805  6.210296 11.180835 21.098395
 2.004365  3.725734  7.639550  6.525387 13.432797 19.215665
 1.853974  3.603665  7.861234  5.742898 11.098794 20.047564
 1.915286  3.639825  7.963216  6.299530 11.494799 19.540983
 1.601764  3.460725  7.494904  6.096451 12.591264 20.305322
 1.918027  3.728153  7.529887  6.906698 11.661605 20.691478
 1.781706  3.192498  8.636314  6.715269 11.931690 19.490777
 1.818320  3.557583  8.817160  6.750328 13.110851 20.315617
 1.939754  3.600999  8.462787  6.809167 12.185622 20.596621
 1.932719  3.607509  7.811620  6.917255 12.811311 21.788568
 1.846235  3.859170  8.310548  5.963940 13.692810 20.766038
 2.094683  3.140108  8.378497  6.321041 12.537847 20.580507
 2.075069  3.549420  8.664926  6.204711 12.548499 19.355714
 1.846400  3.170540  7.925190  6.626136 13.752669 20.344445
 1.934798  3.515933  8.532232  7.209400 11.215012 21.486795
 2.122797  3.581885  8.452661  6.594152 13.428885 22.479799
 1.896726  3.555765  8.506871  6.508170 12.408560 19.833111
 2.223540  3.810838  8.246481  6.801286 11.751756 20.442987
 2.052569  3.962842  8.745740  6.038191 13.371310 20.809178
 2.263004  3.298255  8.605276  6.649678 12.312623 20.203753
 1.858530  3.563729  8.537853  5.617602 11.919600 19.367832
 2.028542  3.552656  7.879256  6.371885 12.122883 20.980618
 1.933771  3.610175  7.871015  5.682987 11.155920 19.943842
 2.020562  3.568588  9.382805  5.969539 12.472249 20.211552
 1.825830  3.362227  9.177770  6.463009 12.616952 22.141816
 2.093749  3.776987  9.093854  7.162292 13.100594 20.769339
 1.855169  3.623405  8.441311  6.421673 12.182367 20.214236
 1.810265  3.501187  7.788294  6.759405 12.539194 18.180862
 1.839496  3.539378  7.221090  5.844516 11.809914 19.766131
 1.816037  3.749739  8.574588  6.435046 13.737436 20.467905
 2.116128  3.560225  8.634015  6.629862 13.288570 20.150948
 2.107061  3.312876  7.597029  5.591412 12.786455 23.266846
 1.736036  3.209791  7.605978  6.541006 12.411829 22.629423
 1.792611  3.068588  8.180954  5.893960 11.642702 19.855843
 1.786157  3.206959  8.821777  5.830358 12.664821 22.073447
 1.715310  3.460732  7.572068  5.849262 11.981510 19.666332
 1.919806  3.338649  7.650459  5.973234 11.360185 21.394323
 1.826150  3.606645  7.893706  5.325184 11.565498 20.476517
 1.852067  3.269137  8.374431  6.111132 11.559339 20.324279
 1.942785  3.248423  7.909827  6.511088 12.409432 20.948318
 2.018975  3.425129  8.477516  6.712161 12.325982 19.767096
 1.766881  3.532463  8.201365  5.846798 12.944427 17.243516
 1.827101  3.694021  7.649157  6.283319 11.996546 18.694939
 1.942948  3.768702  7.942482  5.779375 13.438691 19.720689
 1.799966  3.836790  8.198423  5.968828 11.907393 18.194603
 2.118847  3.715156  7.957306  6.080816 11.636935 18.544127
 1.932135  3.457135  8.375232  6.356418 12.395126 19.482159
 1.885902  3.459355  9.212411  7.051058 13.064903 20.096034
 1.901295  3.382937  9.176307  6.655693 14.884036 19.591569
 2.136964  3.614808  7.841532  6.440189 12.707359 20.596390
 1.919305  3.603847  7.690075  6.279727 11.753153 19.341857
 2.012569  3.569097  7.925376  6.292379 11.979097 20.248174
 1.924614  3.446475  7.933903  6.406690 11.392676 20.265367
 1.809715  3.843065  8.445585  6.463145 12.560524 20.302198
 2.059920  3.545490  7.486977  7.388730 11.846643 23.522225
 1.981336  3.834971  7.934972  6.361199 11.912858 18.911076
 2.004976  3.853372  8.662691  6.434252 12.642567 21.169868
 1.936111  3.526514  7.801891  6.196202 12.127936 19.854327
 2.029257  3.784689  8.305175  6.290709 12.015925 21.740498
 1.897587  3.782621  8.837184  5.917382 13.050294 21.440145
 2.009801  3.232343  8.898456  6.686867 12.279979 19.871212
 1.918283  3.424076  8.819825  6.714703 11.891857 19.521815
 2.102892  3.181845  8.621849  5.924616 12.733660 23.230972
 1.796330  3.474431  7.525445  5.840546 10.876204 21.719037
 1.781086  3.608157  8.474239  6.490298 12.077016 19.813362
 1.788891  3.250463  8.446470  6.367570 12.150267 21.526925
 1.840839  3.437508  8.012747  6.267910 10.952070 20.210517
 1.938739  3.642087  7.404220  5.885014 13.084721 21.895273
 1.835814  3.467437  7.529701  6.098781 11.985171 21.604746
 1.909254  3.249291  7.222290  6.527924 11.705115 19.424904
 1.561403  3.307357  8.404729  5.367916 12.378201 19.988462
 1.781444  3.304826  8.116501  6.753048 11.408768 20.204236
 1.783445  3.087154  7.223418  6.391306 11.614977 20.442578
 1.735908  3.435347  8.040100  6.712820 12.331765 21.162742
 1.862682  3.372544  8.781049  6.363139 12.067949 18.350160
 1.665576  3.002289  7.557385  6.125337 10.898859 17.773776
 1.613452  3.355975  7.706792  6.531538 12.753565 19.299057
 1.809243  2.849578  8.533960  5.434296 12.133519 19.529299
 1.715642  3.379203  8.410263  5.817350 12.107324 18.210885
 1.524003  2.909930  8.012041  6.024209 11.900351 17.041745
 1.747618  3.273371  8.290365  5.943829 13.313564 19.470221
 1.660059  3.342924  8.220932  6.101328 12.409335 20.629194
 1.965636  3.388518  7.901610  5.430048 11.877961 21.539649
 1.895461  3.570876  7.772015  6.564549 11.616056 17.847303
 1.678096  3.510005  8.039695  5.586049 11.509583 17.872365
 2.019923  3.474598  9.024567  5.662576 13.308462 20.728635
 1.941231  3.690961  8.129958  5.849159 11.523540 18.989869
 1.685042  3.737599  7.795245  6.084325 12.855165 17.966509
 1.826471  3.621626  8.180621  6.365180 12.473778 17.027908
 1.847687  3.602772  7.844215  6.586018 13.115245 21.434771
 1.881838  3.958464  7.748089  6.062458 12.774947 21.258761
 1.878450  3.049417  8.275009  5.695749 11.637172 21.085834
 1.846239  3.198909  7.225452  6.119948 11.376871 19.621318
 1.668104  3.011477  7.847599  5.653193 11.140081 18.822901
 1.842533  3.466005  8.609339  6.323438 12.067669 19.615959
 1.703771  3.603938  8.128300  6.122323 11.350285 16.376768
 1.692072  3.252824  7.818664  5.470519 11.805357 18.919037
 1.761619  3.207070  7.681847  5.123234 11.252745 21.365822
 2.023444  3.155210  7.481011  6.174376 12.926677 18.576371
 1.755886  3.713329  8.602150  5.754255 12.038965 17.636317
 1.876840  2.987598  8.180372  6.009460 12.676561 19.213027
 1.985141  3.363634  7.528276  5.830881 11.478063 19.666300
 1.929889  3.772187  8.579299  6.691509 12.325382 21.193069
 1.903016  3.259848  8.576392  6.403570 12.086020 18.698177
 1.834863  3.310068  7.129414  6.166961 11.554567 21.100463
 1.705703  3.063747  7.350671  5.640309 11.630049 19.894458
 1.904766  3.325879  8.256120  6.006521 11.259969 20.098551
 1.772924  3.638572  7.690588  5.349023 12.147865 20.922128
 1.848098  3.429549  7.556964  6.276190 10.523703 22.893813
 1.789625  3.261942  8.348752  6.452327 12.353826 20.654032
 1.839759  3.014211  7.362661  6.838732 13.015866 19.781242
 1.868652  3.333413  8.517932  6.128229 13.312045 18.362266
 1.837089  3.368089  7.905449  6.242020 11.271837 18.078786
 1.929762  3.595746  7.171531  6.139732 11.501377 19.799771
 1.821317  3.342908  7.186747  6.304517 10.967034 19.005990
 1.781238  3.260003  8.608638  5.991344 11.571132 16.994958
 1.660334  3.354709  7.996537  6.110498 12.252471 18.377474
 1.666866  3.186184  8.046982  6.120697 10.982948 22.209893
 1.668074  3.434557  7.592226  5.852887 11.170672 19.868160
 1.763049  3.610707  7.959069  5.686542 12.656900 20.903228
 1.749541  3.354354  7.981403  5.937206 11.682473 19.048530
 1.717575  3.152144  7.374879  5.777996 11.681600 19.075820
 1.918388  3.593960  8.516980  6.569648 12.661020 19.638942
 1.853053  3.248556  8.630726  5.770433 11.215719 20.419167
 1.917921  3.418790  8.447554  5.769569 11.030287 21.058703
 2.000141  3.625009  7.651934  6.443432 11.601398 18.168485
 1.834533  3.429690  7.874254  6.296451 12.708891 20.030588
 2.021347  3.087608  7.574467  6.313592 12.621007 20.431742
 1.738425  3.565927  8.291141  6.242274 12.503593 19.436754
 1.902554  3.510122  8.086747  6.360034 11.492458 19.817151
 1.754748  3.597814  8.436766  6.041774 11.055426 19.633684
 2.140350  3.669128  7.945420  6.781721 13.267196 22.087167
 2.018229  3.141951  8.704980  6.214976 10.899552 19.973558
 1.889444  3.438119  7.891932  6.267389 13.399414 20.105317
 2.032068  3.535333  8.706761  6.929624 13.006204 21.607026
 2.115388  3.868672  7.829049  6.319203 12.327875 21.350370
 1.941470  3.610668  8.827686  6.295470 11.744374 21.815105
 2.257470  3.975893  8.224419  7.008975 11.923225 25.430079
 2.162539  3.365717  8.767746  6.507529 13.490679 21.418714
 2.063751  3.825580  8.774339  6.745858 11.451348 20.773927
 2.027619  3.420877  7.574272  6.472857 14.046455 19.675278
 1.863732  3.163762  8.671964  6.569017 11.429576 21.690206
 1.778306  3.569425  8.053729  6.076695 11.840049 20.178013
 1.987323  3.481478  7.240529  6.062017 12.490470 19.749226
 1.592762  3.416621  8.173686  5.390634 12.297385 20.509914
 1.783180  3.392637  9.064982  6.271388 12.586607 20.428238
 1.850121  3.132472  8.198302  5.906572 12.339425 20.493377
 1.882526  3.607200  8.320253  5.805490 12.194467 18.854299
 1.891675  3.661138  8.930627  6.138439 13.049915 22.306888
 1.916267  3.723889  8.225556  6.377635 12.506849 21.178874
 1.821571  3.422157  7.457203  5.955905 13.371796 19.980691
 1.722547  3.144286  7.822179  6.307993 13.115190 21.815937
 1.821646  3.341412  8.064941  6.904801 12.564318 22.532057
 1.835324  3.503789  8.357185  6.683180 11.800397 19.780131
 1.674704  3.661624  8.411862  6.137421 12.926688 22.670675
 1.867125  3.340795  7.842119  7.021059 12.017133 21.041604
 2.075708  3.164044  8.081503  6.487289 12.478957 18.715434
 1.829746  3.307686  7.992919  6.121989 12.160593 20.439069
 1.785900  3.777899  7.808036  6.292342 12.734427 20.362473
 1.718956  3.484490  7.829826  6.248525 10.816430 20.088310
 1.772369  3.676921  8.677448  6.579073 13.549255 21.344016
 1.754201  3.420127  9.061691  6.125574 12.748744 20.458788
 1.808822  3.381784  7.796676  6.843017 11.612940 20.140155
 1.894276  3.161168  8.774104  6.595157 11.059922 21.953902
 1.819026  3.666971  7.729026  6.498546 11.655659 18.595945
 1.742185  3.502041  7.238359  5.985163 13.452213 19.687357
 1.821493  3.475127  8.472519  6.113329 12.588455 19.943575
 1.825876  3.477825  8.216059  5.715306 11.030014 21.940847
 1.884088  3.577323  7.530594  6.152831 11.812994 18.575688
 1.924098  3.298004  8.269291  6.619787 10.979697 17.323722
 1.836595  3.538649  7.649629  5.987295 12.241460 18.896330
 1.629640  3.507168  7.540251  6.114966 13.257735 17.953291
 1.807413  3.269422  7.350541  5.847899 11.933270 21.925465
 1.840764  3.629839  8.345989  5.843875 11.123324 19.953112
 1.889821  3.188038  8.192184  5.708153 11.689949 21.744297
 1.827022  3.028825  7.108474  6.491617 11.253180 19.570591
 1.802260  3.215651  9.424050  6.354781 13.000363 22.366654
 1.831737  3.644163  8.187789  5.485939 11.703146 21.553518
 2.047766  3.707989  9.045837  6.809084 12.806239 20.751901
 1.782105  3.174405  7.633216  5.364096 11.882794 21.080525
 1.713149  3.366326  7.751116  5.912987 11.213237 18.855944
 1.810076  3.165888  7.669972  6.523645 12.991051 19.651996
 1.792550  3.367643  8.827449  6.489244 13.105954 20.660421
 1.862916  3.476749  7.787863  6.041478 13.354987 19.001105
 1.767830  3.293229  8.654283  5.772825 11.487377 17.696450
 2.020388  3.164491  8.021648  6.599920 13.024522 21.142027
 1.861994  3.255379  7.401580  6.686946 13.166833 17.268883
 1.853004  3.394912  7.562427  5.921629 11.395930 19.603336
 1.775064  3.424069  8.956836  6.315663 12.314211 19.087685
 1.835869  3.499515  7.927485  6.716165 12.195696 20.091190
 1.931964  3.283030  8.640094  5.888813 11.850155 16.692610
 1.841197  3.520598  7.755354  6.030545 12.657498 21.114017
 1.784993  3.213778  8.527274  6.055493 11.066172 20.902029
 1.912889  3.307174  8.795339  6.200593 11.443267 21.811521
 1.957286  3.908511  8.480796  6.146287 13.228275 21.028252
 2.080277  3.436264  8.188896  6.172316 12.650856 20.031937
 1.894896  3.409366  8.874030  6.324579 12.845033 21.337553
 2.051849  3.689220  8.241128  6.718458 12.506447 22.371171
 1.589774  3.212779  8.701738  5.609209 13.195504 18.351312
 1.750604  3.476394  8.689160  5.615273 12.373141 19.688051
 2.072391  3.068388  8.413508  6.322037 11.661054 18.651974
 1.674485  3.155436  8.106491  6.083360 11.479901 18.622366
