1.154697 1.838088 2.038207 2.776759 2.928904 3.229382 1.991722 2.153607 2.343889 3.349496
1.838088 0.772214 0.907420 1.707258 1.633590 2.007234 1.098650 2.207773 0.999037 1.807219
2.038207 0.907420 1.050762 1.790301 1.713304 2.065786 1.204366 2.312814 1.101438 2.016497
2.776759 1.707258 1.790301 1.763642 1.677147 1.738991 1.728704 2.506202 1.752766 2.898030
2.928904 1.633590 1.713304 1.677147 1.560812 1.670510 1.731782 2.609105 1.625251 2.634601
3.229382 2.007234 2.065786 1.738991 1.670510 1.549297 2.113076 2.722595 1.979302 3.229724
1.991722 1.098650 1.204366 1.728704 1.731782 2.113076 0.918071 2.240134 1.365350 2.333680
2.153607 2.207773 2.312814 2.506202 2.609105 2.722595 2.240134 2.400720 2.378799 3.809419
2.343889 0.999037 1.101438 1.752766 1.625251 1.979302 1.365350 2.378799 1.073264 2.042441
3.349496 1.807219 2.016497 2.898030 2.634601 3.229724 2.333680 3.809419 2.042441 2.224330
