0.000000 0.028381
0.000000 0.036760
0.000000 0.015834
0.000000 0.015403
0.000000 0.089469
0.000000 0.026363
0.000000 0.030818
0.000000 0.026738
0.000000 0.037211
0.000000 0.123983
0.000000 0.033992
0.000000 0.033527
0.000000 0.036694
0.000000 0.028385
0.000000 0.031287
0.000000 0.013634
0.000000 0.021488
0.000000 0.017908
0.000000 0.024869
0.000000 0.021113
0.000000 0.032050
0.000000 0.028180
0.000000 0.020625
0.000000 0.041203
0.000000 0.023399
0.000000 0.036080
0.000000 0.025688
0.000000 0.027322
0.000000 0.033709
0.000000 0.034942
0.000000 0.041184
0.000000 0.046109
0.000000 0.043739
0.000000 0.039199
0.000000 0.026630
0.000000 0.019897
0.000000 0.015233
0.000000 0.033134
0.000000 0.012600
0.000000 0.018633
0.000000 0.023897
0.000000 0.021560
0.000000 0.021126
0.000000 0.016949
0.000000 0.021765
0.000000 0.023189
0.000000 0.017571
0.000000 0.017307
0.000000 0.018223
0.000000 0.018754
0.000000 0.016333
0.000000 0.026484
0.000000 0.031943
0.000000 0.014420
0.000000 0.029816
0.000000 0.032841
0.000000 0.081621
0.000000 0.032788
0.000000 0.022466
0.000000 0.019770
0.000000 0.017047
0.000000 0.039725
0.000000 0.021440
0.000000 0.027930
0.000000 0.028603
0.000000 0.028151
0.000000 0.055626
0.000000 0.026012
0.000000 0.027568
0.000000 0.027467
0.000000 0.032585
0.000000 0.085480
0.000000 0.021486
0.000000 0.020218
0.000000 0.044934
0.000000 0.061120
0.000000 0.044445
0.000000 0.037455
0.000000 0.082899
0.000000 0.027858
0.000000 0.033620
0.000000 0.043784
0.000000 0.018056
0.000000 0.026853
0.000000 0.024106
0.000000 0.024801
0.000000 0.021931
0.000000 0.039164
0.000000 0.017868
0.000000 0.024584
0.000000 0.036181
0.000000 0.056592
0.000000 0.049080
0.000000 0.036481
0.000000 0.017908
0.000000 0.016614
0.000000 0.056613
0.000000 0.020611
0.000000 0.050230
0.000000 0.032140
0.000000 0.033208
0.000000 0.020614
0.000000 0.026027
0.000000 0.018819
0.000000 0.013105
0.000000 0.017364
0.000000 0.014201
0.000000 0.015527
0.000000 0.016529
0.000000 0.020210
0.000000 0.020639
0.000000 0.020035
0.000000 0.021786
0.000000 0.021053
0.000000 0.024337
0.000000 0.019406
0.000000 0.040253
0.000000 0.026916
0.000000 0.019380
0.000000 0.034508
0.000000 0.022252
0.000000 0.021768
0.000000 0.016420
0.000000 0.027122
0.000000 0.023133
0.000000 0.020897
0.000000 0.026950
0.000000 0.029652
0.000000 0.078653
0.000000 0.023042
0.000000 0.025949
0.000000 0.029917
0.000000 0.024430
0.000000 0.026897
0.000000 0.062303
0.000000 0.031344
0.000000 0.023909
0.000000 0.022173
0.000000 0.093807
0.000000 0.022053
0.000000 0.029322
0.000000 0.064124
0.000000 0.068127
0.000000 0.034128
0.000000 0.030024
0.000000 0.021964
0.000000 0.017690
0.000000 0.041000
0.000000 0.037930
0.000000 0.024265
0.000000 0.031981
0.000000 0.024263
0.000000 0.023360
0.000000 0.013745
0.000000 0.017251
0.000000 0.026956
0.000000 0.034398
0.000000 0.019764
0.000000 0.058925
0.000000 0.132932
0.000000 0.048803
0.000000 0.080013
0.000000 0.113107
0.000000 0.032241
0.000000 0.040938
0.000000 0.020867
0.000000 0.123014
0.000000 0.025910
0.000000 0.021952
0.000000 0.019181
0.000000 0.018693
0.000000 0.015263
0.000000 0.053578
0.000000 0.035925
0.000000 0.026661
0.000000 0.020988
0.000000 0.050106
0.000000 0.064897
0.000000 0.038929
0.000000 0.041230
0.000000 0.018794
0.000000 0.028931
0.000000 0.019333
0.000000 0.021336
0.000000 0.016504
0.000000 0.072770
0.000000 0.020490
0.000000 0.021999
0.000000 0.020765
0.000000 0.014939
0.000000 0.017717
0.000000 0.013301
0.000000 0.016893
0.000000 0.021373
0.000000 0.026423
0.000000 0.019080
0.000000 0.024780
0.000000 0.036114
0.000000 0.025847
0.000000 0.028652
0.000000 0.057876
0.000000 0.018921
0.000000 0.022499
0.000000 0.024247
0.000000 0.025778
0.000000 0.030266
0.000000 0.033280
0.000000 0.031350
0.000000 0.027523
0.000000 0.046463
0.000000 0.023532
0.000000 0.038542
0.000000 0.073817
0.000000 0.021781
0.000000 0.025603
0.000000 0.032255
0.000000 0.027135
0.000000 0.024298
0.000000 0.032912
0.000000 0.041404
0.000000 0.035172
0.000000 0.038084
0.000000 0.016369
0.000000 0.018786
0.000000 0.033809
0.000000 0.036889
0.000000 0.021989
0.000000 0.022740
0.000000 0.015521
0.000000 0.047566
0.000000 0.027583
0.000000 0.017045
0.000000 0.029382
0.000000 0.019719
0.000000 0.059519
0.000000 0.048944
0.000000 0.017348
0.000000 0.036105
0.000000 0.021607
0.000000 0.026925
0.000000 0.022805
0.000000 0.046245
0.000000 0.016033
0.000000 0.051945
0.000000 0.050740
0.000000 0.025507
0.000000 0.059633
0.000000 0.022531
0.000000 0.015223
0.000000 0.018984
0.000000 0.037363
0.000000 0.014636
0.000000 0.016372
0.000000 0.017930
0.000000 0.040246
0.000000 0.038117
0.000000 0.019678
0.000000 0.024959
0.000000 0.042596
0.000000 0.032212
0.000000 0.027291
0.000000 0.019146
0.000000 0.055321
0.000000 0.018100
0.000000 0.027494
0.000000 0.020207
0.000000 0.016907
0.000000 0.032637
0.000000 0.022458
0.000000 0.020013
0.000000 0.018107
0.000000 0.013062
0.000000 0.012147
0.000000 0.015529
0.000000 0.019260
0.000000 0.015290
0.000000 0.015018
0.000000 0.015716
0.000000 0.010717
0.000000 0.011193
0.000000 0.014759
0.000000 0.021041
0.000000 0.021493
0.000000 0.018449
0.000000 0.035696
0.000000 0.026755
0.000000 0.019597
0.000000 0.022034
0.000000 0.024518
0.000000 0.017432
0.000000 0.013278
0.000000 0.024291
0.000000 0.030131
0.000000 0.024843
0.000000 0.020965
0.000000 0.024017
0.000000 0.017371
0.000000 0.020619
0.000000 0.032544
0.000000 0.028675
0.000000 0.028447
0.000000 0.024544
0.000000 0.064015
0.000000 0.022194
0.000000 0.022072
0.000000 0.048353
0.000000 0.035429
0.000000 0.046655
0.000000 0.037853
0.000000 0.027624
0.000000 0.024130
0.000000 0.036660
0.000000 0.029392
0.000000 0.030938
0.000000 0.029204
0.000000 0.017336
0.000000 0.011080
0.000000 0.020974
0.000000 0.027676
0.000000 0.023691
0.000000 0.022623
0.000000 0.040622
0.000000 0.023456
0.000000 0.018260
0.000000 0.013404
0.000000 0.020645
0.000000 0.016335
0.000000 0.020007
0.000000 0.022788
0.000000 0.028100
0.000000 0.030796
0.000000 0.036259
0.000000 0.129602
0.000000 0.021052
0.000000 0.034341
0.000000 0.111578
0.000000 0.078642
0.000000 0.024624
0.000000 0.021754
0.000000 0.032600
0.000000 0.019556
0.000000 0.026714
0.000000 0.022972
0.000000 0.025298
0.000000 0.023210
0.000000 0.017181
0.000000 0.027499
0.000000 0.021823
0.000000 0.023971
0.000000 0.051330
0.000000 0.025690
0.000000 0.065946
0.000000 0.048203
0.000000 0.023728
0.000000 0.035080
0.000000 0.028676
0.000000 0.025300
0.000000 0.041228
0.000000 0.043328
0.000000 0.038532
0.000000 0.024071
0.000000 0.027309
0.000000 0.032952
0.000000 0.020782
0.000000 0.015383
0.000000 0.018398
0.000000 0.023208
0.000000 0.030399
0.000000 0.022794
0.000000 0.024372
0.000000 0.021050
0.000000 0.039491
0.000000 0.031201
0.000000 0.025470
0.000000 0.029212
0.000000 0.026052
0.000000 0.014632
0.000000 0.025720
0.000000 0.016075
0.000000 0.020639
0.000000 0.016673
0.000000 0.021653
0.000000 0.027204
0.000000 0.020217
0.000000 0.027594
0.000000 0.027449
0.000000 0.040458
0.000000 0.021215
0.000000 0.041945
0.000000 0.023297
0.000000 0.023158
0.000000 0.023245
0.000000 0.019995
0.000000 0.036614
0.000000 0.048010
0.000000 0.055103
0.000000 0.045359
0.000000 0.051841
0.000000 0.024909
0.000000 0.019206
0.000000 0.018489
0.000000 0.030817
0.000000 0.058771
0.000000 0.030320
0.000000 0.056018
0.000000 0.043333
0.000000 0.020656
0.000000 0.023970
0.000000 0.025098
0.000000 0.026734
0.000000 0.040586
0.000000 0.029477
0.000000 0.032508
0.000000 0.019744
0.000000 0.024948
0.000000 0.028079
0.000000 0.019188
0.000000 0.025176
0.000000 0.024104
0.000000 0.018669
0.000000 0.023278
0.000000 0.033468
0.000000 0.025033
0.000000 0.022236
0.000000 0.025199
0.000000 0.018689
0.000000 0.018107
0.000000 0.016052
0.000000 0.022645
0.000000 0.034471
0.000000 0.041122
0.000000 0.017611
0.000000 0.033808
0.000000 0.020453
0.000000 0.070400
0.000000 0.052686
0.000000 0.038710
0.000000 0.023098
0.000000 0.021797
0.000000 0.023630
0.000000 0.033849
0.000000 0.059682
0.000000 0.025462
0.000000 0.038901
0.000000 0.027240
0.000000 0.030411
0.000000 0.041619
0.000000 0.028081
0.000000 0.025113
0.000000 0.023857
0.000000 0.037884
0.000000 0.019179
0.000000 0.052831
0.000000 0.086201
0.000000 0.022850
0.000000 0.026574
0.000000 0.021847
0.000000 0.024034
0.000000 0.023373
0.000000 0.046226
0.000000 0.029867
0.000000 0.028566
0.000000 0.027736
0.000000 0.031547
0.000000 0.029062
0.000000 0.031210
0.000000 0.029894
0.000000 0.022119
0.000000 0.017781
0.000000 0.032850
0.000000 0.020095
0.000000 0.029398
0.000000 0.020150
0.000000 0.016332
0.000000 0.024051
0.000000 0.013442
0.000000 0.031909
0.000000 0.027486
0.000000 0.024466
0.000000 0.025504
0.000000 0.017929
0.000000 0.030779
0.000000 0.015032
0.000000 0.051777
0.000000 0.055072
0.000000 0.041016
0.000000 0.048873
0.000000 0.020122
0.000000 0.016946
0.000000 0.014251
0.000000 0.018301
0.000000 0.035188
0.000000 0.028840
0.000000 0.035814
0.000000 0.049003
0.000000 0.018095
0.000000 0.033930
0.000000 0.042175
0.000000 0.020997
0.000000 0.088187
0.000000 0.038685
0.000000 0.036646
0.000000 0.028749
0.000000 0.034332
0.000000 0.031202
0.000000 0.027102
0.000000 0.025946
0.000000 0.018288
0.000000 0.044384
0.000000 0.029889
0.000000 0.026020
0.000000 0.019498
0.000000 0.019850
0.000000 0.017039
0.000000 0.020289
0.000000 0.024357
0.000000 0.027437
0.000000 0.044601
0.000000 0.019677
0.000000 0.023974
0.000000 0.023844
0.000000 0.027009
0.000000 0.023432
0.000000 0.026119
0.000000 0.018988
0.000000 0.047245
0.000000 0.035595
0.000000 0.060694
0.000000 0.026526
0.000000 0.027691
0.000000 0.016884
0.000000 0.031457
0.000000 0.020705
0.000000 0.021938
0.000000 0.015162
0.000000 0.019351
0.000000 0.012374
0.000000 0.019724
0.000000 0.016070
0.000000 0.019289
0.000000 0.044331
0.000000 0.024975
0.000000 0.019443
0.000000 0.019881
0.000000 0.022109
0.000000 0.017630
0.000000 0.016510
0.000000 0.014592
0.000000 0.026906
0.000000 0.025520
0.000000 0.020861
0.000000 0.020623
0.000000 0.023606
0.000000 0.025202
0.000000 0.025984
0.000000 0.017335
0.000000 0.023876
0.000000 0.017392
0.000000 0.018356
0.000000 0.027741
0.000000 0.016180
0.000000 0.016705
0.000000 0.016413
0.000000 0.022136
0.000000 0.077094
0.000000 0.032147
0.000000 0.090944
0.000000 0.071963
0.000000 0.025570
0.000000 0.020591
0.000000 0.031228
0.000000 0.041547
0.000000 0.045617
0.000000 0.027896
0.000000 0.032832
0.000000 0.018229
0.000000 0.031209
0.000000 0.015912
0.000000 0.068122
0.000000 0.017408
0.000000 0.029483
0.000000 0.050392
0.000000 0.019180
0.000000 0.037097
0.000000 0.046897
0.000000 0.029173
0.000000 0.014057
0.000000 0.024734
0.000000 0.024459
0.000000 0.035627
0.000000 0.034930
0.000000 0.019476
0.000000 0.018211
0.000000 0.023747
0.000000 0.034366
0.000000 0.057335
0.000000 0.036619
0.000000 0.021689
0.000000 0.127231
0.000000 0.041344
0.000000 0.035455
0.000000 0.020766
0.000000 0.030635
0.000000 0.059253
0.000000 0.029646
0.000000 0.020034
0.000000 0.028035
0.000000 0.021681
0.000000 0.028132
0.000000 0.054398
0.000000 0.021035
0.000000 0.034066
0.000000 0.039147
0.000000 0.028221
0.000000 0.023097
0.000000 0.035619
0.000000 0.029680
0.000000 0.031145
0.000000 0.094545
0.000000 0.023881
0.000000 0.035338
0.000000 0.016431
0.000000 0.020598
0.000000 0.026293
0.000000 0.021137
0.000000 0.070142
0.000000 0.028476
0.000000 0.027818
0.000000 0.055249
0.000000 0.055073
0.000000 0.033584
0.000000 0.020957
0.000000 0.053661
0.000000 0.038916
0.000000 0.033320
0.000000 0.023117
0.000000 0.022607
0.000000 0.069894
0.000000 0.042017
0.000000 0.046919
0.000000 0.037808
0.000000 0.032690
0.000000 0.046470
0.000000 0.028352
0.000000 0.037711
0.000000 0.030099
0.000000 0.032539
0.000000 0.021904
0.000000 0.062077
0.000000 0.013159
0.000000 0.028133
0.000000 0.035848
0.000000 0.015527
0.000000 0.015021
0.000000 0.038866
0.000000 0.035659
0.000000 0.035610
0.000000 0.029550
0.000000 0.045917
0.000000 0.023195
0.000000 0.045417
0.000000 0.041740
0.000000 0.031743
0.000000 0.036627
0.000000 0.032993
0.000000 0.035566
0.000000 0.022573
0.000000 0.014142
0.000000 0.015599
0.000000 0.018675
0.000000 0.020000
0.000000 0.012159
0.000000 0.018137
0.000000 0.022181
0.000000 0.011640
0.000000 0.011622
0.000000 0.019501
0.000000 0.019271
0.000000 0.025706
0.000000 0.024425
0.000000 0.027121
0.000000 0.016533
0.000000 0.016708
0.000000 0.029019
0.000000 0.018894
0.000000 0.017954
0.000000 0.015599
0.000000 0.024202
0.000000 0.033018
0.000000 0.033983
0.000000 0.016509
0.000000 0.017095
0.000000 0.013354
0.000000 0.021959
0.000000 0.017287
0.000000 0.023355
0.000000 0.030281
0.000000 0.020374
0.000000 0.024452
0.000000 0.021984
0.000000 0.034640
0.000000 0.020224
0.000000 0.019079
0.000000 0.052005
0.000000 0.037481
0.000000 0.027644
0.000000 0.012796
0.000000 0.024153
0.000000 0.014911
0.000000 0.013530
0.000000 0.013145
0.000000 0.013365
0.000000 0.015757
0.000000 0.035542
0.000000 0.019787
0.000000 0.015634
0.000000 0.022188
0.000000 0.042633
0.000000 0.033030
0.000000 0.033108
0.000000 0.039270
0.000000 0.055593
0.000000 0.039420
0.000000 0.021868
0.000000 0.033197
0.000000 0.019442
0.000000 0.020132
0.000000 0.020919
0.000000 0.018081
0.000000 0.018680
0.000000 0.014064
0.000000 0.037324
0.000000 0.041519
0.000000 0.027609
0.000000 0.036600
0.000000 0.026814
0.000000 0.072854
0.000000 0.028423
0.000000 0.031024
0.000000 0.037431
0.000000 0.028370
0.000000 0.017945
0.000000 0.015945
0.000000 0.015136
0.000000 0.023813
0.000000 0.017873
0.000000 0.033997
0.000000 0.023134
0.000000 0.011809
0.000000 0.016756
0.000000 0.021588
0.000000 0.019856
0.000000 0.027954
0.000000 0.034516
0.000000 0.021402
0.000000 0.028638
0.000000 0.028639
0.000000 0.019831
0.000000 0.028422
0.000000 0.034551
0.000000 0.018913
0.000000 0.027023
0.000000 0.021941
0.000000 0.029819
0.000000 0.040896
0.000000 0.052876
0.000000 0.045307
0.000000 0.034699
0.000000 0.020188
0.000000 0.024625
0.000000 0.028478
0.000000 0.031069
0.000000 0.013091
0.000000 0.026295
0.000000 0.026725
0.000000 0.026590
0.000000 0.015318
0.000000 0.012903
0.000000 0.018008
0.000000 0.016201
0.000000 0.016173
0.000000 0.023509
0.000000 0.032631
0.000000 0.021569
0.000000 0.078335
0.000000 0.028209
0.000000 0.045704
0.000000 0.017005
0.000000 0.017998
0.000000 0.016343
0.000000 0.038442
0.000000 0.017034
0.000000 0.017059
0.000000 0.015193
0.000000 0.018351
0.000000 0.017062
0.000000 0.040122
0.000000 0.044948
0.000000 0.025209
0.000000 0.027320
0.000000 0.056641
0.000000 0.070624
0.000000 0.025165
0.000000 0.039484
0.000000 0.044303
0.000000 0.093118
0.000000 0.014014
0.000000 0.023084
0.000000 0.033907
0.000000 0.025583
0.000000 0.030267
0.000000 0.019987
0.000000 0.039214
0.000000 0.012726
0.000000 0.017465
0.000000 0.078094
0.000000 0.019089
0.000000 0.040374
0.000000 0.030458
0.000000 0.018982
0.000000 0.030367
0.000000 0.021724
0.000000 0.024806
0.000000 0.022052
0.000000 0.025797
0.000000 0.030732
0.000000 0.039078
0.000000 0.017122
0.000000 0.029505
0.000000 0.017980
0.000000 0.016896
0.000000 0.025455
0.000000 0.021074
0.000000 0.022032
0.000000 0.017670
0.000000 0.030243
0.000000 0.031927
0.000000 0.046519
0.000000 0.030402
0.000000 0.027036
0.000000 0.030699
0.000000 0.033014
0.000000 0.020875
0.000000 0.018588
0.000000 0.041751
0.000000 0.034250
0.000000 0.033976
0.000000 0.062762
0.000000 0.021075
0.000000 0.141009
0.000000 0.017421
0.000000 0.032720
0.000000 0.089183
0.000000 0.018450
0.000000 0.035874
0.000000 0.028273
0.000000 0.016757
0.000000 0.056950
0.000000 0.037227
0.000000 0.029427
0.000000 0.027732
0.000000 0.032691
0.000000 0.031157
0.000000 0.035007
0.000000 0.027093
0.000000 0.021899
0.000000 0.033916
0.000000 0.026426
0.000000 0.040910
0.000000 0.035670
0.000000 0.022151
0.000000 0.025598
0.000000 0.018059
0.000000 0.022094
0.000000 0.042311
0.000000 0.022862
0.000000 0.033068
0.000000 0.039778
0.000000 0.021800
0.000000 0.022474
0.000000 0.020642
0.000000 0.033671
0.000000 0.032096
0.000000 0.035832
0.000000 0.022196
0.000000 0.048969
0.000000 0.024330
0.000000 0.039907
0.000000 0.043159
0.000000 0.029119
0.000000 0.045200
0.000000 0.024371
0.000000 0.024076
0.000000 0.026035
0.000000 0.029657
0.000000 0.032653
0.000000 0.027327
0.000000 0.035175
0.000000 0.025660
0.000000 0.030472
