-43.5947  147.318
-43.1496  147.318
-42.7044  147.318
-42.2592  147.318
-43.3722  147.799
 -42.927  147.799
-42.4818  147.799
-42.0367  147.799
-41.5915  147.799
-41.1463  147.799
-43.1496   148.28
-42.7044   148.28
-42.2592   148.28
-41.8141   148.28
-41.3689   148.28
-40.9237   148.28
-40.4786   148.28
-40.0334   148.28
-39.5882   148.28
-42.4818  148.761
-42.0367  148.761
-41.5915  148.761
-41.1463  148.761
-40.7011  148.761
 -40.256  148.761
-39.8108  148.761
-39.3656  148.761
-38.9205  148.761
-38.4753  148.761
-38.0301  148.761
-40.9237  149.242
-40.4786  149.242
-40.0334  149.242
-39.5882  149.242
-39.1431  149.242
-38.6979  149.242
-38.2527  149.242
-37.8076  149.242
-37.3624  149.242
-39.3656  149.723
-38.9205  149.723
-38.4753  149.723
-38.0301  149.723
 -37.585  149.723
-37.1398  149.723
-36.6946  149.723
-36.2495  149.723
-38.2527  150.204
-37.8076  150.204
-37.3624  150.204
-36.9172  150.204
 -36.472  150.204
-36.0269  150.204
-35.5817  150.204
-36.6946  150.685
-36.2495  150.685
-35.8043  150.685
-35.3591  150.685
 -34.914  150.685
-34.4688  150.685
-35.1365  151.166
-34.6914  151.166
-34.2462  151.166
 -33.801  151.166
-34.0236  151.647
-33.5785  151.647
-33.1333  151.647
-32.6881  151.647
-32.9107  152.128
-32.4655  152.128
-32.0204  152.128
-32.2429  152.609
-31.7978  152.609
-31.3526  152.609
-30.9074  152.609
-31.5752   153.09
  -31.13   153.09
-30.6849   153.09
-30.2397   153.09
