1.855441 3.698858 3.800089 4.717747 4.838717 4.965074 5.632646 7.264660 7.436905 8.720972
3.698858 1.611244 1.744106 2.661764 2.782734 2.909091 3.576662 5.208676 5.380922 6.664988
3.800089 1.744106 1.628705 2.569876 2.690846 2.817203 3.484774 5.116788 5.289034 6.573100
4.717747 2.661764 2.569876 2.291198 2.412168 2.538525 3.206096 4.838110 5.010356 6.294422
4.838717 2.782734 2.690846 2.412168 2.201989 2.397691 3.065263 4.697277 4.869522 6.153589
4.965074 2.909091 2.817203 2.538525 2.397691 2.196785 2.864356 4.496370 4.668616 5.952682
5.632646 3.576662 3.484774 3.206096 3.065263 2.864356 1.633270 3.444848 3.617093 4.901160
7.264660 5.208676 5.116788 4.838110 4.697277 4.496370 3.444848 2.483427 3.058802 4.343921
7.436905 5.380922 5.289034 5.010356 4.869522 4.668616 3.617093 3.058802 1.699002 3.084183
8.720972 6.664988 6.573100 6.294422 6.153589 5.952682 4.901160 4.343921 3.084183 2.459662
