-43.6665  147.158
 -43.365  147.158
-43.0634  147.158
-42.7618  147.158
-42.4603  147.158
-43.5158  147.478
-43.2142  147.478
-42.9126  147.478
-42.6111  147.478
-42.3095  147.478
-42.0079  147.478
-41.7064  147.478
-43.6665  147.799
 -43.365  147.799
-43.0634  147.799
-42.7618  147.799
-42.4603  147.799
-42.1587  147.799
-41.8571  147.799
-41.5556  147.799
 -41.254  147.799
-40.9525  147.799
-43.5158   148.12
-43.2142   148.12
-42.9126   148.12
-42.6111   148.12
-42.3095   148.12
-42.0079   148.12
-41.7064   148.12
-41.4048   148.12
-41.1032   148.12
-40.8017   148.12
-40.5001   148.12
-40.1985   148.12
 -39.897   148.12
 -43.365   148.44
-43.0634   148.44
-42.7618   148.44
-42.4603   148.44
-42.1587   148.44
-41.8571   148.44
-41.5556   148.44
 -41.254   148.44
-40.9525   148.44
-40.6509   148.44
-40.3493   148.44
-40.0478   148.44
-39.7462   148.44
-39.4446   148.44
-39.1431   148.44
-38.8415   148.44
-42.6111  148.761
-42.3095  148.761
-42.0079  148.761
-41.7064  148.761
-41.4048  148.761
-41.1032  148.761
-40.8017  148.761
-40.5001  148.761
-40.1985  148.761
 -39.897  148.761
-39.5954  148.761
-39.2938  148.761
-38.9923  148.761
-38.6907  148.761
-38.3891  148.761
-38.0876  148.761
-41.5556  149.082
 -41.254  149.082
-40.9525  149.082
-40.6509  149.082
-40.3493  149.082
-40.0478  149.082
-39.7462  149.082
-39.4446  149.082
-39.1431  149.082
-38.8415  149.082
-38.5399  149.082
-38.2384  149.082
-37.9368  149.082
-37.6352  149.082
-37.3337  149.082
-40.5001  149.402
-40.1985  149.402
 -39.897  149.402
-39.5954  149.402
-39.2938  149.402
-38.9923  149.402
-38.6907  149.402
-38.3891  149.402
-38.0876  149.402
 -37.786  149.402
-37.4844  149.402
-37.1829  149.402
-36.8813  149.402
-39.4446  149.723
-39.1431  149.723
-38.8415  149.723
-38.5399  149.723
-38.2384  149.723
-37.9368  149.723
-37.6352  149.723
-37.3337  149.723
-37.0321  149.723
-36.7305  149.723
 -36.429  149.723
-36.1274  149.723
-38.6907  150.044
-38.3891  150.044
-38.0876  150.044
 -37.786  150.044
-37.4844  150.044
-37.1829  150.044
-36.8813  150.044
-36.5797  150.044
-36.2782  150.044
-35.9766  150.044
-35.6751  150.044
-37.9368  150.364
-37.6352  150.364
-37.3337  150.364
-37.0321  150.364
-36.7305  150.364
 -36.429  150.364
-36.1274  150.364
-35.8258  150.364
-35.5243  150.364
-35.2227  150.364
-34.9211  150.364
-36.8813  150.685
-36.5797  150.685
-36.2782  150.685
-35.9766  150.685
-35.6751  150.685
-35.3735  150.685
-35.0719  150.685
-34.7704  150.685
-34.4688  150.685
-35.8258  151.005
-35.5243  151.005
-35.2227  151.005
-34.9211  151.005
-34.6196  151.005
 -34.318  151.005
-34.0164  151.005
-34.7704  151.326
-34.4688  151.326
-34.1672  151.326
-33.8657  151.326
-33.5641  151.326
-33.2625  151.326
-34.0164  151.647
-33.7149  151.647
-33.4133  151.647
-33.1117  151.647
-32.8102  151.647
-33.2625  151.967
 -32.961  151.967
-32.6594  151.967
-32.3578  151.967
-32.0563  151.967
-32.8102  152.288
-32.5086  152.288
 -32.207  152.288
-31.9055  152.288
-31.6039  152.288
-31.3023  152.288
-32.3578  152.609
-32.0563  152.609
-31.7547  152.609
-31.4531  152.609
-31.1516  152.609
  -30.85  152.609
-30.5484  152.609
-31.6039  152.929
-31.3023  152.929
-31.0008  152.929
-30.6992  152.929
-30.3977  152.929
-30.0961  152.929
-31.1516   153.25
  -30.85   153.25
-30.5484   153.25
-30.2469   153.25
-29.9453   153.25
