  1   6
  1   2
  2   6
  2   7
  2   3
  3   7
  3   8
  3   4
  4   8
  4   9
  4   5
  5   9
  5  10
  6  13
  6  14
  6   7
  7  14
  7  15
  7   8
  8  15
  8  16
  8   9
  9  16
  9  17
  9  10
 10  17
 10  18
 10  11
 11  18
 11  19
 11  12
 12  19
 12  20
 13  23
 13  14
 14  23
 14  24
 14  15
 15  24
 15  25
 15  16
 16  25
 16  26
 16  17
 17  26
 17  27
 17  18
 18  27
 18  28
 18  19
 19  28
 19  29
 19  20
 20  29
 20  30
 20  21
 21  30
 21  31
 21  22
 22  31
 22  32
 23  36
 23  24
 24  36
 24  37
 24  25
 25  37
 25  38
 25  26
 26  38
 26  39
 26  27
 27  39
 27  40
 27  28
 28  40
 28  41
 28  29
 29  41
 29  42
 29  30
 30  42
 30  43
 30  31
 31  43
 31  44
 31  32
 32  44
 32  45
 32  33
 33  45
 33  46
 33  34
 34  46
 34  47
 34  35
 35  47
 35  48
 36  37
 37  38
 38  52
 38  39
 39  52
 39  53
 39  40
 40  53
 40  54
 40  41
 41  54
 41  55
 41  42
 42  55
 42  56
 42  43
 43  56
 43  57
 43  44
 44  57
 44  58
 44  45
 45  58
 45  59
 45  46
 46  59
 46  60
 46  47
 47  60
 47  61
 47  48
 48  61
 48  62
 48  49
 49  62
 49  63
 49  50
 50  63
 50  64
 50  51
 51  64
 51  65
 52  53
 53  54
 54  55
 55  68
 55  56
 56  68
 56  69
 56  57
 57  69
 57  70
 57  58
 58  70
 58  71
 58  59
 59  71
 59  72
 59  60
 60  72
 60  73
 60  61
 61  73
 61  74
 61  62
 62  74
 62  75
 62  63
 63  75
 63  76
 63  64
 64  76
 64  77
 64  65
 65  77
 65  78
 65  66
 66  78
 66  79
 66  67
 67  79
 67  80
 68  69
 69  70
 70  71
 71  83
 71  72
 72  83
 72  84
 72  73
 73  84
 73  85
 73  74
 74  85
 74  86
 74  75
 75  86
 75  87
 75  76
 76  87
 76  88
 76  77
 77  88
 77  89
 77  78
 78  89
 78  90
 78  79
 79  90
 79  91
 79  80
 80  91
 80  92
 80  81
 81  92
 81  93
 81  82
 82  93
 82  94
 83  84
 84  85
 85  86
 86  96
 86  87
 87  96
 87  97
 87  88
 88  97
 88  98
 88  89
 89  98
 89  99
 89  90
 90  99
 90 100
 90  91
 91 100
 91 101
 91  92
 92 101
 92 102
 92  93
 93 102
 93 103
 93  94
 94 103
 94 104
 94  95
 95 104
 95 105
 96  97
 97  98
 98 108
 98  99
 99 108
 99 109
 99 100
100 109
100 110
100 101
101 110
101 111
101 102
102 111
102 112
102 103
103 112
103 113
103 104
104 113
104 114
104 105
105 114
105 115
105 106
106 115
106 116
106 107
107 116
107 117
108 109
109 110
110 119
110 111
111 119
111 120
111 112
112 120
112 121
112 113
113 121
113 122
113 114
114 122
114 123
114 115
115 123
115 124
115 116
116 124
116 125
116 117
117 125
117 126
117 118
118 126
118 127
119 120
120 121
121 122
122 130
122 123
123 130
123 131
123 124
124 131
124 132
124 125
125 132
125 133
125 126
126 133
126 134
126 127
127 134
127 135
127 128
128 135
128 136
128 129
129 136
129 137
130 131
131 132
132 133
133 139
133 134
134 139
134 140
134 135
135 140
135 141
135 136
136 141
136 142
136 137
137 142
137 143
137 138
138 143
138 144
139 140
140 141
141 142
142 146
142 143
143 146
143 147
143 144
144 147
144 148
144 145
145 148
145 149
146 147
147 148
148 152
148 149
149 152
149 153
149 150
150 153
150 154
150 151
151 154
151 155
152 153
153 154
154 157
154 155
155 157
155 158
155 156
156 158
156 159
157 158
158 162
158 159
159 162
159 163
159 160
160 163
160 164
160 161
161 164
161 165
162 163
163 168
163 164
164 168
164 169
164 165
165 169
165 170
165 166
166 170
166 171
166 167
167 171
167 172
168 169
169 170
170 175
170 171
171 175
171 176
171 172
172 176
172 177
172 173
173 177
173 178
173 174
174 178
174 179
175 176
176 181
176 177
177 181
177 182
177 178
178 182
178 183
178 179
179 183
179 184
179 180
180 184
180 185
181 182
182 183
183 184
184 185
