0.000000 0.029268
0.000000 0.022491
0.000000 0.019239
0.000000 0.020349
0.000000 0.015308
0.000000 0.063467
0.000000 0.015150
0.000000 0.036559
0.000000 0.023125
0.000000 0.019681
0.000000 0.014339
0.000000 0.042539
0.000000 0.020910
0.000000 0.028690
0.000000 0.022964
0.000000 0.023262
0.000000 0.032050
0.000000 0.031964
0.000000 0.018631
0.000000 0.042012
0.000000 0.027765
0.000000 0.023201
0.000000 0.058402
0.000000 0.029441
0.000000 0.050739
0.000000 0.032994
0.000000 0.049236
0.000000 0.042227
0.000000 0.021929
0.000000 0.021033
0.000000 0.036733
0.000000 0.017368
0.000000 0.026353
0.000000 0.043061
0.000000 0.017731
0.000000 0.032598
0.000000 0.053935
0.000000 0.058400
0.000000 0.019772
0.000000 0.030449
0.000000 0.029678
0.000000 0.020080
0.000000 0.023338
0.000000 0.027544
0.000000 0.020946
0.000000 0.022578
0.000000 0.019976
0.000000 0.022439
0.000000 0.030847
0.000000 0.034525
0.000000 0.018614
0.000000 0.020564
0.000000 0.023785
0.000000 0.034207
0.000000 0.026364
0.000000 0.043424
0.000000 0.042900
0.000000 0.032574
0.000000 0.062589
0.000000 0.036000
0.000000 0.029744
0.000000 0.018209
0.000000 0.032576
0.000000 0.032188
0.000000 0.019136
0.000000 0.014472
0.000000 0.073497
0.000000 0.027564
0.000000 0.027195
0.000000 0.018370
0.000000 0.027284
0.000000 0.027844
0.000000 0.026834
0.000000 0.018215
0.000000 0.032619
0.000000 0.027282
0.000000 0.040056
0.000000 0.014985
0.000000 0.014985
0.000000 0.028765
0.000000 0.024182
0.000000 0.018462
0.000000 0.028459
0.000000 0.021164
0.000000 0.023064
0.000000 0.025126
0.000000 0.068332
0.000000 0.042418
0.000000 0.015799
0.000000 0.025005
0.000000 0.022418
0.000000 0.066169
0.000000 0.031874
0.000000 0.020102
0.000000 0.026678
0.000000 0.035630
0.000000 0.018885
0.000000 0.031211
0.000000 0.030545
0.000000 0.034842
0.000000 0.038328
0.000000 0.020665
0.000000 0.029092
0.000000 0.022812
0.000000 0.018258
0.000000 0.022393
0.000000 0.022815
0.000000 0.046682
0.000000 0.027311
0.000000 0.026167
0.000000 0.016363
0.000000 0.020486
0.000000 0.015321
0.000000 0.040866
0.000000 0.016898
0.000000 0.021727
0.000000 0.015428
0.000000 0.022142
0.000000 0.043461
0.000000 0.036091
0.000000 0.023950
0.000000 0.032304
0.000000 0.019454
0.000000 0.020149
0.000000 0.017301
0.000000 0.025251
0.000000 0.017034
0.000000 0.043462
0.000000 0.044252
0.000000 0.020241
0.000000 0.023617
0.000000 0.047440
0.000000 0.020149
0.000000 0.020183
0.000000 0.046857
0.000000 0.025235
0.000000 0.025377
0.000000 0.057703
0.000000 0.048255
0.000000 0.026874
0.000000 0.030896
0.000000 0.035146
0.000000 0.041877
0.000000 0.048700
0.000000 0.025542
0.000000 0.032298
0.000000 0.043753
0.000000 0.046587
0.000000 0.027163
0.000000 0.021956
0.000000 0.023561
0.000000 0.023869
0.000000 0.049408
0.000000 0.023178
0.000000 0.023244
0.000000 0.050449
0.000000 0.037863
0.000000 0.025087
0.000000 0.027305
0.000000 0.069959
0.000000 0.020622
0.000000 0.029993
0.000000 0.035595
0.000000 0.044818
0.000000 0.024527
0.000000 0.024227
0.000000 0.041668
0.000000 0.014835
0.000000 0.020870
0.000000 0.037039
0.000000 0.025115
0.000000 0.021472
0.000000 0.042426
0.000000 0.023128
0.000000 0.041221
0.000000 0.029164
0.000000 0.027575
0.000000 0.026115
0.000000 0.048393
0.000000 0.024394
0.000000 0.055223
0.000000 0.047371
0.000000 0.027211
0.000000 0.024901
0.000000 0.054960
0.000000 0.022343
0.000000 0.019249
0.000000 0.066072
0.000000 0.033612
0.000000 0.022222
0.000000 0.074352
0.000000 0.023454
0.000000 0.033592
0.000000 0.055544
0.000000 0.029735
0.000000 0.035186
0.000000 0.028070
0.000000 0.018576
0.000000 0.019391
0.000000 0.026817
0.000000 0.022640
0.000000 0.035637
0.000000 0.044268
0.000000 0.035348
0.000000 0.023729
0.000000 0.018862
0.000000 0.023665
0.000000 0.046503
0.000000 0.019617
0.000000 0.032023
0.000000 0.035274
0.000000 0.014462
0.000000 0.046393
0.000000 0.037319
0.000000 0.038441
0.000000 0.033914
0.000000 0.040717
0.000000 0.038846
0.000000 0.017258
0.000000 0.024057
0.000000 0.019209
0.000000 0.052832
0.000000 0.035724
0.000000 0.042102
0.000000 0.018072
0.000000 0.056146
0.000000 0.031901
0.000000 0.021559
0.000000 0.021809
0.000000 0.048113
0.000000 0.014070
0.000000 0.026739
0.000000 0.030034
0.000000 0.017665
0.000000 0.023962
0.000000 0.052784
0.000000 0.022852
0.000000 0.028837
0.000000 0.020449
0.000000 0.025555
0.000000 0.039399
0.000000 0.098727
0.000000 0.047144
0.000000 0.013872
0.000000 0.022737
0.000000 0.038353
0.000000 0.012930
0.000000 0.024173
0.000000 0.012169
0.000000 0.100123
0.000000 0.033481
0.000000 0.013652
0.000000 0.019327
0.000000 0.052799
0.000000 0.030555
0.000000 0.046560
0.000000 0.035200
0.000000 0.020048
0.000000 0.033648
0.000000 0.019381
0.000000 0.031227
0.000000 0.023064
0.000000 0.019589
0.000000 0.044419
0.000000 0.038988
0.000000 0.086884
0.000000 0.028984
0.000000 0.043630
0.000000 0.024365
0.000000 0.054590
0.000000 0.046587
0.000000 0.026633
0.000000 0.016242
0.000000 0.021990
0.000000 0.013623
0.000000 0.036021
0.000000 0.027214
0.000000 0.060621
0.000000 0.028194
0.000000 0.023988
0.000000 0.123715
0.000000 0.079757
0.000000 0.023669
0.000000 0.014395
0.000000 0.031047
0.000000 0.053744
0.000000 0.088408
0.000000 0.028880
0.000000 0.018459
0.000000 0.025338
0.000000 0.035731
0.000000 0.015303
0.000000 0.020581
0.000000 0.023172
0.000000 0.021512
0.000000 0.020137
0.000000 0.019130
0.000000 0.027895
0.000000 0.021201
0.000000 0.017936
0.000000 0.016929
0.000000 0.014482
0.000000 0.019231
0.000000 0.033342
0.000000 0.052735
0.000000 0.024355
0.000000 0.035796
0.000000 0.026779
0.000000 0.043440
0.000000 0.032290
0.000000 0.044328
0.000000 0.023775
0.000000 0.021847
0.000000 0.019731
0.000000 0.039924
0.000000 0.130983
0.000000 0.037458
0.000000 0.024351
0.000000 0.029563
0.000000 0.013331
0.000000 0.027397
0.000000 0.018181
0.000000 0.022809
0.000000 0.024966
0.000000 0.025043
0.000000 0.020438
0.000000 0.026897
0.000000 0.012130
0.000000 0.033151
0.000000 0.028778
0.000000 0.024415
0.000000 0.019052
0.000000 0.022136
0.000000 0.036073
0.000000 0.060639
0.000000 0.025373
0.000000 0.048096
0.000000 0.031974
0.000000 0.028807
0.000000 0.018483
0.000000 0.019627
0.000000 0.053107
0.000000 0.023819
0.000000 0.024247
0.000000 0.059861
0.000000 0.027196
0.000000 0.013936
0.000000 0.027322
0.000000 0.034108
0.000000 0.022249
0.000000 0.027053
0.000000 0.042813
0.000000 0.028623
0.000000 0.015922
0.000000 0.018657
0.000000 0.027230
0.000000 0.018072
0.000000 0.078730
0.000000 0.014637
0.000000 0.032236
0.000000 0.030970
0.000000 0.033569
0.000000 0.060796
0.000000 0.037281
0.000000 0.036184
0.000000 0.061580
0.000000 0.061287
0.000000 0.027372
0.000000 0.045557
0.000000 0.029811
0.000000 0.029853
0.000000 0.021189
0.000000 0.033594
0.000000 0.023713
0.000000 0.031398
0.000000 0.022698
0.000000 0.019149
0.000000 0.037904
0.000000 0.034283
0.000000 0.022951
0.000000 0.042397
0.000000 0.053063
0.000000 0.012428
0.000000 0.015206
0.000000 0.048124
0.000000 0.028513
0.000000 0.054445
0.000000 0.037480
0.000000 0.021318
0.000000 0.020875
0.000000 0.014554
0.000000 0.012731
0.000000 0.032706
0.000000 0.066313
0.000000 0.017911
0.000000 0.017613
0.000000 0.014444
0.000000 0.026260
0.000000 0.009860
0.000000 0.033363
