 0.368428  0.989272
 0.273686  0.489219
 0.103353  0.717789
 0.216126  0.573718
 1.204146  1.158061
 0.312497  0.302782
 0.815022  0.650004
 0.754183  0.499200
 0.435099  0.755554
 0.726815  0.792418
 0.156699  0.648155
 0.683039  0.960242
 0.626091  0.638599
 1.251593  1.470771
 1.354221  1.871031
 1.219085  1.044602
 1.371627  0.829020
 0.658208  0.867126
 0.261033  0.511940
 0.429624  0.862302
 0.658948  1.606799
 0.238323  0.792359
 0.783440  0.402741
 0.732097  0.694497
 1.041071  0.508865
 0.751462  0.777881
 0.381328  0.366861
 0.947954  0.525182
 0.389103  0.795758
 0.412949  0.654922
 0.807007  0.497583
 0.250770  0.942168
 0.696668  0.678534
 0.672243  1.061900
 0.943532  1.927080
 0.846615  0.692083
 0.832058  1.555571
 0.389938  0.731750
 1.383488  1.525842
 0.041846  1.571372
 0.674260  0.583465
 0.600548  0.783670
 1.083469  1.108532
 0.836731  0.835677
 0.662590  0.621650
 0.692794  0.914600
 1.294716  1.156118
 0.558953  1.027505
 0.587216  0.667497
 0.595207  0.654337
 0.840226  0.643251
 0.325727  0.524266
 0.632076  0.719431
 0.903075  1.330768
 0.498048  0.757298
 0.812126  0.717834
 0.755060  1.219682
-0.049012  0.560823
 0.441437  0.580504
 0.654461  1.251782
 0.324295  0.980139
 0.574229  0.486045
 0.595906  0.568131
 0.613617  0.732118
 1.308108  3.866012
 0.557272  0.711831
 0.834204  0.966816
 1.449642  2.524370
 0.861930  0.783125
 1.031301  1.249792
 0.694229  0.456231
 0.684484  0.449400
 0.318364  0.808236
 0.778295  0.877609
 0.500341  0.516594
 0.461074  0.725340
 0.908664  1.216086
 0.491011  0.690223
 1.315254  1.568182
 1.072100  1.306945
 1.031128  0.704874
 0.566011  0.262684
 0.728185  0.925413
 0.930820  1.168769
 0.162745  0.509621
 0.698335  0.787950
 0.512664  1.309885
 0.644928  1.032288
 0.880928  0.481136
 0.692810  0.752199
 0.347711  0.526539
 1.017413  0.651184
 1.454618  1.261846
 0.843641  0.880670
 0.618607  0.552181
 0.578158  0.547076
 0.731317  1.187072
 0.591530  0.892001
 0.883073  0.607499
 0.275978  1.621703
 0.505368  0.497898
 0.403820  1.113120
 1.166020  0.722697
 0.599693  0.698963
 0.986707  0.724260
 1.005911  1.008108
 0.500590  0.297921
 0.441440  0.394030
 0.840696  1.971461
 0.911725  1.169250
 0.391726  0.948276
 0.728379  1.189179
 1.078256  1.059514
 0.839331  0.656001
 0.202739  1.135262
 1.128490  1.206949
 0.834809  0.593554
 0.317753  0.328939
 0.666234  1.601011
 0.830319  0.891100
 0.859377  0.337177
 0.614740  0.419595
 0.992385  1.483801
 1.119389  1.594442
 1.429862  1.477827
 1.142581  0.578041
 0.891419  0.883892
 0.748743  1.203320
 0.287006  1.201744
 0.557370  0.999378
 0.741075  0.761408
 0.684217  0.950224
 0.217433  0.349725
 1.071360  0.564695
 0.836474  0.766644
 0.525619  0.981330
 0.649717  0.486331
 0.586617  0.523895
 0.675729  0.710807
 0.305560  1.386316
 0.214729  0.294229
 0.313484  0.476287
 1.032946  1.964543
 0.553513  1.197523
 1.086907  0.908698
 0.822841  0.944030
 1.063662  1.164857
 0.834645  0.812604
 0.492675  1.761252
 0.446705  0.611237
 1.028770  1.345869
 0.625687  0.687032
 0.680502  0.901182
 0.345516  0.513286
 0.919248  1.126069
 1.484837  1.298042
 0.089826  0.872297
 0.541031  1.043159
 0.585018  0.657982
 0.817350  0.449376
 0.451865  0.478278
 0.542032  0.534198
 0.464192  0.515794
 0.210723  0.156522
 0.923815  0.517603
 0.786085  1.979898
 0.685498  1.090198
 0.808621  0.722302
 0.849130  0.572380
 0.638177  0.487806
 0.857716  0.632109
 0.265829  0.665590
-0.026417  0.447969
 0.819510  1.140894
 0.816919  0.595072
 1.292756  1.583676
 0.417520  0.512865
 0.527214  0.854162
 0.740949  0.660375
 0.225528  1.053675
 0.341793  0.298096
 0.476999  0.580910
 0.922656  0.767235
 1.139828  1.767145
 0.571079  0.790353
 0.465827  0.288137
 1.001531  0.908931
 0.604057  0.999171
 0.882025  0.833798
 0.559576  1.163118
 0.329657  0.526024
 0.775671  0.938947
 0.840412  0.626815
 1.063695  0.775467
 0.334758  0.332393
 0.414875  1.276922
 0.648758  0.913030
 0.633378  0.450403
 0.318089  0.657446
 0.360383  0.744031
 0.521179  0.520506
 0.462459  1.116622
 0.281582  1.169949
 0.798622  0.849483
 0.288589  0.437606
 0.975168  1.119235
 0.379491  0.225545
 0.557946  0.490859
 0.157665  1.115336
 0.338569  0.377286
 0.357538  0.958743
 0.383132  1.257966
 0.806900  0.477689
 0.946531  0.819712
 0.682323  1.429389
 0.623543  0.864821
 0.293058  0.753502
 0.127572  1.393009
 0.220205  1.472954
 0.815705  1.952838
 1.179837  1.578186
 1.050287  0.977322
 0.827799  0.932892
 1.055656  1.444279
 0.590663  1.607702
 0.057982  1.121216
 1.034780  0.861195
 0.673593  0.751093
 0.835984  1.182343
 1.171305  0.583657
 0.645728  0.582064
 1.284491  0.577567
 0.811031  0.906062
 0.966006  1.378861
 0.330458  0.796908
 1.019710  0.622904
 0.510148  0.581448
 1.137657  2.502438
 0.446476  0.547913
 0.231877  0.447952
 0.219433  1.042189
 0.714588  1.293225
 0.918721  0.735977
 0.235640  0.582188
 0.991975  0.757288
 0.838004  1.452585
 1.007247  0.487041
 0.424626  0.299168
 0.921601  0.508307
 1.141167  1.801092
 0.422303  1.006987
 0.995909  0.341550
 0.657489  0.308523
 0.897674  1.789213
 0.739318  0.734028
 0.485272  1.219415
 0.567559  0.866717
 0.497503  1.015769
 0.333537  1.004546
 0.823083  0.679341
 0.448284  0.564007
 0.545503  0.604912
 0.880639  0.554892
 0.699306  0.610628
 0.304626  1.144771
 1.194924  1.617247
 0.892130  0.821304
 1.057520  0.990304
 0.324794  0.683999
 0.902180  0.726203
 0.284782  0.795486
 0.953007  0.819491
 0.346005  0.525400
 0.625356  0.683209
 0.724732  0.515415
 0.657396  0.701197
 1.084823  2.141621
 0.428892  0.799179
 0.777207  0.457252
 1.121062  1.122483
 0.780042  0.598793
 0.357150  0.492726
 0.736586  0.711188
 1.253305  1.255299
 0.426472  0.736711
 0.384326  0.440838
 0.869102  0.469283
 0.534466  0.607278
 0.370950  1.124806
 1.298155  0.671487
 0.586696  1.084122
 1.012277  1.090392
 0.964809  1.519959
 0.999120  0.931817
 0.332283  0.702020
 1.023071  1.250346
 0.683090  0.909417
 0.748706  0.453180
 0.820200  2.867711
 0.057207  0.689722
 0.778293  0.946048
 1.378805  1.603912
 0.262776  1.078741
 0.411589  1.437326
 1.476876  0.890362
 0.447452  0.480268
 0.400433  0.817587
 0.241104  1.132912
 1.643807  2.741341
 0.836146  0.646389
 0.333416  0.666256
 0.783210  0.374543
 0.604973  0.491793
 0.739953  1.716413
 0.909793  0.543149
 1.112719  0.398606
 0.835856  1.011381
 0.545659  0.946440
 0.848471  0.723763
 1.004086  0.935217
 0.369839  0.904538
 0.990264  0.755911
 1.063916  0.833493
 0.446621  0.523976
 0.495508  0.667470
 1.001659  1.458963
 1.005409  1.411136
 0.614853  1.231479
 0.599865  1.478728
 0.491690  1.172722
 0.917528  1.020264
 0.403112  0.637716
 0.483258  0.484406
 0.364872  0.592857
 0.232099  0.803803
 0.991644  0.945112
 0.438979  1.095210
 1.104498  1.396264
 0.220595  0.769038
 0.374828  0.455530
 0.917050  1.771740
 0.308827  1.084366
 0.401487  0.382652
 0.955255  1.230670
 0.446100  1.361061
 0.504484  0.973616
 0.288434  0.911633
 0.430843  0.737942
 0.285608  0.722337
 0.904961  1.700950
 1.246232  0.654338
 0.694502  0.584287
 0.720176  0.489388
 0.761156  0.841365
 0.199397  0.763518
 0.984568  1.449135
 0.480361  1.225823
 0.416413  0.689721
 0.432363  0.765574
 0.890501  1.180272
 0.362474  0.602292
 0.684221  0.899993
 0.741731  0.588786
 0.602636  0.868156
 0.028344  0.855716
 0.287976  1.106512
 0.812114  0.577735
 0.693281  0.953364
 0.770997  1.765195
 0.883838  0.526015
 0.176506  0.242753
 0.820583  0.293624
 0.660719  1.021124
 1.298782  1.443390
 0.843219  0.821526
 0.653770  0.685785
 1.220897  3.060397
 0.684151  0.882575
 0.869664  1.071303
 1.131708  0.518813
 0.318266  0.374020
 0.566028  0.430181
 0.897238  0.516640
 0.512160  0.499150
 0.797305  0.689721
 0.689426  0.521683
 0.404270  0.806999
 0.586897  1.332429
 0.378740  1.414510
 0.801834  1.302897
 0.829929  0.280372
 0.772492  1.100932
 0.589719  1.349468
 0.863695  1.584691
 1.474769  3.138751
 0.275408  0.317798
 0.607818  0.953867
 0.776223  0.716523
 0.772472  0.547245
 0.313732  0.704810
