1.256682 1.153918 0.812108 1.147135 0.956980 0.830456 0.810391 1.012695 0.803116 0.808865 0.858873 1.127656 0.932008 1.106813 0.842450 0.885534 1.033096 
1.256682 0.904597 0.884898 0.966648 0.812972 0.955617 0.836376 1.227856 0.821803 1.001862 0.854490 0.841530 1.241795 1.032104 0.848867 0.998870 1.163026 0.975459 0.950748 0.979130 0.970092 1.205048 0.875788 0.814336 0.865885 1.074491 1.039218 1.092087 0.993191 
1.256682 0.961011 0.809901 0.980137 1.257803 1.028115 0.894435 1.207970 0.814281 1.233821 1.160135 1.059528 1.159916 1.090667 0.854389 0.816193 1.227062 0.865696 0.794793 1.082669 1.179326 1.122998 0.949148 1.218862 0.903229 0.795188 0.871640 1.188735 0.979790 0.987102 0.874119 0.916516 1.181768 1.225027 1.010971 
1.256682 0.957172 0.861798 1.244053 1.200517 1.058834 0.890424 0.981550 1.202973 0.896935 1.040445 0.998675 0.937328 1.161155 1.032986 0.828540 0.800660 1.207068 1.205488 1.070817 1.236874 1.132738 0.946905 1.253372 0.891024 
0.925101 0.859317 0.797536 0.939318 1.047793 1.255314 0.884316 0.826781 0.973795 0.805821 0.999853 1.173774 1.024830 0.817448 1.250052 0.941259 0.886890 1.157842 1.032314 1.058167 1.017406 1.037286 0.882031 0.824807 1.002672 0.888216 1.149177 1.052826 0.878440 0.971100 0.966787 1.199255 1.002610 
1.033357 1.104446 0.797536 1.147003 0.952458 0.814852 0.893458 1.000622 0.871062 0.906688 1.240221 0.978859 1.034658 0.825883 0.846794 1.116676 1.212403 0.810147 1.142033 
0.913921 1.199261 0.899987 1.220409 1.169043 0.817717 1.078839 1.221448 1.218700 1.151742 1.240221 0.982450 1.143627 1.096254 0.934667 1.257128 1.139691 0.978907 0.807385 0.820791 1.222002 1.094159 1.015164 0.825490 0.835206 0.830945 1.078660 0.951979 1.117676 1.164585 0.971694 0.971395 1.185217 0.990895 1.128289 
0.826405 0.821672 1.256151 1.227727 0.812793 0.837025 1.125540 0.821395 1.134478 0.858934 0.947552 1.205360 0.992577 0.971234 0.888933 
0.886754 0.965080 1.104690 0.798203 0.814033 0.796537 1.210049 1.048783 1.256059 1.229072 0.839385 0.920750 1.246681 0.978209 0.818985 1.013115 0.890077 1.059531 
0.968406 1.229684 1.256059 1.164185 0.808469 0.802578 0.890141 0.976385 1.125670 0.811055 0.848344 1.247832 1.069899 1.073913 0.876069 1.170310 1.169896 1.152820 
1.246263 0.795586 1.256059 0.863790 1.044436 0.802578 1.027925 0.810996 1.116812 0.857388 1.155094 1.139589 1.112189 0.983558 0.811158 0.825734 1.170385 1.013077 0.861457 1.098542 
0.994132 0.836609 1.256474 1.107765 1.147278 1.203015 1.116229 1.111227 0.862318 0.825800 1.012526 0.804517 0.931812 0.799476 0.930970 0.934570 0.796090 1.232795 1.166882 0.926415 0.892775 
0.825877 0.815834 1.227466 0.816935 1.247208 0.943649 1.035709 1.059056 1.072989 1.062348 0.800247 1.053426 1.199925 1.171012 0.945288 0.826108 0.990288 0.923142 0.823193 1.101585 1.115074 1.258435 1.239914 0.904506 0.828912 1.227079 0.994718 0.885179 1.049335 0.847024 0.860560 0.930009 
1.096142 1.035386 1.131552 1.253964 1.249987 1.026332 1.256710 0.817781 1.044644 0.820891 1.068088 0.966369 0.960347 1.213181 1.096988 1.120132 0.837052 0.904976 0.915478 1.070314 0.909421 1.046754 0.799990 
1.131254 0.864002 0.852152 0.905774 1.249987 0.852098 1.129360 0.854746 0.880703 0.796144 1.050610 0.909577 1.077426 1.258122 1.111683 1.107179 1.204368 0.999078 1.122589 0.895127 
1.041049 1.212632 1.155585 0.807125 1.086298 0.796136 1.046324 1.194574 0.852118 0.796144 1.139544 1.210551 0.873656 1.253384 1.066939 1.062006 1.077251 0.999860 1.102125 1.043891 0.837625 0.838629 1.229056 1.158315 0.837049 1.141687 0.804018 1.099919 0.973942 
1.162878 0.986143 1.173133 1.222329 0.895720 0.837569 1.047303 0.810155 1.071995 0.818200 1.173053 0.913752 1.043324 0.904576 1.214571 1.064407 1.256821 1.250672 
1.185608 0.994403 1.213825 0.836809 0.803705 1.153620 0.861602 0.819724 1.256437 0.995882 1.203854 0.998570 0.888522 0.951137 0.956007 1.158358 1.233814 0.954821 1.161787 1.124050 0.968181 
0.959274 1.247110 1.052910 1.009365 0.798923 1.215231 1.249135 0.903549 1.217752 1.101844 0.859504 1.257130 0.832906 1.083093 0.881657 0.815387 0.807233 1.100165 1.141070 0.881849 1.138562 0.843458 0.960786 1.204670 1.082501 1.040141 0.935858 1.136121 1.112925 1.009294 0.877479 1.046263 
1.061457 0.999265 1.257627 1.129411 1.007323 0.794359 1.205887 0.820271 1.028419 0.796020 1.115946 1.054390 1.058095 1.241571 0.847277 0.824237 1.105097 1.224784 0.833185 
1.193669 1.253920 0.885202 1.212744 0.884685 0.810301 0.800407 1.043690 0.824137 1.007277 1.116188 1.046824 0.873746 1.112762 1.138441 0.807269 0.989062 0.855719 0.858759 0.836188 
1.049699 1.065475 0.796549 1.200269 0.883184 1.165694 0.813723 1.026581 0.978050 0.794994 0.934860 1.202258 0.821909 0.842432 0.876338 1.039150 1.037237 
0.980990 0.988349 1.078039 0.797474 1.038065 1.236063 0.956914 0.802349 0.931826 0.988797 1.210927 0.874296 1.157721 1.076333 1.109847 
1.248969 1.160803 1.013366 0.805388 1.007213 1.069748 0.795931 0.813647 1.238453 1.181713 0.822014 1.128227 1.128403 1.121859 0.805785 1.122097 1.198043 1.239921 0.864073 1.054290 1.069429 0.903793 1.199533 0.973097 1.123511 0.818810 0.801549 
1.100532 1.146641 0.809973 0.801308 1.158770 1.068885 0.805731 1.126936 1.057135 0.807884 1.215988 0.890978 1.224133 1.226444 0.936106 1.004589 0.812121 0.866549 1.250660 1.221729 
0.950655 1.089231 1.245938 1.040371 1.241256 1.099947 0.954000 0.827204 0.801347 1.126449 0.819155 1.035278 0.815317 0.900156 1.232824 0.812625 0.799452 1.147764 1.041957 1.171898 1.244246 0.968482 1.107071 0.842313 0.948581 
0.837857 1.251306 1.245938 0.794547 1.018187 1.232023 1.116850 1.214315 1.023325 1.010450 0.974968 0.811958 0.808000 1.220725 0.851815 0.951264 
0.816937 0.829688 1.228914 1.144572 1.097994 1.250384 0.826006 0.795389 0.843730 0.825773 0.867009 0.846262 1.070910 0.835784 
0.880331 0.808535 1.107619 0.879820 0.974386 1.248213 0.814430 0.833360 1.192602 0.813555 0.937395 0.954052 0.993702 1.194865 1.253182 1.006303 1.132450 1.236963 1.250342 0.919607 0.807672 0.833226 
1.160641 0.873453 0.861203 1.135190 0.973088 0.810476 1.085024 1.208935 1.026222 0.795103 0.823620 0.963819 0.971538 0.795743 1.256305 1.256064 0.918537 1.134702 1.134068 0.895339 1.094898 0.935567 1.217302 0.910562 0.908053 
0.904099 0.997632 0.970648 0.936294 1.142446 0.799815 0.795904 0.819112 0.841820 1.212151 0.853730 1.170134 1.197619 1.078685 0.897801 0.976003 0.879550 1.037741 1.232152 1.064775 1.184687 
1.213318 1.158099 1.161343 0.896092 0.873558 1.204972 0.990263 0.935983 1.146691 1.006654 0.952473 0.834641 1.105820 0.922151 1.221764 0.892078 1.044883 0.798573 0.995196 0.850789 0.911746 0.805316 1.254930 1.064427 0.916366 0.970714 0.842300 0.954171 1.218446 1.202296 0.904961 1.090819 1.087282 0.950922 0.927753 
0.972646 0.921757 1.192432 0.817697 0.991387 0.812995 0.796924 1.054257 0.951675 1.053302 0.966496 0.826519 1.197584 1.136950 1.255426 0.857214 0.859228 1.165699 0.811180 0.937569 0.872949 0.819160 
1.254827 1.133755 0.820938 1.250105 1.097256 0.856670 1.091279 0.804338 1.126956 0.817583 0.874311 1.145152 0.816780 
0.800669 0.803503 1.001609 1.250105 1.181447 1.087490 1.097470 1.094514 1.096799 1.232602 1.174786 1.256137 1.136343 0.888989 0.802961 0.872195 1.070836 0.883255 0.832186 0.797503 0.968198 0.930700 1.187106 0.876584 0.975781 0.828437 0.976346 1.225218 1.254836 0.808589 0.988875 0.944131 
0.857361 1.102241 0.966442 0.798069 0.929455 1.208708 0.808323 0.901319 1.246426 1.232602 0.893383 0.828975 0.992822 1.208574 1.248912 0.803463 0.927984 1.050309 0.810637 0.902844 1.029691 0.852044 0.857278 1.027069 0.927443 0.948619 
0.795675 0.894110 1.056474 1.024889 1.030593 0.831014 1.077231 1.056961 0.819729 1.074491 1.230821 1.070238 0.917467 1.242474 
0.802576 1.248201 0.852236 1.254276 0.890740 0.851637 0.898321 1.258212 0.834456 0.897446 0.919845 1.162793 0.952061 1.222253 1.162640 1.253726 0.969294 0.891113 1.227081 1.222149 0.862623 1.049336 1.093428 
0.802576 1.251921 1.093153 0.805016 1.192821 0.818900 0.920983 1.258212 0.877453 1.199475 1.176664 0.848853 0.841479 1.251009 1.096944 0.936917 0.895302 0.982055 1.064394 1.043054 1.129982 0.930373 0.931550 0.830490 1.049159 0.908242 1.024151 0.821426 1.149957 0.902883 1.077254 1.058082 0.846763 1.204809 0.866943 1.186468 0.973118 0.923666 
1.090435 0.798404 1.142922 0.853492 1.164274 1.064102 0.801946 1.258492 0.803670 1.224378 1.001330 0.892480 
1.203509 1.114756 1.137836 0.829931 1.212342 1.038372 0.806285 1.258492 0.957424 0.825534 1.022738 0.881538 0.992116 0.803498 0.991941 1.190269 0.976324 0.949677 1.023824 1.090540 1.035995 
0.815572 1.037532 0.819715 0.967210 0.830781 0.851819 1.213157 0.800094 0.938370 0.857520 1.071960 1.226842 0.963575 0.922607 0.827448 1.243732 0.950505 1.201903 0.837652 0.929323 1.155828 0.867581 1.001806 0.805590 0.920481 1.093939 0.888802 0.815175 
1.067010 0.812504 0.800122 1.237598 0.817377 0.863506 0.928030 0.981021 1.051251 1.129459 0.842383 1.240334 0.799622 1.135323 0.803416 1.158183 0.857532 1.006619 0.799302 1.149385 1.006647 0.847814 0.839831 1.238525 0.946631 0.864244 0.798183 0.954405 1.246234 
1.227418 0.796682 0.795689 0.816902 1.258600 1.121946 1.027537 1.028710 0.811098 0.814031 1.166622 1.243857 0.827540 1.066480 0.965999 0.885153 1.157317 1.192655 1.000226 0.886912 0.830654 0.974288 1.038416 
1.230878 0.832664 1.051264 1.067807 1.093837 1.241004 0.875616 1.250260 1.242918 1.198665 1.256533 1.244004 0.814857 0.795054 0.923154 1.011563 1.209387 0.812249 1.003308 1.197052 0.798349 0.891506 0.866274 
1.230878 1.172923 1.057801 0.974274 0.963060 1.000709 0.802168 0.849453 1.243464 0.982049 0.932486 0.875241 0.802285 0.812979 1.150271 0.901166 1.224439 1.075169 1.173685 1.135795 1.117645 1.088323 1.124422 1.147511 1.226643 1.161148 1.119572 0.805277 1.134441 0.950646 1.149222 1.220190 1.026118 1.093884 1.151222 1.071050 1.103051 1.035623 0.813340 
1.244688 0.926229 0.880495 1.187793 1.102490 0.980858 0.861498 1.134111 0.964193 1.095741 1.203410 0.994469 0.835895 0.832523 1.016436 1.079528 0.833643 0.795978 0.799373 0.799286 1.245617 0.815558 0.981244 1.251102 0.961715 1.131292 1.257477 0.963588 1.000380 1.155620 0.892360 1.181414 1.062875 
0.904184 0.795117 0.841339 0.922309 0.795349 1.043126 0.996071 1.156013 0.869024 0.817247 0.948489 1.246334 1.222098 1.139873 0.844033 1.243586 0.956525 0.962351 
1.192515 0.977229 0.950720 0.888104 1.162215 1.093544 0.813743 1.012514 1.175443 1.249165 1.236218 0.968085 0.803319 1.115941 
1.237485 1.043089 1.236419 0.825218 0.863220 0.979793 1.017237 1.245717 1.007515 1.115732 1.084288 1.141228 0.796865 1.186100 0.849172 1.074639 1.012706 0.796110 0.930094 1.126943 1.046629 1.176701 0.929828 1.217511 0.794961 0.837398 
1.023885 0.993140 0.868377 0.796390 1.112766 0.807935 1.231460 1.249633 0.803287 0.997489 0.869472 1.030754 1.232237 1.100460 1.237553 0.794961 0.865974 1.072928 1.182823 1.245096 0.872769 0.843004 1.072750 
0.814634 1.223419 1.154764 0.796390 0.847467 0.805765 1.178523 1.249633 0.811442 0.795830 0.942668 1.099502 1.169131 0.946456 0.980514 0.953210 1.187290 0.951837 1.094915 0.995630 
1.143001 1.237462 0.950608 0.807788 0.924211 0.932015 1.053089 1.181576 0.981523 1.053579 1.239708 0.848691 0.875343 0.943917 0.798732 0.870847 1.187336 1.233677 0.859540 1.151574 0.976565 1.010515 1.215979 0.817011 0.983075 0.852375 0.933991 
0.983981 1.235624 0.796212 0.804078 1.149127 0.995331 0.867953 1.180471 1.041187 0.852146 1.173718 0.909537 1.237353 0.859853 1.056400 1.017856 1.186414 1.126103 0.930422 0.969684 0.812610 0.858361 0.890173 0.795479 0.798089 1.026573 1.183897 
1.141834 0.953843 1.154078 0.818610 0.962121 1.018193 0.795479 0.943847 0.896816 0.853589 0.860609 1.096411 1.231860 1.221418 1.245162 1.148513 0.968321 0.958384 0.921344 0.840598 0.827147 1.122237 0.845612 1.237578 1.117707 1.150244 
0.886894 0.999643 1.155381 0.805666 0.857187 1.115792 0.795479 1.084390 0.827305 1.204514 0.931813 1.064920 1.244683 1.197536 
1.244683 1.098824 0.827192 0.816273 0.918731 1.184928 0.878002 0.805496 0.821146 1.198840 1.045310 1.139942 
1.053982 0.803720 1.066818 0.875815 0.815835 1.133976 1.195451 1.255475 0.949794 0.829767 0.822469 0.920526 1.212631 0.823768 1.147555 
1.249031 0.801163 1.239577 0.842467 0.942878 1.086456 0.868397 0.823959 1.244767 0.804650 1.006950 0.805964 0.906601 
1.106010 0.803094 1.190116 1.251613 0.858872 0.872344 1.242834 0.973154 1.250779 0.835360 0.961890 0.886009 1.119792 
1.125427 0.803094 0.953067 1.251613 1.025645 0.828291 0.937174 1.155535 0.992621 1.091986 0.930007 1.252796 1.024908 0.795624 0.986518 0.905931 1.004398 0.796872 1.229260 1.149686 0.896917 1.158669 1.147550 1.257723 
1.213936 0.804696 0.984467 1.251613 1.212656 1.101527 0.965893 0.839541 0.802661 1.069409 0.798264 0.809754 1.238562 0.882974 0.801187 0.917008 1.008943 0.986095 1.144957 1.063739 1.196338 1.126784 1.007834 0.956809 0.902952 
1.240643 1.183644 1.250178 0.833698 1.170987 1.082064 0.878975 0.892453 0.986117 1.217220 0.797157 0.857964 1.177259 0.823093 0.830696 0.947976 0.935136 1.221520 1.160550 1.031312 1.251566 0.915474 1.228770 
0.921614 1.067400 1.244855 0.840877 1.174287 0.869994 0.795627 0.883922 1.119018 1.044795 0.803926 0.816891 1.030581 0.807030 1.022192 1.235786 0.954447 0.872746 
0.906615 1.180811 1.225388 1.178985 0.846578 0.951330 0.795627 0.974069 0.800835 0.969316 1.234654 1.162435 0.877675 1.175004 0.939839 1.000366 0.994790 0.933341 1.191768 0.931438 1.053051 0.943767 1.220218 
1.241965 0.970349 0.834668 0.952405 0.893300 1.000653 1.136367 0.807373 1.198246 1.230288 1.234455 1.212431 1.141190 1.185437 0.873247 0.836283 1.058289 1.250914 1.044526 0.836793 0.979615 1.174145 0.985373 1.244593 1.139329 1.152970 1.072528 0.896270 0.833902 
1.245800 1.246933 0.799767 0.805782 0.810369 1.099094 0.796855 1.256768 0.985016 0.832789 1.107102 
1.245800 0.910408 0.799098 1.254213 0.939738 1.114324 1.060688 0.930106 1.068890 1.168441 0.796176 0.845654 0.934350 1.216256 1.190040 1.195535 0.869569 1.144455 1.046858 0.843657 0.893520 0.810707 
1.247553 0.936142 0.832169 1.055695 0.796176 1.023733 1.029959 0.959699 1.181761 1.252364 1.248035 0.857586 1.217983 0.795191 0.860956 0.937021 0.962058 1.230803 0.951453 1.170358 
1.067318 0.942327 0.947733 0.955404 0.796521 0.893751 1.200022 1.230252 0.896366 1.252364 1.126285 1.016902 1.068779 1.086509 1.089936 1.240992 0.857603 0.932883 0.897440 0.940002 0.825554 0.910235 1.003761 1.030391 1.170076 1.065298 0.897794 1.164837 0.992337 1.248440 1.143169 0.950550 0.883924 0.859434 0.930288 0.877005 
0.979551 1.236888 0.824476 1.198297 1.042247 1.201262 0.957563 0.800903 1.147837 0.835510 1.044178 0.968321 0.993964 1.232101 1.044562 0.818164 0.958035 0.913610 
1.036745 1.236888 0.960892 1.051192 1.130612 1.007488 1.144409 0.797549 0.881462 0.828435 0.806526 0.830077 0.953571 0.847170 1.026387 1.216661 1.061950 0.845097 0.850340 0.873810 0.808602 1.030116 1.232798 1.258906 1.089894 1.076711 
0.796640 1.255212 1.223545 1.106281 0.798426 1.216069 0.980441 0.810846 0.812121 0.933786 0.928537 1.254128 0.926559 1.054713 0.955042 0.844239 1.064116 0.886773 0.796823 0.821182 0.946703 1.128811 1.202848 0.996590 0.831220 0.948974 1.024482 1.027223 0.809336 1.236191 0.814036 1.252360 1.203942 1.041599 0.797111 0.815336 1.052333 1.046028 0.988691 1.003707 
0.913436 1.150701 1.258021 0.926948 0.991584 1.036972 1.097324 0.810846 1.237728 1.168152 0.799702 1.189721 1.206800 1.078989 0.862853 1.135582 1.158961 1.181897 1.007878 0.827982 1.249044 0.930337 0.976761 1.226418 0.881259 0.795751 0.999966 0.972701 1.004778 0.904620 0.992498 0.942996 1.132156 0.944743 1.056910 0.935953 
1.219273 0.826661 1.237063 1.256851 0.807295 1.237429 0.842302 1.043030 1.058723 1.029592 0.810805 0.849230 0.797445 1.084195 1.004266 1.057026 0.827454 
1.251221 0.921059 1.182787 0.903115 0.856160 1.015706 1.035052 0.903398 0.811833 0.803688 0.836626 1.043151 1.110529 1.131049 0.866054 0.812535 0.855240 0.910493 1.057624 1.082776 0.864329 0.919100 0.829857 1.069060 
1.186799 0.815359 0.855377 0.816370 0.863730 1.228591 1.257935 1.078612 0.878389 1.028307 0.838679 1.009357 
1.012263 0.854574 1.137752 0.939236 0.921832 1.228465 1.032946 0.884946 1.222506 1.182738 1.135630 0.831091 1.019400 0.922024 0.803720 1.067325 0.994481 1.247712 0.854152 0.800627 1.095851 0.934155 0.992203 0.886679 0.938420 0.800667 1.216990 0.839690 0.999879 1.041076 1.114489 0.903643 0.905823 0.932302 1.130078 
0.918497 1.143917 0.803720 1.127304 0.878220 1.238891 1.252510 1.171921 0.857870 0.831133 1.247712 1.144815 1.065657 0.917631 1.142875 1.138982 0.944401 1.139970 0.962438 1.154116 0.920949 0.822809 1.083930 1.170542 1.222118 0.859261 0.840176 0.993797 1.038781 0.982889 0.887541 0.905979 0.910429 1.068743 1.035563 1.240008 1.097859 1.037263 0.984404 1.027541 0.877037 0.880450 0.942874 
1.080048 1.240353 0.803720 0.985331 1.211040 0.847682 0.874738 1.219008 1.149966 0.825129 1.090300 0.988890 0.813180 0.840335 0.862674 0.943493 1.134212 0.900035 1.038385 1.037689 0.840152 
1.088847 0.919022 1.011291 0.840362 0.799412 1.052018 0.849267 0.907108 1.163114 1.231090 0.991967 1.162274 0.800740 0.969862 0.862675 0.981499 0.883154 0.798255 
0.992968 0.860147 1.225797 0.803114 0.798811 1.208466 0.810346 0.796686 1.115788 1.223081 0.986614 0.860573 1.074410 0.917162 1.038606 0.852563 0.810073 0.985090 0.886868 0.934642 1.222930 1.146904 1.228029 0.876350 1.221418 
1.133039 0.839240 1.225797 0.846596 0.826875 0.896303 1.061604 0.824208 1.067413 1.150745 0.988280 1.164731 1.241740 1.181161 1.181747 1.141714 0.828996 1.076249 1.223429 0.976576 1.129066 1.077020 1.136246 1.140307 0.953159 0.978508 0.833593 0.872706 0.834750 0.795714 
0.941392 1.193842 1.184001 0.933621 1.057706 1.148107 0.794891 1.252173 1.072753 1.049973 0.800871 0.811724 1.221144 1.109532 1.083078 0.846844 1.092583 1.027949 1.004765 1.155099 0.907528 0.834710 1.001972 1.083784 0.957600 0.836899 1.244640 0.820564 1.123201 1.162712 
1.038977 0.954014 0.889597 0.809454 1.211736 1.246561 0.886880 0.813325 0.968222 0.891366 0.827751 0.885557 0.822787 1.104881 1.014377 0.903618 1.216974 0.852835 0.948469 0.822844 1.202393 0.984378 0.929084 1.039890 1.159697 1.124501 0.967130 
0.909321 1.104105 0.936083 0.857380 0.841549 1.250001 0.835361 0.960195 1.164997 0.974119 1.056260 0.810394 1.014010 1.128902 0.908910 1.025193 1.247813 0.842645 
1.038144 0.914112 1.113757 0.797418 1.044054 1.250001 1.110258 0.964919 0.826798 1.155095 0.802649 1.256906 1.031722 0.829426 1.023739 1.161992 0.913037 0.890809 0.974843 0.918469 1.103356 
0.795629 1.103263 1.243757 1.181135 0.818751 0.794811 1.230294 1.235501 0.867057 1.193821 1.062847 0.887943 0.803740 0.964446 0.881924 0.887232 1.107569 0.937802 0.891177 0.820455 0.961113 
1.224374 1.239619 0.977573 0.876857 0.848025 0.863551 1.144259 1.216224 0.867121 1.184337 0.902341 0.866411 0.844778 1.144552 0.939858 1.210679 1.058697 0.809695 0.850376 1.216208 1.178986 0.880172 1.192559 1.244738 0.861964 1.185986 1.154595 0.968422 0.805618 1.096821 0.931526 0.994065 0.933666 1.045700 1.091695 0.915404 0.835516 1.068641 0.986195 1.069916 1.108186 0.828821 
1.200922 1.168274 0.884456 1.150357 0.857167 0.799899 1.211302 0.926615 0.849753 1.110905 1.141708 0.804479 0.800111 0.876672 1.091674 0.879757 1.203010 0.830047 0.975124 0.812282 1.099420 0.928135 0.870393 
1.068995 0.825602 1.022527 0.898014 0.801783 0.998507 1.132737 1.035889 0.839566 0.818600 1.133588 1.158590 0.906637 0.872626 1.004637 0.880253 1.236713 1.011371 0.795098 1.163927 1.131577 1.001539 1.238933 
0.937998 1.209816 0.815792 1.069929 0.988677 0.836035 0.821619 1.155323 1.244223 0.869358 0.987201 1.254178 1.251882 1.171789 0.984474 0.991884 
0.946318 1.051757 1.219360 1.236518 1.026873 1.185092 0.821619 1.140316 1.233172 0.837363 1.092960 0.970035 1.252164 1.068281 1.013279 0.905156 0.962780 1.226248 1.120895 0.819202 0.845097 0.902022 0.891280 1.048233 0.819881 0.885713 1.075206 
0.818052 0.872859 1.141963 1.236518 1.146561 1.013199 1.238290 1.055109 1.251090 0.968029 1.249682 0.977652 0.814646 0.989901 1.006655 0.851735 1.015876 1.088799 1.224720 
0.821324 1.177693 1.238050 1.251090 0.889216 0.848815 1.018110 0.975713 0.822634 0.834799 0.861834 1.111635 0.951406 0.835551 1.164146 1.150270 1.228345 
0.805775 0.990355 1.238050 1.251090 0.856406 1.214328 0.965530 0.797504 0.820094 0.809241 0.977119 0.980061 1.165081 0.836403 0.878974 1.123237 1.172326 0.824776 1.197324 1.125631 
0.795798 1.203024 1.134390 0.907538 0.800907 1.069533 0.936780 1.066915 1.146213 1.251900 0.866651 1.100710 0.916648 1.081133 0.794707 0.900966 0.923367 1.086218 0.999809 0.983631 0.890192 
1.228375 0.808035 1.152737 0.902563 1.041238 1.115452 0.983675 1.169073 0.961690 1.234048 1.219168 1.247273 1.077342 0.968396 1.104559 0.856073 0.899621 0.816189 1.190758 0.902639 0.806964 1.011655 1.187063 0.839281 0.798791 1.003623 
1.115423 1.228389 0.814829 0.809889 1.149295 1.232564 0.963390 0.949036 0.832663 1.023871 0.993275 0.901136 1.218864 1.189418 1.018350 1.110592 0.867876 0.947987 0.925439 1.241052 0.812454 
1.064104 1.246772 0.804511 1.247839 1.202196 0.876197 0.803193 0.890958 0.862691 1.147630 1.222132 0.853745 1.160617 0.893331 0.837932 1.188419 1.023685 0.928095 1.036784 
1.069526 0.854565 0.821723 1.247839 1.113973 1.068907 0.826939 0.822119 0.799473 1.002392 0.904211 0.885810 0.819571 0.974728 0.856376 1.247031 1.073985 0.959419 1.035780 0.803680 1.168768 
0.982318 0.905387 1.166202 1.247839 0.973227 1.048510 1.042704 0.926145 0.949272 0.827630 0.986652 0.798246 0.841922 0.944899 1.090888 0.811007 1.190038 1.221163 0.963520 0.992871 1.135356 0.944462 1.006773 1.020673 1.240555 1.132182 0.980013 0.972083 1.046164 0.911322 0.830542 1.172751 0.963095 0.816266 0.976395 
0.865411 1.176762 1.122006 1.229379 1.249232 0.895256 0.984851 1.131622 1.064437 0.800490 1.148603 0.798246 0.884958 0.895237 1.150116 0.925423 0.862812 0.815922 1.068701 1.049215 1.173337 0.977814 0.969958 
0.839188 0.980911 1.031755 1.243820 1.081439 0.820206 1.230021 1.109543 1.119281 1.092608 1.027129 0.798246 1.177520 1.043715 1.186543 1.039309 0.805235 1.148806 0.799558 0.929422 0.925509 1.204005 0.947803 0.996976 0.901321 0.915577 1.117288 1.039418 0.897459 0.954531 1.026156 1.245966 
1.093686 0.905168 1.039245 1.230200 0.967200 1.104189 1.125639 1.172677 0.817801 0.808895 1.111319 0.798246 0.935960 0.858483 0.911435 1.003700 0.828976 1.197017 1.245626 0.895849 1.072452 1.109205 0.938187 1.097407 0.920217 1.247071 1.123160 1.233303 0.929135 0.886577 0.805177 1.247420 
0.946731 0.800938 0.950395 1.231592 1.078158 0.845699 1.171098 0.822010 1.039913 0.876206 1.146340 1.197271 0.814638 1.077685 1.160209 0.938231 0.974709 0.878558 0.895675 
0.859838 0.800938 0.797775 1.231592 0.801387 0.958692 0.846570 1.036153 0.921470 0.881485 0.968920 1.187930 1.063414 0.801126 0.818786 1.252935 0.984045 1.142078 0.955314 0.833413 1.141429 0.956352 1.194724 1.036147 1.177189 
1.032189 0.811710 0.844113 1.231592 1.131368 0.795796 1.243224 1.070786 0.959601 0.924192 1.035273 0.992355 1.192445 
1.134675 0.840054 0.845617 1.231592 1.013506 0.800855 0.968349 0.894790 1.027023 1.169434 1.029806 0.945626 0.984217 1.130570 1.223461 0.805770 1.069486 0.888351 1.025270 0.837454 1.161591 0.798348 0.857447 
0.992783 1.058980 1.229145 1.131781 0.804431 0.855894 1.142621 1.103658 1.123932 0.809445 0.923775 1.250711 0.862034 0.840901 0.991222 1.165598 
0.947617 0.870557 1.023968 0.916761 1.235628 1.076328 1.221714 0.820216 0.827362 0.989314 1.256110 0.889162 0.897657 1.256042 1.017548 0.945730 0.992540 1.105022 0.937119 0.972531 1.230251 0.982964 1.159728 0.821031 1.236561 1.230650 0.825297 1.050393 1.087292 0.891242 0.894476 1.068955 0.848149 0.845223 
0.984544 1.141939 1.135006 1.185280 1.129422 0.817846 1.225151 1.038323 0.867836 0.802168 0.922416 1.033994 1.070062 1.256042 0.810341 1.125364 1.247649 1.054111 0.938302 1.218342 1.126958 1.118137 1.115683 1.025024 1.243434 0.900584 1.017931 1.112566 
0.984990 0.904548 1.257508 1.000573 1.255557 1.254166 1.066852 1.100205 0.843629 0.800296 0.913955 1.255510 0.982089 0.918612 0.845389 0.919176 0.802459 1.106168 1.049530 1.212769 1.143624 1.183287 0.951164 1.225356 1.051502 1.097509 1.016401 0.820013 1.054349 1.010135 
1.185663 1.236552 0.928482 1.052158 1.255557 1.254166 0.796486 1.032193 0.818732 0.830700 1.175442 0.917080 0.808188 0.944026 1.009769 
1.242089 0.844314 0.871244 1.159353 1.251934 1.210062 1.173477 0.923887 1.064031 0.873508 0.906211 0.993884 0.984498 1.146964 0.859322 1.224344 1.224611 0.795285 1.140761 0.997769 1.183682 0.799325 1.027776 1.182807 1.082713 0.800132 0.912621 1.097477 1.153732 0.839567 0.799848 0.896026 1.007509 0.998472 0.884921 0.838897 0.850538 
0.827710 1.107451 0.952939 0.940616 1.042588 0.914568 0.798657 0.978166 1.091551 0.851319 0.831070 0.984868 1.232899 0.850739 1.224628 1.181830 0.994422 0.951293 1.013158 1.094805 
0.796803 1.242363 1.184123 0.851499 0.883681 1.049956 1.022288 0.799821 0.842672 0.989502 1.223686 0.990998 1.232899 0.805580 0.951510 0.952824 1.171428 0.928699 0.892496 0.907099 0.978472 1.180068 1.026910 0.964409 1.141768 0.882746 1.046054 0.813968 0.978782 0.819254 0.988294 1.062238 0.858149 1.139229 1.080459 
1.164274 1.239501 0.795742 0.912885 1.007674 0.800393 1.093513 0.800820 1.235054 1.040493 1.222051 1.187187 1.088547 0.836259 1.142242 0.897076 0.996182 1.155384 0.891474 1.141837 1.065484 0.981977 0.928888 1.172918 0.975086 0.835262 1.191426 
1.245240 0.929847 0.801587 0.859672 1.250276 1.031597 1.064169 0.832592 0.862457 1.087259 1.047894 1.149320 1.157950 0.887268 1.157180 1.154110 1.208351 
0.908277 1.052017 0.829666 0.813869 1.254304 1.035995 0.947986 0.834257 1.126160 0.798715 1.250972 0.967149 1.224464 1.255197 0.968026 
1.081611 1.218736 1.189971 0.795844 1.255540 0.803401 0.846419 1.067928 1.039669 1.210118 0.940660 0.851179 1.257314 0.801652 
1.213486 0.950905 1.077308 0.801024 1.158101 1.208396 0.838452 1.007905 0.817029 1.030429 0.959737 1.024205 0.936764 1.024175 1.173789 0.907522 0.950446 1.118959 
1.103887 0.920350 1.163410 1.236545 1.090759 0.896123 1.189999 1.112020 1.231154 0.841481 0.871907 0.820007 0.884738 1.035288 0.975313 0.796292 0.811223 1.241721 0.969635 1.074618 0.972970 1.189225 0.832945 0.885461 0.901323 1.051953 0.990066 0.914879 0.857103 
0.803249 0.889774 0.805182 0.802336 1.195014 1.171408 1.197618 1.086570 0.798650 1.046720 1.104230 0.851794 1.220766 1.223067 1.156209 1.235609 1.250329 0.966101 1.168578 1.046334 0.958714 
0.803249 1.215929 0.829688 1.165817 1.198370 0.945917 0.909258 1.061034 0.832943 1.145824 1.013846 0.955821 0.955521 1.158329 1.125871 1.202564 1.137652 1.249420 1.031342 1.013098 0.893676 1.106753 1.144292 0.918698 1.026891 0.893339 1.022831 1.188203 1.013978 
1.041181 0.857578 0.802944 1.011028 1.250557 0.808281 1.034314 1.239400 0.817366 1.152697 0.867692 1.122230 0.896252 0.836613 0.884344 0.924127 0.889070 1.210054 1.074102 0.986070 1.059049 0.828486 
1.039896 0.847701 0.961607 1.127967 1.250557 0.889719 1.074363 1.239400 1.153799 1.158018 0.801242 0.797142 1.189549 1.253295 1.044171 1.188988 0.919511 0.951294 0.876105 1.123250 0.826371 1.044958 0.871364 0.951498 1.077417 
0.941991 0.835575 0.849400 0.905572 1.250557 1.004095 1.101177 0.794523 0.817139 1.060531 0.798532 1.016523 0.848294 1.239261 1.254767 1.229895 0.811698 1.016361 1.053213 1.093690 0.841217 0.885599 
0.926926 0.795353 0.893038 0.906649 1.250557 0.813345 1.063832 0.797270 1.107244 1.022069 0.854508 1.022579 0.797190 1.201790 1.054772 0.817389 1.047268 1.196120 1.022118 0.936335 
1.108145 0.795353 1.237236 0.881133 1.225653 0.838978 0.801810 1.008664 1.173530 0.882484 1.051569 0.838843 0.901887 0.803269 0.858236 1.208838 1.251532 0.890968 0.905118 0.970644 0.911401 0.961716 
1.026615 1.052273 0.847632 0.823659 0.796664 0.907409 0.832965 1.040965 1.092506 1.047358 1.213529 0.902728 0.841038 0.846906 1.082819 1.129171 1.147290 1.199273 1.022619 1.090461 1.035904 0.859117 0.935446 1.224239 0.939370 0.817836 0.964999 1.209328 
0.804445 0.922299 1.011790 0.994606 0.819072 1.146170 0.836666 1.249530 1.162144 0.895685 1.224536 0.917888 0.893020 1.078539 0.804884 0.923930 1.241734 1.133767 0.891995 1.135752 1.020134 0.902687 0.896921 0.851231 
1.256176 0.876396 0.860662 1.092643 0.801712 1.088685 1.221734 1.256438 1.092357 1.237011 1.010873 1.001046 1.154436 0.816677 
1.256176 1.141827 0.842262 1.154937 1.114378 1.110590 0.832885 0.799636 1.151389 1.041269 1.077617 1.186637 1.253683 0.812339 0.821130 1.120951 0.805434 1.021095 1.148023 1.125509 1.237565 0.920237 0.840635 1.163066 0.948341 0.960859 0.948653 0.819861 0.812355 0.943417 0.806689 0.805017 0.800080 0.804500 0.804124 0.932448 1.000827 0.821315 0.897149 0.837545 
1.245721 0.968445 0.795490 1.015202 0.800881 0.809809 0.995637 0.889495 1.110117 1.224441 0.902072 1.059687 0.901243 1.213183 1.036814 1.097102 
1.226118 0.943277 0.795490 1.077255 0.816903 0.805856 0.802555 0.851731 0.883764 1.078472 0.876187 0.921414 1.179151 0.868312 0.861831 1.239696 1.179416 0.814002 0.985247 0.898717 1.096023 
1.219636 0.927211 0.805687 0.903234 0.852352 0.836687 1.004752 1.206660 0.944953 1.202641 0.848779 0.841004 0.834713 1.164275 1.033715 0.930047 0.955547 0.938343 
1.244599 1.126869 0.817230 1.027205 0.808543 1.212825 0.814244 1.081138 0.879433 1.078796 1.047089 0.799741 1.117702 1.066758 1.110186 0.876059 0.876144 1.008698 0.825554 
1.218598 0.817756 0.795935 0.865401 1.092853 0.796825 1.232626 1.023420 0.806113 0.800018 1.017118 1.084306 1.091597 1.153187 
1.132830 1.090823 1.095902 1.242170 1.129363 0.796825 0.872299 0.797418 0.901843 1.013388 0.873391 1.257964 0.996155 0.869625 0.806464 0.937953 1.096200 0.808618 1.027188 1.244194 
1.068568 0.862448 1.199799 1.023509 1.121261 0.810205 0.832671 0.797418 1.057438 0.909578 0.830173 0.841248 1.232060 1.211170 0.945018 0.850450 1.254900 0.855294 1.086035 0.839969 1.224655 1.046430 1.254985 1.022883 0.811678 1.186024 0.853049 0.813564 1.035702 
0.813312 1.116448 0.850545 0.877758 1.237779 0.810205 1.112096 1.111570 1.092428 1.091770 1.114571 0.802888 1.231940 1.235984 0.941576 0.836435 1.067489 1.256541 0.840791 0.993213 0.930754 1.032173 
1.152702 1.062742 1.254089 1.062128 1.176136 0.914197 0.813976 0.796544 1.178775 1.009575 0.798694 0.927462 1.150288 1.227044 0.943249 0.906610 1.095804 
0.856513 0.873009 1.254089 1.075162 0.807479 0.948324 1.242826 0.796544 0.797755 1.148945 1.212066 1.015773 0.817688 
1.246511 0.855328 0.876879 1.191177 1.073527 0.991069 0.822532 0.950323 0.876051 0.801988 0.855061 0.933684 1.220892 0.796630 0.853032 1.084998 0.935764 0.916821 0.922516 1.011671 0.877158 1.239748 
1.208760 0.810533 0.820667 1.161439 0.950504 0.825656 0.795006 1.049434 1.239995 1.081449 0.963409 0.815082 1.052615 0.935744 0.867701 1.210480 0.809734 0.846842 0.802425 1.057341 1.040452 1.250571 0.957203 
0.909553 1.190415 0.827886 0.807367 0.797896 0.930731 0.797528 0.883703 1.239995 1.145956 1.220173 1.097998 1.187000 1.099208 1.221586 0.949563 0.800331 1.148716 1.212247 0.931219 
1.247472 0.801422 1.083792 0.794584 0.797896 1.223379 1.151696 1.144516 1.015800 0.797613 0.961170 
0.937484 1.203414 1.131395 1.129794 0.797896 1.223746 1.032267 1.146192 0.956561 1.035210 1.257457 0.980608 0.797917 0.939476 0.944263 1.248237 0.866226 1.253018 0.795561 1.168151 0.844342 0.976361 
1.180425 0.920157 1.092092 1.236334 0.800478 0.965453 1.040283 1.243332 0.889106 1.156621 1.109625 0.811836 1.129918 0.907196 0.968764 0.960105 1.072074 0.824167 0.838246 1.084388 0.978362 0.952359 0.818646 0.993366 1.084147 
0.803578 0.831236 1.229151 1.139325 0.940551 1.188832 0.901440 1.193959 0.956264 0.814594 1.065679 0.939281 0.796617 0.798917 1.181402 0.972885 1.231405 0.830270 1.246774 0.876425 1.045757 0.916877 0.943216 0.823226 0.903109 1.015251 0.858510 0.864745 1.004727 
1.221772 0.983937 1.091060 1.021393 1.071067 0.933300 1.143829 1.160214 1.190296 0.814594 0.944225 0.802084 1.208312 0.798917 0.872870 1.083432 1.110549 1.253543 1.156853 0.825063 0.843663 0.939878 1.081872 1.208186 0.840446 1.138675 0.856976 1.203862 0.886466 0.809866 
1.184227 1.209797 0.830130 1.088131 1.189894 0.832278 0.811833 0.839880 1.157209 0.811389 0.797799 1.136191 1.229808 0.979210 
1.218023 0.973740 1.182475 1.161230 1.067657 1.237683 1.220838 1.034678 0.796258 1.233033 1.235527 1.090303 0.841899 0.898583 1.001404 0.946976 0.986675 0.862353 0.824422 1.070054 
1.152648 1.101823 1.233487 1.048106 1.105984 0.806225 1.234100 1.075713 0.825930 0.806858 0.997456 0.810390 1.075916 0.908557 1.240555 1.182356 1.241864 1.096359 1.093707 0.813260 1.098138 0.826409 1.135231 
1.132357 0.803917 0.834921 1.019131 0.801897 0.924691 1.231305 1.034509 1.053606 0.912553 1.225015 0.808278 1.061788 0.864563 1.218770 1.159441 1.133353 1.079143 1.032905 0.867420 
1.173566 0.969065 1.002297 0.884794 0.990036 1.188943 1.231305 0.855920 0.954266 1.002485 1.038044 1.046922 1.180473 1.040395 1.026582 0.890415 1.100124 1.241315 1.023316 0.944343 1.184452 0.924860 0.814926 0.815450 0.809363 1.091519 0.929697 0.809565 
1.153436 0.798571 0.796215 1.256908 0.797507 0.979220 1.243546 1.227854 0.829837 0.796754 0.800588 1.226622 0.830582 0.913967 1.054510 0.860448 0.857596 0.902746 0.847833 0.838996 0.980609 0.907799 0.991548 1.120700 1.032615 1.021965 0.989987 0.803035 0.954738 0.878515 0.868779 0.796328 1.044468 1.170416 1.158440 1.003586 1.156087 1.088035 0.977929 0.841349 0.888458 0.990097 0.842491 
1.061370 1.150677 0.796215 0.865606 1.084838 0.881416 1.255130 0.960519 0.979619 1.139392 1.226885 1.031754 1.233549 0.794854 0.878210 0.925773 0.795905 1.161209 0.894426 0.810885 0.815143 1.052551 
0.801918 1.232469 0.804040 1.059647 1.031840 1.142266 1.255390 0.801084 0.911396 0.832026 0.823307 1.206724 0.995110 1.095674 0.810809 0.864205 0.956975 0.825034 1.251233 
0.811709 1.006885 0.882923 0.821817 0.849358 1.014934 1.255390 1.220646 0.848485 1.120681 1.194747 1.254032 1.219110 1.222462 0.935838 0.876681 0.803772 0.917391 1.241042 1.092144 0.881784 
1.109785 1.233167 1.227269 0.799359 0.923191 0.807025 1.253834 1.236902 1.014809 0.901106 1.230185 0.900669 1.240563 0.830361 1.002280 0.881873 1.072171 1.147306 0.828110 
0.820578 1.033987 0.893819 0.808378 1.061106 1.014322 1.253834 0.993326 1.086297 0.993393 0.807972 0.967030 1.244151 1.106644 0.876328 1.139803 1.254211 0.974057 0.836225 0.917117 0.865173 0.955678 0.984320 
0.868357 1.011990 0.901184 1.071000 1.064412 1.180208 1.255724 0.979301 0.892757 0.796768 0.831641 0.957575 1.203167 1.099839 1.045991 1.214477 0.830298 0.843205 1.076848 0.999702 
0.961351 1.200990 1.246722 1.100811 1.060248 0.954895 1.251218 0.980076 1.043144 0.796768 1.243877 0.804823 0.877430 0.942953 1.227750 0.823773 1.196454 1.066053 0.957538 1.205183 1.015219 
1.080183 1.095204 1.189588 0.949297 0.802531 1.122653 1.243630 0.827966 1.222606 1.072995 0.958016 0.890363 0.837295 0.927323 0.816785 0.952174 1.135094 1.081374 1.050230 0.932042 0.951025 1.007087 1.205827 1.182936 1.144975 1.001634 
1.252170 0.797508 1.088208 1.087140 1.006533 0.819623 1.002392 0.874561 1.233154 0.810209 1.040494 0.873794 0.834443 0.820419 0.930550 0.876116 1.054365 
1.252170 0.796362 0.830062 1.258096 1.048790 0.881705 1.042320 0.836367 1.203518 1.105133 0.839848 1.158149 1.088296 0.899819 0.859004 0.924926 0.902572 0.973395 0.948620 
1.252170 1.094899 0.805806 1.255205 0.802135 0.977555 1.159158 1.203727 0.822497 0.969285 0.897504 0.798307 1.058862 0.840985 0.918024 1.004190 
1.077519 0.795562 0.795778 1.028957 1.230937 1.011039 1.200394 0.803948 1.225934 1.110606 1.044496 0.847847 1.189696 1.121153 1.134436 1.152713 0.932135 0.882950 0.840738 
1.243084 0.884206 0.808245 1.232736 1.014153 1.128006 0.809350 0.794541 1.016076 0.796104 0.824900 1.055118 1.227346 0.823074 0.857026 0.948041 1.035648 0.965445 1.017899 
1.254887 1.083796 0.808245 0.952063 1.255965 1.038994 0.843478 0.990568 1.220668 0.796104 1.023900 0.944667 0.893607 0.929015 1.123086 0.817300 1.103961 1.105733 0.849627 1.210034 1.077167 1.058888 0.827579 1.142967 1.217230 1.032368 1.091225 1.140990 0.913939 0.798052 
1.254887 0.838814 1.216111 0.867530 1.237526 1.024906 0.949772 1.000741 1.224065 1.047219 0.947401 0.830152 0.937807 0.843686 0.940465 0.986428 0.896695 1.148243 1.014839 
1.254887 0.937014 0.808451 0.859851 0.940837 1.120716 0.836121 1.012273 0.947744 1.009528 0.864215 0.949385 0.815019 1.175488 1.258871 0.890791 1.045132 0.878206 1.137154 1.089882 0.919790 0.931896 1.187165 0.887259 
1.254887 1.098929 0.828548 0.803041 1.036033 0.805178 1.124812 0.825054 0.839719 1.044805 0.801939 1.041908 0.848081 0.965128 1.258871 1.250738 0.902955 0.984158 1.213146 
1.247263 1.218487 0.841131 0.818071 0.952450 0.997415 0.796537 0.995479 0.875230 1.215130 1.182711 1.163673 1.011047 0.912993 
0.919570 1.254872 0.827448 1.219151 1.076583 0.832423 0.945127 0.991115 1.216222 1.163113 0.805862 0.908133 1.111548 1.118841 0.907984 1.252620 0.818851 0.904514 1.186248 1.127674 0.797669 1.050658 0.907507 1.203762 0.949973 0.806602 0.924056 1.243254 1.025193 1.142596 1.145201 
1.065778 1.258638 0.832146 0.797669 1.145636 0.874086 1.010933 1.252400 0.981907 1.116093 0.805862 0.862279 1.069134 1.216050 0.919769 1.247291 1.098145 0.898910 0.899772 1.062998 1.006682 1.251343 1.074932 1.138027 1.172697 1.000603 1.135373 1.192734 
0.957361 1.240738 0.939489 0.797669 1.002090 1.059011 1.219044 1.014057 1.229029 0.843691 0.805862 1.058514 1.121380 1.225113 1.119171 1.182877 1.044588 1.077028 1.208243 0.950515 1.255000 1.036029 1.189494 0.804511 1.226692 0.896714 0.912468 0.897697 1.082615 
1.126800 0.887086 0.987204 0.797669 0.833288 0.928517 1.199087 1.251494 0.795892 0.799673 0.807788 0.967400 0.985407 0.899148 1.211124 0.831619 1.038307 1.118174 0.808405 1.169231 1.019727 1.178634 1.123113 
0.920610 1.079612 0.830558 0.797669 1.114186 1.238780 1.092977 1.177053 0.819843 0.797645 0.806039 1.105260 0.938808 1.256766 0.809839 1.007137 
0.810197 0.990570 0.876110 0.800680 0.822776 1.238780 1.182364 0.962853 1.129732 1.141394 1.030493 0.923489 0.926656 1.246248 0.927894 0.938285 1.050497 0.872136 1.019237 
0.834849 0.854276 1.102279 0.885817 1.032230 1.034609 1.225444 1.060081 0.813074 0.842771 1.070551 1.245063 1.086073 1.251194 1.056533 0.840387 1.093286 0.840143 0.812411 1.016642 0.863923 0.941073 1.246054 0.976406 1.029975 1.233165 0.828115 1.185689 
0.814541 0.851359 0.944950 0.874528 0.941769 0.942536 1.228655 1.022580 0.846860 0.890929 0.889915 1.172185 1.133375 1.250692 1.109272 1.169585 0.800141 0.842527 0.817576 0.930773 
0.838140 0.843863 0.802265 0.977196 1.152857 0.795116 1.037844 1.116722 0.962607 1.240955 1.223870 1.065032 0.859017 1.250692 0.802374 0.965113 0.826976 0.862175 
0.834368 0.808875 0.958241 1.085987 1.173409 0.795199 1.055696 1.184956 1.087546 0.985407 0.962935 1.093449 1.107413 1.250692 1.241546 0.887322 
1.119705 0.802162 0.843007 1.250623 0.885397 0.844492 1.243800 0.835990 0.820077 1.013787 1.223687 0.797583 0.888757 1.068775 1.251447 1.147143 1.037046 0.896134 1.048358 1.211345 0.966045 0.980858 1.139106 0.979625 1.177200 1.030123 0.813933 1.194482 0.913096 
0.848989 0.986163 0.900832 0.976364 1.026769 1.038693 1.256189 0.806368 0.795162 1.225558 1.215355 1.156469 0.935709 1.019986 0.924574 0.819140 0.927865 1.026500 1.146027 1.221656 
0.823721 1.177044 0.798923 1.038901 1.126049 0.819013 1.256460 0.804463 0.809486 1.225558 1.173917 1.079052 1.214666 1.175344 0.888238 0.823443 1.059823 1.174580 1.072429 
0.914370 0.797153 1.228892 0.850624 1.138721 1.033174 0.978596 1.215099 1.154289 0.868783 0.871373 1.249032 1.076945 0.993994 1.033653 1.182459 1.143192 1.005236 1.148960 0.840462 1.037218 1.214379 1.056893 1.028654 1.223807 0.925936 
1.246499 0.797153 1.252063 0.861857 0.822424 0.821081 0.935589 0.854427 0.830223 1.016381 0.807421 0.848805 1.185163 1.172222 1.149116 0.958751 1.230030 1.042450 
1.042184 0.804723 1.252063 0.865666 0.794681 1.157708 1.079355 1.197410 1.065659 0.802864 1.227513 1.154404 1.124433 0.875000 0.953344 0.798480 0.960564 1.057051 1.234411 0.883076 1.017039 1.120592 
1.239593 0.799362 1.252063 0.796929 1.119383 0.881661 1.043213 1.102458 1.212998 0.913298 0.807214 0.810236 0.874832 0.905398 1.178520 0.950584 1.051963 0.920302 1.028891 0.959761 
0.808773 0.917168 1.252063 0.796929 0.887737 0.961198 1.035065 1.138181 1.247551 0.803159 1.133450 0.811794 
0.805489 0.800980 1.252063 0.796929 0.901709 1.129714 0.862127 0.983088 0.943039 0.893386 1.198800 0.796963 1.089798 0.826540 1.027654 0.801672 0.807595 1.207404 1.244320 1.242541 0.812495 0.829683 0.920251 0.978565 
1.218804 0.939264 1.252063 0.820330 0.802153 1.252665 1.233760 1.022424 0.857357 1.217062 1.120897 0.796963 0.989931 1.100279 1.249097 1.044298 1.216600 0.880778 1.177923 
1.066949 0.820822 1.252063 0.850256 1.058794 1.187377 1.130343 0.974004 0.799312 0.846967 1.235931 1.129157 1.138083 0.972711 1.144892 0.963219 0.886638 1.133733 0.799289 0.906353 0.800945 1.000369 0.942676 1.155959 1.096639 1.018488 1.207421 1.222626 0.819067 0.870829 1.089229 1.214072 1.047364 1.086785 0.844159 0.795464 
1.027401 0.809452 1.252063 0.815902 0.797160 0.813149 1.146279 1.108419 1.168690 0.837715 0.813337 1.240588 0.902882 1.256025 1.257867 1.240848 1.145110 1.061509 1.013323 1.000209 0.892915 0.858263 1.092046 1.161748 1.078978 0.966707 
1.073773 0.954927 0.814296 1.208516 1.137486 0.871740 0.807305 1.244544 1.256840 1.199086 0.803641 1.188882 1.239326 1.234628 0.795548 0.822701 0.796946 0.799780 0.918467 0.995284 0.816403 0.829928 0.891243 0.904038 0.896866 0.901098 0.854694 0.993207 
1.248528 0.922407 0.836970 1.168246 1.165299 0.809738 1.148040 1.151094 1.256014 1.103751 1.187615 0.803175 1.059925 0.972621 0.806534 1.175159 1.224851 0.812981 0.895914 0.976535 1.233337 1.117295 1.066163 0.841141 1.122533 1.052328 0.827436 
1.106705 0.798478 0.838993 1.092956 0.834622 0.810389 1.243347 1.137725 1.256014 1.256775 0.825886 0.954860 1.152242 0.823044 0.818179 0.849876 0.874317 1.115837 1.149983 1.059478 0.966382 1.202567 0.981555 1.015139 0.957149 1.142873 1.210372 0.812156 1.174868 1.060380 0.813611 0.982419 0.936100 0.967042 0.953846 0.862105 1.066738 1.235628 1.185715 0.818377 0.915439 
1.024096 1.020043 0.851782 0.985242 0.942283 0.809213 1.107244 1.050501 1.256014 0.811664 1.184736 0.799334 1.239655 1.019896 0.841056 0.907210 0.893314 1.216772 0.800691 1.258408 
0.799419 0.822147 1.248814 0.965920 1.250462 1.108939 1.146368 1.002482 1.243247 0.820378 0.849259 0.909009 0.858608 
0.799419 1.141123 0.821458 1.257277 0.964898 1.216757 1.120587 0.895381 1.243247 1.184334 0.932667 0.801698 0.867508 1.170148 1.032685 1.104027 
1.081051 0.850620 0.963604 1.091214 0.981514 1.213979 1.248046 1.064369 1.243247 0.995387 0.818477 0.858013 1.164739 0.834641 0.833959 0.854625 1.029561 0.973504 1.078512 1.234484 0.830998 1.255849 
1.249030 1.086433 0.796592 1.215824 1.009373 0.848691 0.878645 0.878979 1.138035 1.218163 0.871226 1.058841 1.123510 1.081245 0.812927 1.087099 1.079663 1.115926 1.051667 0.963013 1.012974 1.177682 
1.065866 0.829030 0.859216 1.196765 1.071669 0.827390 1.221897 0.941889 1.076962 1.079490 1.066884 1.054972 1.091114 1.022110 0.976708 1.232096 1.034609 1.131821 1.033244 1.115608 0.891852 1.116663 1.084312 0.907206 
1.133990 0.833078 1.227685 0.939366 0.843302 0.822709 1.249221 1.041853 0.976345 1.213693 1.007363 1.060892 1.073141 
1.171018 1.134542 1.227685 0.814870 1.028488 0.929811 1.160120 1.227661 0.887761 0.833887 0.876016 0.953050 0.799933 0.807237 1.126877 1.071940 1.164968 1.148208 1.066465 0.903333 
1.078558 0.852887 1.218171 0.821148 0.830946 0.796230 0.816678 1.146654 0.953230 1.013142 1.221653 1.090097 1.227827 1.229535 0.816310 1.118800 1.019638 1.090788 1.167038 1.046077 1.074151 1.097988 1.166532 1.133904 0.990001 
0.899210 0.857020 1.232821 0.812039 1.136864 0.807795 1.254438 1.058254 0.852574 0.998560 0.954684 1.050902 0.900212 1.210001 1.236433 1.181039 0.887293 
0.844738 0.849113 1.224796 0.811415 0.971010 0.797166 1.257687 0.852531 1.208904 0.797897 1.213006 1.095760 0.851743 1.174159 0.919696 0.845869 1.225148 1.050457 0.832892 1.222877 1.041636 1.114133 0.874150 0.885472 1.056232 1.059348 1.053205 1.034627 1.118417 1.150251 1.126894 1.113754 1.075020 0.943768 1.106635 1.241995 1.044086 1.091994 1.193696 0.947931 0.901474 1.240217 1.191341 1.043468 0.998205 0.967834 
1.001713 0.866561 1.254791 0.811180 0.831023 0.807139 1.249231 0.815430 0.908605 0.853470 0.846077 1.092512 1.131249 0.879243 0.927324 0.834369 0.820392 0.834291 0.951758 0.841708 0.833004 1.226326 1.110754 1.119520 0.987561 0.836875 0.796170 1.064920 1.102288 1.003627 1.167745 
0.902799 1.035807 1.005485 0.821071 1.152154 0.802353 1.249231 0.794470 0.804642 0.954463 0.939660 0.928811 1.107066 0.880941 1.212986 1.254490 0.994857 0.892564 
1.132585 1.256991 0.829409 0.798718 1.125259 1.233484 1.205396 0.818688 1.036475 1.195841 1.253049 0.858045 1.029754 0.911112 1.099326 1.070822 1.220837 1.024827 1.099801 
1.244128 1.048140 1.006395 0.798718 1.207286 1.247031 1.204419 0.804436 0.832468 1.253049 1.044605 0.956793 0.846580 1.062949 0.809495 1.208693 1.057805 0.874309 0.849540 0.914194 1.143644 1.063183 0.912075 
1.239164 1.244807 1.043896 0.834670 1.101292 0.801000 1.249661 0.834000 0.802763 0.863913 0.926872 0.839065 0.911563 0.950273 1.099866 1.228341 0.819990 
1.212786 0.798414 0.814726 1.239814 1.193973 1.058841 1.021892 1.152218 0.807490 1.256891 0.988366 0.828220 0.829705 0.927721 1.202654 0.852618 1.139001 1.151456 
1.117905 1.200860 1.014967 0.823714 0.981813 0.795390 0.842496 1.137434 0.799662 0.922867 0.872596 0.822449 1.224850 0.933748 1.238236 1.057327 1.193160 1.105357 1.252908 0.813936 0.951484 1.239706 0.914585 1.120986 1.045137 0.971634 1.019032 0.933228 1.108473 
0.797843 1.055567 0.908395 0.795570 1.111432 0.904410 0.937935 1.254194 0.799437 1.252633 0.800530 0.900659 1.209197 0.973663 0.812554 0.861532 1.219372 1.125330 1.195545 0.883422 0.849846 
0.795434 1.186261 1.172639 1.073952 1.041501 0.833599 1.230625 1.254194 1.254798 0.980140 0.795793 0.972583 1.038620 0.899005 0.802730 0.850145 1.123378 1.207142 1.204862 1.105775 1.006497 0.843363 0.829443 0.863156 0.854311 1.071308 0.975919 1.192084 0.988534 0.931300 0.833206 1.088265 0.951603 
0.798588 1.175569 0.837249 1.245009 0.986175 0.804300 0.865367 1.254194 1.153428 1.106264 1.204026 0.838073 
0.807424 1.235051 1.092632 1.188603 0.849953 0.818766 1.135141 1.202278 0.837478 0.859280 1.074695 0.865656 0.961657 1.154479 1.247192 0.989032 0.839504 0.824248 
1.018952 1.241868 0.822511 1.204058 0.927903 0.906580 0.942793 1.045468 1.215301 1.156786 0.801122 0.997015 1.219288 1.061047 0.822629 0.943620 1.193773 1.090605 1.121104 1.151354 
1.183179 0.857816 0.981755 1.234952 0.993049 1.148496 1.224569 0.804614 1.130849 1.081578 1.034897 1.049104 0.820076 0.880621 1.071535 1.249976 1.235926 0.899315 0.838529 1.109670 1.077854 0.994551 1.171205 1.076032 1.135847 1.077396 1.154888 0.925171 0.941383 
0.845342 0.916355 0.800857 0.940252 1.190380 1.094225 1.073286 0.804614 0.925556 1.258684 0.808475 1.236957 0.922859 0.957166 0.886440 1.039213 0.855079 
0.882619 1.012618 1.000129 1.119368 1.241617 0.970706 0.844629 1.077295 1.243798 1.235623 0.808475 0.841954 0.835923 0.954948 0.967788 1.162401 1.045495 1.156327 0.944071 1.039433 1.255997 1.217470 0.815494 0.893497 1.026100 
0.795070 0.981896 0.937969 0.963278 0.872190 1.041770 0.998179 1.026357 1.254841 1.240492 0.807884 1.234823 0.900702 0.801504 1.118347 0.972779 1.236852 0.921553 0.837801 1.199826 1.066477 0.906883 0.863083 0.818367 1.012083 0.936354 0.898668 
0.795070 1.256470 0.842813 1.253439 1.108171 0.801426 0.805638 0.798458 0.974557 0.907811 1.047784 0.817123 1.159569 1.121821 0.801917 1.197752 
0.807997 0.813640 1.251901 0.838813 1.122871 0.798440 0.939141 0.988388 1.253230 1.017231 1.247070 0.839194 1.067462 
0.824314 0.836251 1.020808 0.810262 1.251234 0.854134 0.847621 0.884353 0.802594 0.814666 0.966263 1.229463 1.015574 0.827088 1.071513 0.884491 0.819361 0.841453 1.032479 0.855903 0.982904 1.177558 0.804681 0.932960 0.890850 1.096650 
0.970938 0.929130 1.205453 0.948743 1.210240 0.803429 1.113056 0.822819 0.835222 0.814666 1.153291 1.127993 1.100820 1.067301 1.057920 0.803442 0.969310 0.903318 0.925688 0.807385 1.124549 0.933912 0.844489 
0.959072 0.815239 1.253073 1.124979 0.940102 0.804533 1.162031 1.229164 1.183550 1.069864 1.078039 0.829458 1.100296 0.957612 1.172304 1.195812 0.806228 1.152316 0.837776 1.041331 1.166473 1.101921 0.914760 
1.124543 0.815239 0.938330 0.808164 0.890535 1.123685 1.061951 0.823242 1.246377 0.904863 1.081400 1.113614 0.901707 1.062364 0.835296 1.203195 1.243786 0.837273 0.889824 1.058610 1.095715 1.005379 0.843569 1.176079 0.936342 1.091105 0.893920 0.965732 
1.151156 0.829475 0.806281 0.808164 1.137006 0.959235 0.801852 1.088692 1.221887 0.892851 0.925705 1.219822 0.846641 0.902189 1.061485 0.988825 0.802249 0.885080 0.857126 1.145358 
0.851561 1.079695 0.829409 0.810261 1.118891 0.888369 0.801852 0.950126 1.253909 1.244585 1.014871 1.223474 1.181831 0.908931 0.943667 
0.817432 1.060804 0.800470 0.863735 0.889372 1.235559 0.801852 1.218005 0.867240 1.173485 0.865673 0.974812 1.169420 0.887904 0.925296 0.975300 1.029932 1.093854 1.222408 1.121317 0.891133 
0.803613 1.096294 1.150542 1.082601 1.051689 1.072168 0.801852 0.904527 0.833379 1.253906 0.837383 1.138659 0.794510 0.829821 1.238350 1.072419 0.919678 0.944597 1.223847 0.839627 1.200723 1.222438 1.066256 
0.828481 0.811135 0.816596 1.238350 1.139011 0.897496 0.882330 1.255081 0.892820 1.045163 1.007156 1.248275 0.963522 0.863157 1.201952 0.843867 0.994688 0.942213 1.013539 0.982609 0.977248 0.925914 0.960090 
1.249869 0.802386 0.965070 1.258364 0.802021 1.058928 0.928776 1.223618 1.056479 1.037240 0.940400 1.107952 1.152034 0.974429 1.100258 1.006397 1.145882 0.813675 0.934735 0.805925 1.188635 1.161411 1.052214 1.058107 0.975700 1.084125 
1.249869 1.018749 1.183336 1.258364 1.170729 1.193820 1.227431 1.066990 0.811499 0.802616 1.207085 1.249553 1.257476 1.166588 0.803019 1.056507 1.165685 1.063828 1.096279 1.153308 0.830123 0.800424 1.114158 0.945006 0.815256 1.045128 
0.806390 1.223276 1.150635 0.931175 0.875501 0.796977 0.800424 0.992837 1.218383 0.814917 1.019539 
1.229793 0.806647 0.799682 0.851652 1.065379 1.207755 1.042409 1.022349 0.903044 0.838019 1.129463 0.914116 1.208728 0.940194 1.056476 0.954702 0.841537 0.825338 
1.242438 0.812466 1.036766 1.249205 1.165694 1.159115 1.053351 0.811795 0.800049 1.130198 1.161816 0.833490 1.061014 0.823726 1.060443 1.183691 1.182989 1.065686 1.083971 1.062583 0.873351 1.075740 1.103120 0.858245 0.926225 0.879566 
0.846266 1.010271 1.093837 0.996999 0.952739 0.886557 0.822383 0.803123 0.865857 1.242664 1.022055 1.167294 0.810205 1.090447 0.978135 0.990102 0.951983 0.903433 1.174917 0.897032 1.206012 1.251861 1.081420 
1.235385 0.894420 1.052920 0.857866 1.111187 1.215679 0.803939 0.807807 0.853105 1.222672 1.231635 0.984294 0.994667 1.037766 1.185650 0.988720 0.802981 1.221564 0.815749 0.954788 0.847247 1.143588 
0.998606 1.041477 0.883991 0.845851 0.795527 1.032922 1.097901 0.801672 0.870766 1.222672 1.235946 0.936649 1.190081 1.100130 1.076005 1.178029 1.106975 0.980698 1.032027 1.218858 0.821248 0.994603 0.840718 1.027563 0.876608 0.804290 0.811149 1.166497 
0.914363 1.250903 1.053039 0.850809 0.795527 1.123285 0.828678 1.160329 1.013977 1.222672 1.162052 0.822809 1.092378 1.173672 1.114799 0.899343 1.122220 1.183634 1.124843 1.140628 1.242146 1.099316 0.870553 0.971819 0.955384 1.236927 0.831845 0.901499 0.905124 1.096177 0.981600 1.137150 1.205636 1.088406 0.852773 1.030390 1.022353 0.948229 0.908559 0.802214 0.858141 
0.836370 1.030162 1.104563 0.941477 1.029114 1.052293 1.063044 1.204005 0.934419 1.252951 1.145593 1.122402 1.037580 0.799532 1.182538 0.957854 0.948356 0.796873 1.207274 0.928551 1.080689 0.994675 0.903926 1.209236 0.804673 1.129715 0.912752 0.866178 1.198156 1.107608 0.898101 0.906433 1.047685 0.889671 0.834031 1.031148 1.207469 0.906460 1.063528 0.891122 1.240227 1.254190 0.989321 
0.970422 1.020949 1.053638 1.027485 0.880914 0.794635 1.088726 1.148203 0.883765 1.252951 0.827241 1.225996 0.868091 1.042749 0.952805 
0.838053 0.953790 1.136708 1.238650 1.254072 1.084295 0.946473 0.834914 1.124355 1.040639 0.821837 0.956735 0.817926 0.827209 1.236590 0.906866 1.015682 
1.141341 0.856697 0.903929 1.109799 0.947537 1.166843 1.068726 0.959315 0.920383 1.225310 0.978495 1.199960 0.800524 1.157656 1.113311 1.235900 0.935525 0.815622 1.135684 0.873117 0.882780 0.860641 1.055657 1.257228 0.820903 
0.960052 1.087282 1.082990 1.045400 1.013931 0.876790 0.802137 0.845693 0.957885 1.235676 1.234350 1.142740 0.799097 1.250388 0.950673 0.805124 0.833579 0.990454 0.887864 1.137115 1.154922 0.869188 1.247562 1.196352 0.906918 1.030004 1.123819 
0.802442 1.017759 0.796960 1.161333 1.086560 1.186260 0.870845 0.802262 1.219364 0.882719 1.234350 0.794737 0.954295 1.250388 1.021607 0.872611 0.930706 1.019113 1.180284 1.053249 
0.805409 0.805763 0.796960 1.245828 1.198191 0.911087 0.959653 0.797230 1.191530 0.914321 1.201813 0.835061 0.840449 1.130240 1.229330 1.034038 1.069433 0.827232 1.150116 0.889437 
1.143183 0.976811 1.217881 1.057509 0.810635 1.249933 0.914276 1.234499 1.188481 1.156290 0.815188 0.811051 1.084783 0.812227 0.988700 1.107188 0.844845 1.053023 
0.806961 1.179953 0.804784 0.948601 1.073952 1.253007 1.257214 0.922225 1.087984 1.122472 1.010935 0.835596 1.217576 1.138732 0.834175 0.967633 1.161505 1.030759 0.830204 1.093874 0.813029 
0.798878 1.195317 1.230545 0.908507 0.966463 0.859213 1.015765 0.995324 1.166399 1.140959 1.010507 0.818976 1.181633 0.858571 1.254994 1.235627 1.161528 1.008705 1.146935 1.189460 0.901840 1.108659 0.804769 0.940243 
0.798878 1.255121 1.168901 1.203258 1.063473 0.798386 0.991991 0.897492 0.931218 1.047823 0.802741 1.046886 1.028547 0.877189 
0.798878 1.257850 1.071787 1.008471 0.870598 1.085849 1.145234 1.082967 1.116829 0.866129 0.883508 0.870850 1.141624 0.938742 0.825076 1.179834 1.041724 0.812113 1.076382 0.826799 0.970689 1.234020 0.990196 1.091085 0.890453 1.001113 0.946731 0.872352 1.057810 1.130959 1.155426 1.167070 1.054771 1.202726 0.800859 
1.205715 1.244386 0.831922 0.810037 1.064057 1.081315 1.246096 1.143995 0.862780 0.863575 0.800629 0.992670 0.958832 1.020715 1.206582 0.938888 0.907209 1.161268 0.843476 0.972182 0.841352 1.031374 0.982322 1.170217 0.911022 0.928493 1.065233 
1.166455 1.230661 0.844149 1.251102 0.841264 0.794776 0.954024 1.254255 1.074755 0.831311 1.130146 1.084865 1.244217 0.875875 0.953191 0.965775 0.958286 0.872072 1.085918 0.799063 0.814164 1.112140 1.190353 
0.801163 0.829390 0.814406 1.251102 1.107868 0.930595 1.036386 1.254255 0.915140 0.858311 1.138884 1.016329 0.972572 0.839120 1.194182 0.932443 1.008542 0.919359 1.149032 0.967566 1.124129 
0.825494 0.807116 1.061872 1.251102 0.801585 1.247327 0.795405 0.823914 1.095741 0.856689 0.938665 0.944027 0.799465 1.258317 
1.186376 0.808935 0.803485 1.224404 0.796582 0.917762 0.996063 0.839672 1.232866 1.090779 1.206760 1.128885 0.840758 1.014513 0.917705 1.186761 0.896551 0.856318 1.126756 0.911693 0.950824 0.990559 
1.207410 1.258298 0.813622 1.252301 0.842059 1.256665 0.831717 1.074820 0.964424 0.944813 0.927106 1.157636 0.829612 
1.255883 0.832952 0.889841 1.248446 0.963453 0.965373 0.917708 0.967551 0.957787 1.150949 1.111387 0.892495 0.965016 0.935387 0.893429 1.083134 0.935630 
0.794791 0.940352 0.804768 1.252927 0.804885 1.233682 1.040464 1.086606 0.841900 1.171855 1.249276 0.867698 1.238054 0.877710 1.041138 1.013776 1.017978 
1.167448 0.804168 0.804768 1.252290 1.123636 1.206185 0.809731 0.882998 0.854485 0.957939 1.086347 1.072509 0.934013 1.241083 0.907475 0.869846 0.960639 0.994398 1.126847 1.151859 1.117730 1.118358 0.832257 0.981506 0.939743 1.084765 0.919031 
0.808629 0.823293 1.255085 1.251361 1.087687 1.140920 0.801769 0.825713 1.229595 0.994398 0.814775 1.086321 0.869102 1.119484 0.858926 0.799319 1.067163 
0.875925 0.911569 1.234542 1.152331 1.258815 0.811053 0.864993 0.832668 0.896317 0.880289 1.151778 1.106070 0.823895 1.249198 1.255210 0.847954 0.852601 1.177866 0.952951 
1.020426 0.872988 0.989386 1.216609 0.810968 0.827404 0.928508 1.026863 1.109223 0.982432 0.837732 1.197684 0.801158 1.247760 0.893597 1.065896 1.240443 1.096416 0.993758 1.035285 0.837239 1.029431 
0.840230 0.890857 1.172876 1.087895 0.840897 0.827404 1.074050 1.079362 0.885467 0.878121 0.870608 1.099307 0.801158 1.237978 1.019830 1.212267 0.947060 1.253759 1.127981 1.160681 0.920364 0.801580 1.119677 
1.225241 1.118014 1.080221 1.091352 0.999260 0.809988 0.938399 0.811410 0.872928 1.013603 0.798556 0.849125 0.801158 1.237978 1.041526 1.051831 1.087404 1.136068 1.013259 0.895152 0.816489 1.087634 1.174446 1.069003 1.125372 0.897217 
1.098483 0.967973 0.880854 1.221170 1.073757 1.251029 0.974255 1.228661 0.805601 0.851237 0.798526 1.176940 0.863885 1.131737 0.878032 0.988725 1.070101 0.976887 1.236603 0.921483 1.006214 0.894879 0.851844 1.145546 
0.973354 0.854749 0.840068 1.248878 0.918263 1.251029 1.093804 0.813072 0.848093 0.999573 0.825420 0.836830 0.864253 0.905709 0.905006 0.882021 1.007701 
0.858180 1.005525 0.879305 0.858988 0.954028 1.146104 0.990235 0.937334 1.099832 1.201874 1.117561 1.166436 0.808063 0.930691 0.948340 1.202095 0.922053 0.947795 0.957869 0.802641 0.869442 0.827080 0.810339 0.907741 1.132113 1.213457 
0.797432 1.040668 1.155450 0.795422 1.142959 1.238894 0.808063 1.117883 0.987765 1.238920 0.805528 
0.797204 1.242668 1.229697 1.233344 0.954271 1.107717 0.798526 1.091819 1.143084 1.093890 0.965587 0.919557 0.881097 0.952882 0.894107 1.215752 1.079258 0.909185 0.972364 1.075228 
0.797204 0.962102 1.015048 1.233344 0.893448 1.075285 0.892812 1.217376 1.034980 0.968771 1.234472 1.000053 0.817618 0.891067 1.135603 0.810514 1.225888 1.090561 0.868714 1.210770 0.800471 1.089734 
0.831193 1.122273 0.928730 1.258893 1.223057 0.796258 0.806793 1.109201 
0.799672 0.817925 0.834922 1.258893 0.892892 1.241991 0.814956 1.120956 1.109554 1.122334 1.139500 1.053701 0.822553 0.849663 1.060261 0.941567 1.055120 
0.799672 1.120360 0.926093 0.915700 0.812618 0.821389 0.913032 1.254382 0.843755 1.046084 0.828077 1.141234 0.820983 0.877124 1.235226 0.984080 0.813138 0.868712 1.256312 0.815790 0.912306 1.112364 0.799749 1.233722 0.851635 1.069941 
0.806104 0.887194 1.064867 0.810640 0.812618 1.005936 1.258814 0.851421 0.809100 0.871905 1.057802 1.216400 0.941332 0.817229 0.887209 1.209093 1.137798 1.209662 0.979727 1.242685 0.820945 1.202486 0.800263 1.050591 1.078583 0.906407 1.021489 1.151619 0.889110 1.000417 1.122536 1.010524 0.848052 1.164649 
0.925431 1.083116 0.904175 1.183471 0.929733 0.800121 1.258814 0.857975 1.221915 0.811731 1.129531 0.820279 0.912033 0.873045 0.838395 1.066921 1.210457 0.893519 1.222761 0.890801 1.174997 0.968255 0.814847 1.081158 0.843065 0.891972 0.816546 
0.857798 0.903479 0.963842 1.243081 0.857814 0.830332 1.258814 0.839957 1.053024 0.795956 1.167682 
1.029403 0.798232 0.982136 1.083816 0.846080 0.963923 1.258814 0.795133 0.905591 1.186192 1.051197 
1.080895 0.798232 0.971398 1.100275 0.798038 0.813049 1.258814 1.192245 0.795390 1.103712 1.230479 1.039011 1.140220 1.210688 1.016708 1.008943 0.854273 0.888877 0.894694 1.043264 
0.901671 0.798232 1.074488 1.104442 1.123776 1.027194 1.189848 0.896905 0.928814 0.913395 0.815369 1.119483 0.830222 0.941604 0.977756 0.911767 1.192662 0.819456 0.958020 0.848107 1.223870 1.208283 1.191646 0.909151 0.873637 0.921956 0.905143 
0.812893 0.796610 0.820607 1.102863 1.242548 1.154664 1.231617 0.851075 0.854186 1.139399 0.958280 0.867037 1.239744 1.119732 0.992902 0.839252 0.989614 0.796194 1.024728 1.111670 0.869558 0.953139 1.130368 0.853803 0.922242 0.947284 
0.806222 0.954363 0.938857 1.228519 1.245836 1.167695 1.254833 0.911577 0.885463 1.091080 0.830160 1.238856 1.057618 0.876782 
0.801019 1.138675 0.896246 1.190329 1.245836 0.998713 1.243155 1.181225 0.818102 0.989899 0.875028 0.977288 1.118603 0.873849 1.120402 0.794702 1.152371 1.232741 0.810224 0.990415 0.899226 0.995150 0.908579 0.808160 0.959158 1.100989 0.916896 1.051927 0.901179 1.189154 0.933389 1.024755 1.186640 1.078818 1.011900 1.213219 1.036134 0.946772 0.984230 1.014123 1.084558 1.097592 
0.823046 1.141525 0.851244 0.995090 1.142169 0.962291 0.920439 0.909316 0.977712 1.251370 1.141589 1.091709 1.145778 1.129566 1.257973 0.972372 0.973389 0.909258 1.033941 1.183963 1.179858 0.807769 1.176940 
0.804601 1.198935 0.799899 0.830825 0.891740 0.877519 1.130357 1.011807 1.110217 1.213576 0.909719 0.932114 1.245325 1.154764 1.223330 1.053582 0.946417 1.248662 1.183646 0.941184 0.799693 1.221188 1.143424 1.239464 0.795564 0.935651 
1.095949 1.033034 1.174138 0.841691 1.015738 1.147801 1.174040 0.869276 1.055265 0.879637 1.227812 0.991270 1.251800 0.974376 0.955108 0.801190 1.147794 0.815636 1.248403 0.824213 1.255042 1.231465 0.940362 0.801855 0.820666 1.021555 0.983759 0.965593 
1.249701 1.047124 1.040114 0.800705 1.114302 0.898172 0.990311 1.208120 1.008028 0.924824 1.114679 1.143427 0.806133 0.925251 1.183194 0.801190 0.896355 1.233643 0.829029 0.918429 1.159134 1.033111 0.859771 1.198200 1.214251 0.886472 0.950961 0.905519 0.956558 0.979550 0.947216 1.039186 1.108503 1.112951 0.867699 0.827305 
0.873485 0.823258 1.244645 1.167162 0.917572 0.897252 0.795777 1.233643 1.044893 1.012594 0.822772 0.870158 0.872387 0.952981 0.880848 0.848912 1.194493 1.244464 1.010162 1.135398 0.843603 0.958306 0.988459 0.991729 
1.253030 0.988975 0.900223 1.178017 1.254147 0.830670 1.152991 0.886210 1.069534 0.848391 0.794626 1.192376 1.156827 1.091121 0.812616 0.800101 0.927723 0.857560 1.121614 0.952850 0.984524 0.936896 1.185241 
0.806990 1.157066 1.169227 0.815917 1.258870 1.168402 0.877128 0.955939 0.992537 0.803174 0.909963 1.161865 1.137205 1.103860 1.238924 0.832757 1.175280 1.125739 1.135861 0.934042 1.189874 1.051713 0.876804 0.918044 1.196551 1.132627 0.937532 1.007124 0.990709 0.959560 0.867026 
0.816265 1.026200 1.038021 1.208761 1.258870 0.939479 0.872522 1.010564 0.917323 0.803174 0.837901 1.117234 1.123258 0.979830 1.135694 0.898070 1.000859 0.800700 0.802670 1.049999 0.939581 0.958976 1.022118 1.177169 0.901347 1.212730 0.935530 0.832232 0.861776 0.965890 1.105271 1.245146 1.217095 1.108849 1.130999 0.913815 0.995246 0.932914 
0.974077 0.961203 1.241087 1.219152 0.915771 1.160206 1.185332 1.038515 1.135072 1.169050 1.069066 1.199803 0.811869 0.902924 1.077549 0.853890 0.796394 1.251012 0.842284 1.125061 0.962532 1.157219 1.118427 0.880293 1.214516 1.195911 1.087173 
1.127079 1.159929 0.796394 0.836173 0.904491 1.130084 1.073673 1.123197 1.241460 1.096027 1.006137 0.867129 0.955226 1.115196 0.966454 1.009123 0.921354 1.059077 0.971254 0.996451 0.992114 1.110898 1.211169 1.216659 0.896692 0.994934 1.241820 
1.028600 1.254813 0.796394 0.876710 1.182602 1.130331 0.794483 1.195879 0.933405 1.195692 0.933036 0.964404 1.164933 0.822696 1.157298 0.913522 1.054600 0.972459 0.981611 
0.888556 1.229859 1.122043 0.901035 0.907495 0.951468 0.821987 0.805815 1.000600 0.853367 0.932668 1.093930 1.253710 1.097030 0.825165 1.245011 1.249267 1.150156 1.213973 0.975663 1.105094 
1.083737 1.191741 1.004864 0.828871 0.965744 0.824018 0.842219 1.040069 0.817515 1.258706 
1.192188 0.817299 1.256365 0.802741 1.112703 1.200223 1.045604 1.030544 0.825628 0.828333 0.858693 0.822376 1.233963 0.821206 1.001218 1.075367 
1.077987 0.805416 0.824298 0.815019 0.946447 0.854397 1.033943 1.225680 1.071481 1.249829 0.841002 0.908316 0.994253 0.828387 0.980745 0.795108 0.808394 1.065981 0.954623 0.934895 0.993799 1.123582 
1.071112 0.796720 0.986026 0.966144 0.808394 0.839704 0.839011 1.225680 1.199818 1.257952 0.991829 1.026433 1.034366 0.818230 0.813685 1.159549 1.023124 0.984660 1.030528 0.914637 0.957901 
1.065180 1.136901 0.827327 0.801512 0.871276 1.103911 0.882304 1.225680 1.227932 1.249978 1.257217 0.947316 0.909301 1.006549 0.966829 0.830905 0.921593 1.180400 0.943892 1.116714 
0.801907 1.131217 0.911796 0.918859 0.795416 0.961346 1.215154 0.940908 0.812737 0.884850 1.257217 1.132445 0.906482 1.216791 0.915144 0.878938 0.948421 1.041057 0.903161 
0.865125 0.894473 1.091256 0.807751 0.872334 0.924431 0.894607 0.813825 1.255748 0.850081 1.255182 0.824131 1.041794 
1.255182 0.841527 1.126369 0.820917 1.052830 1.208738 0.819023 0.915189 1.026488 0.844045 0.804629 0.948253 1.198648 0.991346 0.938841 1.078590 1.103073 0.965749 1.115433 1.133409 1.112465 1.165596 1.049867 
1.255182 0.869615 1.256848 0.800298 0.807457 1.181798 0.888177 0.993846 0.975399 1.036538 0.953588 1.256611 0.809907 1.225594 0.830250 0.863743 1.114777 1.157329 0.986700 0.811274 1.172075 1.138445 0.819143 0.933876 1.227575 1.078766 0.921352 
0.909887 1.245112 1.215396 0.822059 0.808396 1.215038 0.968487 1.011789 0.900087 0.798928 0.899503 1.128932 1.213845 0.875878 0.861238 0.807154 0.821248 1.051077 0.921111 0.841331 1.054350 1.190101 0.797018 0.972482 1.014842 1.082962 0.925483 0.994811 0.830886 0.849506 1.097725 
1.175171 1.013906 1.247962 1.094352 0.826227 0.801649 0.811150 0.852501 1.004638 0.795514 0.955718 1.229723 1.147167 0.859099 1.038200 1.199299 
1.136178 1.045801 1.233712 0.846870 0.798270 1.252237 1.000084 0.799817 0.877997 0.809661 0.845008 0.857998 0.889806 
1.156704 0.914531 1.233712 1.208276 0.810994 0.902475 0.947964 0.797794 1.231868 0.929750 1.128024 1.212741 
0.895891 1.142602 1.228179 1.169399 0.915123 1.240978 0.799289 0.975220 0.839404 0.867538 0.799020 0.927454 0.836532 1.171370 0.797734 0.999873 0.980275 0.999271 0.815026 0.984708 0.849937 0.854486 0.942599 0.839790 
0.898693 1.242184 1.240770 0.803998 0.926569 0.799070 0.904505 0.817060 1.243149 1.203741 0.823898 1.075971 0.804473 0.808692 1.100775 0.915635 
1.141789 1.175625 1.258626 0.947502 1.228857 0.851816 0.937050 1.036459 1.011254 0.840734 1.047009 0.825135 0.918800 0.797037 1.234106 0.801421 1.097650 1.051718 1.119617 0.827733 0.796691 1.198050 0.877174 1.116933 1.226223 1.153264 0.847282 0.855575 0.901763 1.205854 0.979190 
1.249388 1.234888 0.820188 1.045029 1.253245 1.098944 1.228324 0.800914 0.805657 1.027909 1.031402 0.848418 1.205562 0.885436 0.872850 1.148919 1.256717 1.227386 0.857015 0.903413 1.105484 0.997047 
0.840749 0.995808 1.081833 0.992402 1.253368 0.850092 1.147407 1.060236 0.911749 0.920723 1.125675 0.838560 0.930294 1.225655 1.223017 1.083397 0.802281 0.886280 0.992761 0.969202 0.941227 1.013410 0.831503 1.075442 0.867531 0.876046 0.875820 0.863908 1.180768 0.847431 0.972839 0.949196 0.845005 0.926664 
0.798225 1.225249 1.021108 0.986399 1.253368 1.161280 0.938848 1.073682 0.851858 0.841102 0.924675 0.852340 0.795986 0.884006 1.081272 1.152156 0.989261 0.966159 0.959120 1.090841 1.161992 0.891872 0.982333 
1.252491 0.947151 1.192829 0.803719 1.253540 1.023155 1.069510 0.869373 1.023102 0.798124 1.074097 0.808576 1.215879 1.082481 1.020902 1.231767 1.212910 0.802926 1.101652 0.818286 1.179581 0.851440 0.805619 0.853763 1.119423 1.143882 1.108877 1.241339 0.911502 
0.808187 1.124088 1.102857 0.794333 1.233378 0.974754 1.189484 0.828783 1.101053 0.835299 1.195848 0.902493 1.142810 0.857144 1.062270 1.042203 1.043423 0.958625 1.246344 0.964360 1.021256 0.922694 1.119558 
0.835562 1.136240 1.245792 0.794333 0.910535 0.899822 1.135274 0.929907 1.164400 1.227679 0.816887 1.177486 0.870683 1.209151 0.841337 0.889114 0.957079 1.167904 0.870113 0.999075 1.071106 0.818968 0.861733 1.089940 1.219066 1.254725 1.246242 1.162458 0.795486 1.029170 0.856919 0.913872 1.030163 0.940057 0.881383 
0.885554 0.831818 1.160075 0.794333 1.061743 0.961102 0.880975 0.992334 0.939320 0.956388 0.825220 1.113635 0.912157 0.865013 0.951334 0.795721 0.947852 0.800363 1.074255 1.207397 0.931318 0.816953 1.083500 0.887585 1.238679 1.250719 1.246242 0.805053 1.038371 0.803673 
1.252624 1.122894 0.880471 0.794333 0.989241 1.003439 1.250719 1.072946 1.125971 0.808819 0.819502 0.938509 1.209444 1.184760 0.815686 0.919122 0.838478 0.829390 0.800582 1.057600 1.187559 1.126644 1.090944 0.904603 1.077776 0.927152 0.848239 0.890430 0.808119 0.976103 0.949444 0.869306 1.003054 1.168667 0.841184 0.967880 1.245394 1.053619 0.893018 0.891557 1.073241 1.257499 0.908181 0.904280 0.910386 0.841927 
0.983014 1.257113 0.828121 1.051489 0.853871 1.096675 1.121882 0.806642 0.795862 1.255014 1.107104 1.106245 1.147118 0.840694 1.145609 0.800758 0.820358 1.006443 0.900366 0.908409 1.136069 1.171595 0.909833 1.013569 
1.191244 1.257113 1.022694 0.912887 0.987727 0.814361 1.096072 0.869746 1.177460 1.001847 0.794513 0.799618 0.879841 1.075930 0.963805 1.005392 1.206990 
0.978584 1.257113 1.093068 0.804447 0.804519 1.223387 0.980602 1.173681 0.798857 0.875634 0.794513 1.240065 0.798576 1.232955 0.806411 0.878781 0.896359 0.821792 0.891732 1.017206 0.851982 0.968030 
1.150303 0.947395 0.794513 0.832409 1.231349 0.919998 1.005325 0.815585 1.015502 1.167179 1.082041 0.886429 1.215424 0.866626 0.959467 0.997767 1.076126 0.809535 1.197250 0.816935 0.948618 0.915093 0.952536 0.981741 0.849918 0.911733 
0.847266 1.065465 0.804349 0.908525 1.228197 1.228934 0.799526 0.796494 0.939163 1.059287 1.068396 1.036280 1.166358 1.164945 0.913807 1.097747 0.800626 1.182851 1.154926 1.110478 1.130130 0.909210 1.195559 1.228391 0.966385 0.796796 1.163855 
1.032629 1.160583 0.804349 1.057040 0.905856 0.884811 1.087953 0.796494 1.229927 1.216987 1.165399 1.188755 1.015692 1.077870 0.959534 1.026769 
0.809901 1.169178 0.861906 0.814261 1.236558 1.204535 0.800120 0.804293 0.840234 1.199274 1.119559 
1.183486 1.111086 0.953574 0.842648 1.220198 1.149657 0.804542 1.057769 0.851187 1.189516 1.064591 0.810402 0.906183 0.999221 1.045658 1.085699 1.165260 0.901447 0.796905 0.821284 1.166198 0.950642 0.950806 1.109752 0.870155 1.008719 1.124797 0.923019 0.963626 
1.184349 1.194936 0.862563 1.224267 0.926662 1.246774 0.794332 0.985827 0.812394 1.115441 0.978328 1.056981 0.930008 1.201529 1.225593 0.877515 0.944301 0.987396 0.950397 0.972998 
1.239991 0.996680 0.985514 1.215591 1.021398 1.122029 0.794332 1.194237 0.821783 1.049037 1.190980 1.239084 0.813730 0.977097 1.165649 1.111117 0.996151 1.137887 0.983062 1.238025 1.221722 0.796301 0.918369 1.043507 1.229665 1.204023 1.084673 1.043914 1.100311 0.845879 0.846887 
1.080415 1.092280 1.238025 1.170189 0.820518 1.254871 0.794332 1.059909 1.149638 0.824999 0.904629 0.862669 0.795120 0.870067 1.094749 1.009065 0.919694 0.929988 
1.253739 1.167752 1.253376 1.045898 0.934301 1.256916 0.794672 1.086410 1.046970 1.050360 0.981980 0.815424 0.837727 0.903155 1.062950 1.249251 0.822404 0.917868 1.226095 1.108238 1.206453 1.047917 0.836912 1.197204 1.240806 1.052829 0.978201 1.020770 
0.935196 1.216746 0.964961 1.084065 1.040815 0.945568 0.816559 0.810085 1.209630 1.154936 0.845275 1.219607 0.801674 0.834978 1.226301 1.205223 1.205171 1.049426 0.855823 1.010045 0.952840 0.986407 0.954054 1.145912 0.887727 
0.876633 1.232316 1.028457 1.109149 0.801674 0.900369 0.935178 0.827507 1.253618 0.886473 0.864198 1.100837 1.230802 1.106238 1.185792 0.799134 1.068750 0.852788 0.991550 
1.099494 0.802669 1.187981 1.247015 0.802510 1.243266 0.971254 0.878320 1.072939 1.005745 0.855341 1.228972 1.056652 0.976181 1.036236 0.992587 0.824987 0.978418 1.092266 1.198079 0.885871 1.132523 1.058202 0.886532 0.949612 1.103380 0.813527 1.025545 1.059535 1.027361 
1.195325 1.075948 1.185193 0.850635 0.957992 1.195252 1.024360 0.827628 1.129218 0.805378 1.254188 0.805828 0.808394 1.022777 0.830332 1.249924 0.797444 0.923183 1.103265 0.902719 1.234682 0.932014 1.032162 1.226735 1.068042 1.084612 1.047466 1.077313 0.940798 
0.863067 0.841056 0.858294 0.921208 0.952707 0.862208 1.142230 1.127825 1.216552 1.226563 1.224870 1.006244 1.065801 0.825199 1.033804 1.249352 0.797444 0.824880 0.849342 1.100165 1.178066 0.891876 0.847477 0.941631 1.034048 0.831488 0.972704 
0.864920 0.794338 0.914916 0.969037 1.222491 1.240050 0.931233 0.835269 1.101688 1.232704 1.000065 1.062231 1.208421 1.025357 1.152583 1.003171 0.797444 0.806578 1.002146 0.867779 0.817911 0.884979 0.877046 1.081254 1.036283 
1.238421 0.804142 1.118324 1.014275 1.082534 1.240050 1.081160 1.201336 0.996609 1.232704 1.152236 0.898426 0.911230 1.104756 0.870381 1.240216 0.822808 1.159407 1.014573 0.839123 0.879242 0.811652 1.079033 0.985028 0.831507 1.013784 0.976810 0.821310 1.213416 1.150124 1.148678 1.252412 0.873464 0.933782 1.073503 0.984068 
0.831534 0.804142 1.149024 0.828431 1.129452 1.240050 0.942260 0.986554 0.994069 0.910899 1.185657 1.048533 1.145564 1.256396 1.065045 1.119323 0.858916 0.805756 0.814040 0.912228 1.025281 1.054813 0.919509 1.227821 0.835399 0.917965 0.808430 0.991229 1.158854 
0.898644 0.837863 1.196400 1.215693 0.808430 1.240050 1.252870 1.108582 0.801635 1.025417 0.794672 0.827621 0.910710 1.256396 0.968899 0.946729 1.015812 0.886682 1.046443 0.962873 0.982709 0.904344 
0.963394 1.255010 0.853633 1.081806 0.906925 0.895878 1.121187 1.038179 0.796022 0.840672 0.859729 1.240510 0.805176 0.855004 0.851092 0.827257 1.087706 0.846059 1.214290 0.994816 1.137163 
1.053719 1.242770 0.816114 1.068602 1.208458 0.890952 1.256911 1.057744 0.796022 0.949432 0.965015 1.125215 1.064984 
0.928615 1.248611 1.131772 0.861185 1.099810 0.876087 1.044964 0.836750 0.804429 1.111594 0.849335 0.854059 1.232143 0.901068 0.866012 0.998133 1.002991 0.861163 1.186905 
1.174817 0.910688 0.818310 1.007238 1.212006 1.177803 1.147762 0.816420 1.184902 0.996428 0.810757 0.996253 0.798526 1.002223 1.093184 
1.237736 0.797204 0.808842 1.180984 1.023264 0.940957 1.127933 1.031691 0.834191 0.938486 0.864759 1.014196 1.233174 0.812438 1.108973 0.807388 0.807046 1.222669 1.242310 0.940853 0.904241 0.916827 0.843968 1.073803 
1.067789 1.170138 0.808842 1.235547 1.250795 0.799407 0.905194 1.251511 1.093163 0.850342 1.221167 1.041453 0.833441 1.177630 0.981454 0.861816 1.096566 1.177568 
1.063185 1.149753 1.099824 0.866989 1.104474 0.932124 0.801338 1.246340 0.956281 1.120576 1.053476 0.811567 1.066536 1.029195 1.101697 1.240727 0.919057 0.942433 
0.812800 1.183402 0.970440 1.243647 0.810410 0.854541 0.817165 1.246340 0.910701 0.925697 1.206984 1.221348 1.080620 0.893385 0.809140 1.185048 1.121452 0.812913 0.847385 0.973346 1.022287 0.880255 1.102317 1.083964 0.995620 
0.821691 0.889517 0.801446 1.175682 0.877427 1.194587 0.947518 1.246340 1.121892 1.044007 1.175819 1.020325 0.828787 1.038222 0.981250 1.235577 0.978390 
1.113101 0.932551 0.969499 1.175682 0.923576 0.847177 1.118087 1.196831 1.162912 1.235577 1.051509 0.917513 0.984860 1.205917 1.131228 1.057656 0.850933 0.800781 1.053393 1.232655 0.882313 1.040921 0.808068 0.835500 0.795203 1.142799 0.968424 1.139376 1.005766 0.992518 1.015509 0.925688 1.070119 0.958225 0.896172 1.077058 0.943404 1.012461 1.243500 0.966787 0.901623 1.187033 
0.918089 0.810267 0.849045 1.170314 1.222807 1.130506 1.068676 1.199477 1.103005 1.156907 1.096347 0.809194 0.841779 0.833061 0.933267 1.073548 1.051886 
0.797240 0.929922 1.079376 0.803063 1.258461 0.839265 0.851591 1.047247 1.234556 1.179781 1.162026 0.960479 0.945636 1.245527 0.975473 
0.795446 0.873358 1.073111 0.803345 1.217850 0.834193 1.235618 1.171697 0.937791 0.822302 0.864676 1.254711 0.958782 0.921359 1.037950 0.942601 0.816586 1.249602 0.897418 1.182590 0.940494 0.981175 
1.100485 0.968215 1.224076 0.800267 0.822531 1.258461 0.809719 1.125438 1.186002 1.090476 1.241394 1.180709 1.026422 0.848910 0.879706 1.180524 1.041698 1.006740 
1.258461 1.123892 0.879261 1.126634 0.804311 1.155364 1.160092 0.921525 0.993681 1.242741 0.984721 1.251157 0.899418 0.810433 0.835349 1.033356 1.061517 
1.258461 1.148803 1.183200 1.253446 0.818323 0.949199 1.070749 1.036320 1.020290 0.826269 1.247745 0.886038 0.894997 0.802658 1.031917 0.819673 1.190102 1.254602 0.880778 0.837317 0.960178 0.826728 1.020928 0.868316 0.867939 
1.257710 1.148803 0.813393 1.027702 1.024160 0.855492 0.993089 1.056526 1.225293 1.249032 0.797399 0.812814 0.809119 0.806774 1.059716 1.009901 1.210155 
1.253619 1.036068 0.799464 1.174112 0.907234 0.812244 0.833376 0.795854 1.249636 1.010603 0.857173 0.894428 1.079580 1.140408 
1.253619 1.106474 0.799464 1.177138 0.799224 1.193457 1.188982 0.982722 1.243742 0.938662 1.095755 0.900357 1.095998 1.013061 0.870035 0.923213 0.975225 1.020018 1.061476 0.974689 1.044907 1.081121 0.877010 
0.799659 0.974995 1.084137 0.851990 0.896032 1.251802 1.243135 1.012075 0.876121 1.156137 
0.797424 1.136135 0.845795 0.802648 1.213912 1.034789 0.846093 1.171757 0.925630 0.985476 1.235723 0.795028 0.869760 1.009813 1.015717 1.139248 0.947334 1.226876 0.813847 0.806612 0.797193 1.057437 0.832079 1.191505 0.896455 
1.108814 1.180240 0.979400 1.137518 1.244551 1.168615 1.070810 0.995727 1.157905 0.903237 0.805906 0.795028 1.218418 1.152772 1.113853 1.081744 0.852280 1.228457 1.231323 0.806343 0.808035 0.967864 1.087552 0.959034 1.190179 0.902681 
0.878644 0.799761 1.188140 0.890403 1.244551 1.006972 1.055383 1.087829 0.857144 1.002363 1.092229 0.930146 1.002179 0.963520 0.804741 0.990165 0.818085 1.219105 0.854628 1.257052 1.019377 1.090663 0.881264 0.933485 
0.796202 0.799761 1.106294 1.091573 1.247036 0.840756 0.826678 1.141545 0.925806 1.062582 0.907886 1.247465 0.826720 0.924266 0.848879 0.896558 0.917857 1.246869 0.882098 1.095568 1.221868 0.949091 0.802335 1.107767 
0.812985 1.051397 0.802335 0.919588 1.240286 1.083267 1.227722 0.944607 1.106873 0.985233 1.144702 0.961415 0.861173 0.795616 1.084643 0.970776 1.255975 1.256523 0.821179 1.220305 0.846682 1.202680 1.072490 0.795744 0.817789 1.118597 1.229628 0.803806 
0.870734 1.131735 0.805473 0.801261 1.240286 1.225767 1.147606 0.807099 0.880970 1.230986 1.154312 1.122588 0.796034 1.224268 1.007107 1.018289 1.097583 1.151335 0.812526 
1.061731 0.940394 1.086138 0.801261 1.224164 1.161058 1.242107 0.807099 0.902788 1.205052 1.017237 1.021489 1.018151 1.022218 0.804494 1.178806 1.238604 1.173577 0.964053 0.908339 1.144201 1.161899 0.990174 0.923821 0.994309 0.795651 0.901944 0.892527 
0.954303 0.867832 0.932282 1.006964 1.229031 1.058832 1.063298 1.081739 1.066860 0.994173 1.045403 0.807230 0.813315 1.064143 0.879506 0.795363 0.800516 1.114543 1.042943 1.043515 1.227212 0.949014 1.051509 0.835254 1.078419 1.151864 0.911362 1.252556 0.817911 1.251518 0.897012 0.966929 0.842366 0.938212 1.038013 0.812542 1.181031 1.050632 1.219736 0.940186 1.159753 1.030832 1.136023 0.956323 
1.251461 0.823193 0.891491 0.824664 1.155129 1.076150 0.880203 1.104419 0.951906 1.249336 1.029555 0.897619 1.147265 1.177129 0.795319 1.215697 1.192481 0.929084 1.047636 0.815722 1.144100 1.256322 0.808927 1.080818 1.234726 0.855007 1.186275 
0.964809 1.228572 0.889816 0.801537 0.890632 0.805598 1.256322 1.143068 1.129031 0.865713 1.093050 
1.102741 0.795408 0.889416 1.007698 1.004280 1.064584 1.256322 1.258676 1.212319 1.004661 0.937428 0.823161 1.155367 0.808930 1.101850 0.907222 0.837559 0.990162 
0.812233 0.812506 0.941111 1.195467 1.143917 1.161101 1.256322 1.029644 0.925698 1.065281 0.960531 0.881980 0.804566 0.973232 1.200307 1.076093 1.151225 0.830531 1.020603 1.248123 
0.796334 0.809059 0.815764 1.090702 0.989109 1.131499 1.045366 1.238833 0.875294 0.828561 1.078502 0.910164 1.229613 1.242866 1.095415 0.877491 0.945153 0.972264 1.001795 
1.094849 1.121922 0.802338 0.992111 1.174158 0.849434 0.868194 1.247022 1.252885 0.816920 0.815142 0.890507 1.221967 1.002308 1.053632 0.866647 1.121794 0.858753 0.829195 1.085252 1.011351 1.217324 1.192381 0.869327 0.904382 1.087174 1.057640 0.884481 1.064750 1.156707 1.035018 1.144954 1.225541 0.945571 0.937041 
1.134864 0.962752 0.802338 1.140766 0.816924 1.244911 0.805013 1.247022 0.917044 0.916650 1.095955 1.175937 1.244866 1.061075 1.152264 1.216117 0.848309 0.843736 0.808678 0.814600 0.942481 0.826744 0.847644 0.941298 1.025420 1.136693 1.086906 0.920971 1.089606 1.060043 1.014702 1.067605 0.920813 0.827464 0.992383 1.073906 0.929208 0.929648 0.918267 1.033069 1.065554 
1.123352 1.109636 0.849111 1.237411 1.223111 0.927183 0.831838 1.159678 0.894215 1.013664 0.819858 0.815804 1.047460 0.878146 1.241347 0.902129 1.191676 0.805600 1.020789 0.851828 0.800903 0.834167 1.014450 0.860333 1.091559 0.797815 0.970118 
1.130287 0.965446 0.808612 0.814508 1.073966 1.194445 0.832779 1.243503 1.192265 1.030984 0.940839 0.801201 1.153968 1.072363 1.241347 1.115497 0.824643 1.038764 0.917915 0.846952 1.191318 0.892931 1.047803 1.068156 1.244469 0.928733 0.892168 1.212091 
0.845198 1.079609 1.128728 0.801459 0.922926 1.113368 0.956001 1.243503 1.158188 0.815461 1.029426 0.861194 1.250615 1.206419 1.241347 0.942185 0.835647 0.858833 0.855393 0.922054 1.048386 
0.895042 1.201943 0.900095 0.962084 0.814543 0.802596 0.889420 1.246570 1.040479 1.193221 0.950086 1.014201 0.964346 1.019026 1.241347 0.860740 0.800965 0.825324 1.124425 1.083960 0.973154 1.112690 0.911765 0.823033 1.152197 1.230577 
1.098101 1.086069 1.119523 1.250158 0.814543 0.882631 0.891608 1.195905 1.182917 1.170098 1.137088 0.806375 1.235928 1.165343 1.257929 0.879200 1.220809 0.832779 0.819914 1.046294 1.035964 0.862815 0.875273 0.934397 1.144129 1.043550 0.827577 0.976618 0.930906 0.894350 0.908202 1.058463 0.909744 1.065794 0.865889 
1.254399 1.034488 1.216239 1.009265 1.165123 0.948623 0.958055 0.999544 0.802932 1.103361 0.848661 0.800082 0.931044 1.167884 1.257929 1.121837 0.799544 0.984287 0.932493 1.151502 1.255710 0.932245 1.210555 0.974014 1.145899 1.224916 0.796205 1.064096 1.184015 1.184168 1.048383 0.927175 0.808076 0.929710 1.199184 0.802967 0.863762 0.815564 
1.242727 1.221976 0.978380 1.010074 1.092774 1.214576 0.893515 1.197340 0.802932 1.048900 0.857099 0.800082 0.952364 0.969744 1.257929 0.889512 1.049524 0.985001 1.006454 0.941614 1.065730 1.087311 1.060672 1.198036 0.918684 1.071092 0.819253 0.832633 1.090510 0.831201 1.017984 1.147439 0.994875 
0.948770 0.821900 0.947299 0.805886 0.854239 1.209734 1.187074 1.001711 0.802932 0.993392 0.855312 0.838749 0.875416 1.101016 1.257929 1.007263 1.206967 1.016118 0.875614 1.214803 0.964339 1.155211 0.888358 0.866656 1.176103 1.060645 1.172512 0.928966 1.067559 0.804357 0.989532 0.850307 1.130790 1.067465 0.877843 
0.797962 0.889191 1.127050 1.242380 0.814865 0.840178 1.225843 0.807235 1.238955 1.095459 1.092583 1.146657 0.833432 0.995496 0.870140 1.255806 1.204996 0.916682 1.021224 
1.231561 0.810650 0.833305 1.178229 0.898974 1.148800 1.255806 0.807235 0.900625 0.923628 0.914533 0.838664 1.053682 1.241472 
0.795442 1.129937 1.138751 0.969741 0.873006 1.028381 1.255806 1.000881 0.811534 1.054103 1.161822 0.824606 0.807167 0.908373 0.812110 1.253362 0.880476 1.093269 0.914664 1.117909 0.851754 1.220103 0.912415 0.967637 
1.051311 0.996782 1.250211 1.133679 0.975433 0.910409 1.255806 0.981354 1.052855 0.823489 0.863920 0.794838 0.938721 0.889207 0.984683 0.986652 0.946437 0.801493 1.122176 1.129088 1.166640 0.821556 0.802322 1.156975 1.105854 1.143047 1.104620 1.192340 1.168194 0.958925 0.807230 
1.223757 1.250180 1.149008 1.035338 0.803588 0.827623 1.255806 1.145897 0.887921 1.085361 0.831035 0.965243 1.046837 1.002736 1.113396 1.044208 1.250356 0.802095 0.903383 0.802455 0.923183 0.818756 0.805365 0.980965 1.216963 0.909910 1.171078 1.038188 0.831258 1.122446 1.208208 0.826415 
0.901956 0.948553 0.807988 0.841014 1.139134 0.820982 1.230357 1.199570 1.175150 1.235731 1.083538 0.912121 1.032024 0.831590 1.119918 0.800031 0.861901 0.880908 1.010994 1.078393 0.906828 1.221971 1.204715 0.933006 0.853560 1.081396 0.963157 
0.822903 1.032635 0.824189 1.100123 1.002201 0.958974 1.249308 0.804977 1.143123 1.052688 1.113904 0.795151 0.986061 0.795076 1.142408 1.244483 0.878810 0.957272 0.847563 1.018152 1.199570 0.919293 1.224569 0.961295 0.866621 1.053605 0.911716 0.879064 1.121479 0.918391 1.091458 1.054225 0.985892 0.873355 0.845271 0.877825 1.146501 1.145950 1.129683 1.045206 
0.985484 1.235202 0.798252 1.096111 1.028469 1.237989 1.002561 0.843295 1.030844 0.987172 0.896663 0.841409 0.934367 0.819364 1.173016 0.928395 0.822914 1.074380 1.079568 0.842761 1.205249 
