 1.722815  3.279206  7.433628  6.157174 12.541802 20.322241
 1.582865  3.125893  8.429251  5.483732 10.709342 17.965585
 1.635833  3.279021  8.074299  5.322947 12.852903 20.558097
 1.760646  3.144720  7.864778  5.839751 11.392514 21.937397
 1.806806  3.287565  8.037251  5.583396 10.684994 20.348832
 1.888548  3.742447  8.692996  6.173279 11.737229 21.051584
 1.839283  3.570809  8.682786  6.012529 10.820025 20.521594
 1.916475  3.340560  9.113959  5.901287 10.899923 22.375033
 1.775147  3.427692  8.214925  6.721267 12.743924 17.941725
 1.925984  3.283466  7.239866  5.507178 11.281746 19.540894
 1.861008  3.805750  7.838230  6.055307 13.835040 19.694079
 1.726004  3.421198  8.105298  5.918274 11.018939 18.267349
 1.832912  3.593564  8.073703  6.034119 13.559471 20.370737
 2.092006  2.998821  9.129424  6.252357 12.697667 18.108022
 1.833498  3.424970  8.700527  5.615475 12.855895 18.212769
 2.024617  3.460370  7.848012  6.456074 11.588525 20.417388
 2.042297  3.596442  8.209905  6.879668 12.949774 20.684596
 1.914355  3.100624  8.568193  5.778749 10.902671 20.783745
 1.905797  3.227266  7.416414  7.119732 12.704018 19.824768
 2.014459  3.846029  8.367011  6.803436 13.234388 21.203980
 2.022105  3.397889  8.354243  6.278443 12.767479 21.138278
 1.891400  3.553407  8.619249  6.249371 12.722040 23.878406
 2.262526  3.566580  8.556673  6.470328 12.418500 20.984567
 1.897545  3.038612  8.602710  6.029195 12.765478 19.090012
 1.842083  3.197591  7.950515  6.125375 11.489616 19.399215
 1.886004  3.624268  8.295592  6.312083 12.848706 20.900413
 1.910704  3.955231  8.719980  6.060706 11.069692 21.092083
 1.864157  3.356577  8.459095  5.992539 10.913623 18.710964
 1.928706  3.451256  8.439870  6.334187 12.747399 18.504046
 1.811778  3.169919  7.738090  5.792319 12.850803 22.853326
 1.914377  3.704808  8.515811  6.600526 12.612959 22.466188
 1.783938  3.552303  8.596728  5.833403 10.137035 20.322095
 1.723773  3.241098  8.754034  6.430590 11.100564 20.703974
 1.798250  3.377395  7.411067  6.087710 11.165781 21.573691
 1.661850  3.376605  8.461575  6.092446 12.708627 21.213248
 1.634654  2.905956  8.100781  5.785655 11.641061 20.155785
 1.758184  3.918343  8.817847  6.970472 14.293534 22.732573
 1.743941  3.467810  8.185034  5.839184 12.561507 20.485323
 1.768414  3.136968  7.889087  5.623583 12.335536 19.233923
 1.927600  3.621564  8.495328  7.069545 11.880189 23.860835
 1.677905  3.049153  8.471229  5.994519 12.413063 20.157172
 1.941115  3.158019  8.364643  6.734952 11.676758 19.215949
 1.723249  3.396583  9.310110  6.227649 11.863718 20.892657
 1.798957  3.467942  8.558674  6.093952 13.086251 20.567083
 1.962447  3.169051  7.484024  6.207897 10.324670 18.594850
 1.906167  3.502312  8.305886  6.304683 12.385760 18.099656
 1.868520  3.272307  8.453361  6.571491 12.915606 20.303035
 2.017797  3.594109  8.563834  5.773374 12.406919 21.970577
 1.775906  3.170341  7.914270  5.319327 12.565335 22.110209
 1.802926  3.078948  8.716902  5.973048 13.375548 20.377926
 1.986075  3.520484  8.395866  6.174702 12.264986 19.889953
 1.852906  3.023852  8.251165  6.352683 12.027011 21.509259
 1.769842  3.141146  7.600833  6.130490 12.225256 21.044753
 1.800313  3.479854  8.387427  6.000287 11.327923 18.760777
 1.798002  3.396358  7.850161  5.846838 11.589449 19.888910
 1.945014  3.530219  8.103238  6.602663 13.750502 19.883858
 1.812836  3.501980  8.166743  6.463570 11.066013 19.183556
 1.749363  3.384089  7.698301  6.251121 10.398232 19.133928
 1.957218  3.080091  7.355843  6.419325 12.868490 21.635071
 1.832404  3.198079  7.973269  6.091722 10.392931 20.381083
 1.759760  3.641513  7.315171  5.810172 12.746138 19.915048
 1.808049  3.283656  7.847756  6.058632 11.900993 17.849644
 1.705986  3.545099  8.331933  5.852793 10.945559 18.646067
 1.757682  3.445705  8.753870  6.085986 12.545288 20.384156
 1.794591  3.401157  8.574175  5.534245 12.333364 19.280015
 1.486965  3.012091  8.025506  5.712384 12.844114 19.241126
 1.656795  3.292690  8.274942  6.002299 12.330205 24.036418
 1.824892  3.045588  7.664780  5.760918 12.696646 20.949693
 1.583348  3.378965  7.880100  5.740654 10.976793 21.041405
 1.864003  3.313374  8.415955  6.417526 12.091466 20.691201
 1.677437  3.450988  7.773288  5.794487 11.814833 19.935601
 1.760082  3.549317  8.079799  6.338039 11.987219 20.074009
 1.955478  3.613668  8.481865  7.050998 13.144107 20.687937
 1.826466  3.526142  8.368148  6.762182 12.446594 18.562848
 1.452981  2.960587  8.067157  6.268797 11.444934 20.909053
 1.880048  3.743365  8.009302  6.084423 12.081274 19.133488
 1.827978  2.909538  7.259100  5.329796 11.629657 19.400268
 1.672452  3.270426  8.662034  6.162086 11.291765 20.791173
 2.023104  3.558146  7.806687  5.391910 11.365132 18.488775
 1.775899  3.557004  8.816418  6.035407 11.798019 20.547328
 1.945494  3.464420  8.402583  6.415406 12.039641 20.055319
 1.753090  3.252641  8.141332  5.500760 11.491804 20.660687
 1.979817  3.184355  8.578620  5.489414 12.199229 18.319529
 1.731351  3.074118  8.429233  6.759833 12.377202 19.216334
 1.841989  3.148858  7.847824  5.951038 11.566766 18.021869
 1.723999  3.260417  7.570986  5.836626 10.736720 19.705652
 2.060812  3.319287  7.473335  6.087109 13.290076 19.885045
 1.940552  3.305501  7.829183  5.915239 11.080211 20.861022
 1.728417  3.365778  8.441449  6.155003 11.838657 22.007343
 1.720806  3.413129  8.494707  5.958050 11.994185 17.490030
 1.835122  3.669334  8.148531  5.848698 11.825392 19.718404
 1.725923  3.413070  8.066440  5.559632 13.232757 20.228655
 1.669216  3.198942  7.936817  5.579758 10.867584 19.883341
 1.669950  3.306296  7.918197  6.025767 11.237114 21.008420
 1.991393  3.374743  8.195805  6.221155 12.271875 19.956898
 1.762875  2.989222  8.005660  5.327216 13.167114 20.283752
 1.747410  3.612093  8.560811  5.962332 12.128390 21.176232
 1.829300  3.494395  7.776499  6.203455 11.148512 20.847172
 1.841714  3.333205  7.745927  6.230324 11.537409 22.328590
 1.729776  3.153475  8.098378  5.531781 11.044529 18.755566
 1.943302  3.772082  8.758665  6.131627 13.101916 22.143405
 1.633392  3.070074  8.449134  5.701542 12.395597 20.081076
 1.920136  3.209645  7.280244  6.272327 11.743843 19.289115
 1.914178  3.363085  8.781773  6.433029 12.394559 18.578033
 1.735590  3.544752  7.436830  6.244498 11.699904 19.795187
 1.861048  3.804419  8.030054  6.219035 13.216421 22.233512
 1.718086  3.276946  7.549902  5.584207 12.404501 19.821437
 1.820702  3.603223  7.952576  6.720123 12.443877 21.076898
 1.796772  3.396357  7.649393  6.530536 11.951395 18.409435
 1.765836  3.332238  8.262879  6.244440 10.899011 19.849815
 1.786410  3.412538  7.728668  5.813049 10.756054 20.231090
 1.787380  3.580439  7.408598  5.999531 10.265166 16.153516
 2.000958  3.204325  8.145650  5.935995 11.870346 19.688422
 1.766804  3.306709  8.018178  5.966067 11.003369 20.958155
 1.754960  3.140051  7.371570  6.132476 11.080216 18.178223
 1.779978  3.614770  8.910163  6.226891 11.620720 22.326816
 1.626870  3.175444  7.466019  6.001085 11.023718 18.665210
 1.866204  3.408483  8.780110  5.822422 13.763382 19.172775
 2.061384  3.701557  8.720902  6.512437 13.846361 21.366017
 1.941599  3.350578  8.194540  5.583592 12.648024 20.409365
 1.932882  3.329629  8.171033  6.619785 11.891107 20.710436
 2.079555  3.509898  7.995815  7.112574 12.038837 22.188527
 1.887543  3.525644  7.937105  6.090113 13.439761 19.647566
 1.632144  3.178125  7.489886  6.228925 13.092959 20.257785
 1.995365  3.304661  8.793542  5.586854 12.170374 20.358166
 2.147071  3.609608  7.575651  5.931874 10.841101 21.244712
 1.830923  3.189283  8.371544  6.675569 11.989055 21.381831
 2.027321  3.733004  7.923195  7.344151 12.074273 21.332287
 2.028341  3.604100  8.459162  5.903236 14.385485 20.144723
 1.818203  3.289764  9.219969  6.342624 11.718188 20.765954
 1.771704  3.688233  8.146703  6.292309 12.029119 23.529567
 1.817944  3.485275  8.034523  6.210657 10.968763 21.000515
 2.043548  3.346445  8.133268  7.568952 12.497876 20.919481
 1.708722  3.647740  8.362675  6.181685 11.837597 19.600701
 2.062707  3.621993  8.805817  6.343053 11.697026 20.778779
 2.076247  3.525918  8.231552  7.109346 12.703086 22.008858
 1.840631  2.989513  8.458824  5.792265 12.187887 17.729644
 1.792380  3.078822  7.202848  6.239117 10.549448 20.174339
 2.000267  3.678692  8.261367  6.323416 12.221705 23.304579
 1.842286  3.085475  8.340406  6.340399 11.150855 19.996608
 1.925040  3.650464  8.091488  5.465233 12.384961 18.881991
 1.663124  3.361582  8.753396  6.186727 13.082930 20.531534
 1.825781  3.893880  8.121677  6.151563 11.369826 20.799015
 2.022630  3.561635  8.383069  6.611183 12.133443 19.646896
 1.880332  3.713994  7.851809  6.111305 11.841006 21.201065
 1.876975  3.718629  7.548685  5.911735 12.033203 24.483764
 1.826350  3.558846  8.496167  6.571900 12.391416 19.209112
 1.760763  4.000223  8.234949  5.990279 11.271026 20.189001
 1.851478  3.136586  7.836830  6.278301 11.389323 20.449578
 1.948782  2.999717  7.637194  5.309270 11.858473 21.528760
 2.035836  3.805801  8.487763  6.312507 12.024715 19.568573
 1.910370  3.274400  8.607599  6.306849 11.788449 21.085550
 1.947097  3.614540  8.195042  6.827147 12.330697 21.031592
 1.797811  3.496364  7.507618  6.001666 11.388868 19.377203
 1.747188  3.020232  7.908143  6.277852 12.313049 19.550885
 2.091957  3.371850  8.835674  6.420060 12.638765 20.064029
 1.798295  3.066464  7.156096  5.486542 11.484617 18.401278
 1.817899  3.570908  7.867956  6.848467 12.962683 18.690857
 2.011538  3.398114  8.199097  5.742017 12.100917 22.689646
 1.743137  3.515633  9.375403  5.841494 10.635418 18.790252
 1.756843  3.556291  7.843133  5.864829 11.918848 19.689942
 1.949271  3.559579  8.253118  5.860657 12.255201 19.680771
 1.860389  3.076886  7.342347  5.330929 12.560304 18.600706
 2.011393  3.234194  7.881386  5.494375 11.047222 20.767630
 1.985295  3.764556  9.036909  6.429067 12.640508 18.968066
 2.080799  3.401665  7.857515  5.850954 11.890717 20.834983
 1.899096  3.423161  7.891399  6.285937 12.499345 20.237221
 1.897181  3.579724  7.633040  5.620061 12.042786 23.635802
 1.834280  3.248865  8.499231  6.256140 12.684136 21.136117
 1.876087  3.291089  9.414171  6.482016 12.102414 21.545166
 1.940282  3.383951  8.400740  6.667133 12.334331 21.437247
 2.028527  3.514601  8.221170  6.419330 11.726724 17.900707
 1.591104  3.258025  7.552580  5.726311 11.031071 19.705425
 1.843682  3.048028  8.442192  6.298632 11.821284 19.566108
 1.848744  3.280261  8.399837  5.943312 12.964058 19.247577
 1.693135  3.244873  8.224581  5.699059 11.772236 18.611936
 1.768327  3.442378  7.775451  5.611131 12.710526 21.041402
 1.893016  3.421882  7.690642  6.173230 11.144768 18.950192
 1.930969  3.440322  7.523197  5.790175 11.565987 20.841474
 1.932990  3.689195  8.052508  6.508617 11.387387 20.750417
 1.923365  3.301598  8.223021  5.918394 10.945444 22.041040
 2.053685  3.418174  7.664345  6.654743 12.876246 24.650920
 1.838051  3.131059  7.999576  6.129686 12.262861 21.657951
 2.075118  3.610481  8.812506  6.353575 11.585786 21.865594
 1.668658  3.135500  7.463223  5.803431 11.454692 18.985026
 1.893661  3.378283  7.972522  6.094800 12.396965 18.759295
 1.939423  3.169842  7.919029  5.881666 13.660458 19.422295
 1.873906  3.604911  7.479267  5.592745 13.099986 18.154966
 1.694876  3.291827  8.023870  6.211602 12.349385 20.329287
 1.939216  3.180348  8.140948  6.306837 12.217202 20.991871
 2.009773  3.824058  8.330453  7.558492 12.823769 22.465675
 1.804952  3.512944  8.012478  6.091345 11.648063 20.445137
 1.615411  3.320716  7.134776  5.700076 12.167987 20.525683
 1.841254  3.409156  8.585550  6.476851 12.398753 21.185690
 1.904580  3.052170  8.084708  6.544710 12.963914 18.773033
 1.991838  3.307838  8.411759  6.412884 12.805765 21.828131
 2.056232  3.403648  8.427745  6.315196 13.227764 20.129357
 2.030391  3.438853  8.898829  5.641905 12.380315 20.261139
 2.198285  3.549277  7.885075  6.860157 12.378673 21.225710
 1.830800  3.434569  8.388722  6.179425 11.517572 18.447266
 1.743962  3.346582  7.918441  5.808403 11.138162 18.627115
 2.004387  3.764523  7.648814  6.418372 12.502031 23.108118
 1.918781  3.683700  9.089669  5.853437 11.909916 20.840516
 1.871272  3.542426  7.609116  5.500440 11.740247 19.723817
 1.838995  3.148936  8.563294  5.649219 13.016909 19.658195
 1.855494  3.538364  8.389075  6.366004 12.408644 21.057926
 1.802055  3.173979  8.775617  5.503687 11.567084 19.765501
 1.774841  3.025322  7.097816  5.348392 12.597776 18.237871
 1.677064  3.402715  8.086443  6.453481 11.097530 17.484742
 2.020635  3.599131  8.092714  6.294292 11.814561 20.237322
 1.849017  3.274501  8.022585  5.850935 12.062808 20.364186
 1.903855  3.062701  8.014479  6.408038 11.968617 23.189275
 1.943170  3.690021  8.214111  5.802165 11.057422 17.854922
 1.911192  3.260835  8.018344  5.763490 11.505819 18.776706
 1.673298  3.262860  8.207438  6.349161 10.967344 19.724343
 1.842917  3.244392  8.241519  6.879458 12.456411 20.341875
 1.913934  3.444522  7.641845  5.333852 12.584264 19.860038
 1.997040  3.570683  8.284839  5.930376 11.129775 18.847241
 1.941572  3.135841  8.420544  6.154238 11.695153 20.418874
 1.662077  3.397230  8.418679  5.884280 12.347978 19.909314
 1.796914  3.560143  8.211562  6.458011 11.618849 18.213697
 2.191726  3.397335  8.014234  6.554555 13.535381 22.258026
 1.650920  3.472459  7.985455  6.273995 13.213592 22.300484
 1.695740  3.316742  7.813492  5.587025 10.810020 18.184395
 1.657438  3.143773  7.558093  5.407103 12.571997 18.590489
 1.998443  3.442178  8.082485  6.057139 13.442080 21.888895
 1.746373  3.073469  7.578216  5.548160 10.369642 18.585556
 1.775029  3.054734  8.611311  6.471139 13.168447 18.971007
 1.952299  3.272085  8.974147  6.082487 12.812359 21.988984
 1.641243  2.771726  7.768919  5.740824 11.531324 18.531153
 2.024783  3.448610  8.451956  6.096009 11.792821 21.130892
 1.914226  3.676720  7.684503  6.248003 10.871170 20.477761
 1.893131  3.473571  7.883960  6.654194 12.821345 20.548594
 1.832944  3.120842  8.440830  6.368773 11.331439 18.793746
 1.789263  3.268147  8.354476  6.685608 12.579934 20.954663
 1.916422  3.495051  7.325856  6.564444 11.345127 23.056691
 1.839109  2.993957  8.467321  6.066224 12.905311 18.176910
 2.111820  3.444601  8.447117  6.309834 12.565898 19.673689
 1.832808  3.316753  7.764164  5.819703 11.971585 19.247747
 1.698815  3.574298  8.065036  6.735961 13.143960 21.206226
 1.939307  3.524416  8.679739  6.559647 12.553105 21.373537
 1.792494  3.377223  7.308015  6.220435 12.428041 20.857861
 1.758728  3.005905  8.295487  6.199635 12.166294 18.916846
 1.985649  4.058163  7.452490  6.873592 12.393338 24.265004
 1.810364  3.160560  8.320347  6.119231 11.973434 21.548691
 1.632613  3.437991  7.935373  5.880575 11.755648 21.184223
 1.957847  3.319979  7.718439  6.372414 11.999196 19.508407
 1.769461  3.588669  7.924641  5.771668 12.071362 20.586685
 1.995677  3.754868  8.290818  5.825057 11.276718 20.165659
 1.792161  3.311002  7.897614  6.292242 12.003127 20.197296
 1.826900  3.320298  7.427260  5.698497 11.335625 21.878051
 1.880956  3.202789  7.736449  5.796370 11.257716 21.420410
 1.797793  3.314566  8.237220  5.597651 11.829460 18.000393
 1.752761  3.140710  7.331834  6.056914 11.363564 18.087294
 1.922859  3.882039  8.084571  5.705873 13.110248 20.262785
 1.857968  3.381358  7.235255  6.264638 11.659575 20.189054
 1.880679  3.142377  7.726919  6.312238 11.831402 18.401774
 1.769101  3.128408  8.299374  5.771184 12.044619 21.318915
 1.890633  4.191489  8.145562  6.493210 12.254592 21.340916
 1.987597  3.305915  8.032236  6.046339 11.589852 20.565802
 1.891927  3.832907  8.328961  6.092133 11.019140 18.577268
 1.941815  3.584241  7.696034  5.987093 12.699972 24.956990
 1.758482  3.619707  6.923460  6.115841 13.277270 20.568138
 1.987791  3.678193  7.466843  5.919473 12.148897 19.554425
 2.016459  3.378205  8.314857  5.867702 12.241068 18.840324
 1.707224  3.568423  7.976283  5.423923 11.030434 18.224219
 1.595542  3.173238  7.190181  5.716797 10.509484 18.161550
 2.028375  3.437824  8.315472  6.280123 14.141717 20.369168
 1.886926  4.002946  8.425565  6.382474 13.678216 18.994882
 1.872392  3.400884  8.727096  6.042259 12.010615 20.236085
 1.710393  3.226749  8.106278  5.823906 11.019432 19.149212
 1.788203  3.510851  7.862085  6.082444 12.698980 20.487198
 1.844557  3.516640  8.898500  6.286145 11.885937 20.444706
 1.909169  3.500360  8.081434  5.441171 12.610684 18.956393
 1.786701  3.366636  8.292669  6.478249 11.755455 20.549301
 1.828112  3.404654  8.771900  6.351381 12.063571 18.784897
 2.022908  3.127355  7.617785  5.772842 10.904859 19.905292
 1.836112  4.042688  8.013788  7.001506 11.675505 20.493344
 1.786266  3.339555  7.860649  6.501155 10.773922 21.140350
 1.745924  3.415630  7.514934  6.524073 11.688022 20.722920
 1.781508  3.644779  8.442731  6.249824 11.823842 20.860261
 1.692860  3.485665  7.519129  6.413000 10.884417 21.248477
 1.887883  3.379106  8.362428  6.633159 12.007205 20.514979
 1.863436  3.402639  7.296564  6.263315 12.074723 19.979347
 2.013616  3.744958  7.771986  5.851784 10.750047 20.549924
 1.850312  3.143587  8.094034  6.661930 12.001289 18.741386
 1.959877  3.611832  8.025626  6.520679 13.024270 22.287954
 1.750939  3.541449  8.478365  5.783311 13.410606 23.689706
 1.840195  3.051708  7.669518  5.530552 12.025637 19.630344
 1.710034  3.410017  8.322389  5.617909 11.692317 20.672268
 1.781376  3.235047  8.451400  6.089361 11.717326 18.653664
 1.898055  3.530534  7.397363  6.170616 12.945366 21.522906
 1.995568  3.377595  7.067404  6.049145 12.332207 21.740273
 1.750681  3.277728  8.141493  6.122489 10.537044 20.411207
 1.943007  3.453874  8.354112  6.453921 13.570328 19.477828
 1.832077  3.469500  7.980626  5.628308 11.698848 20.301798
 1.696038  3.661851  7.034345  6.343783 11.643331 23.727099
 1.955097  3.705033  7.989867  5.675392 11.116636 19.087077
 1.771846  3.352141  7.281175  5.389631 11.155975 17.515953
 1.925148  2.983593  7.862155  6.018947 11.948895 20.167213
 1.585179  3.444211  7.362040  5.551036 12.347135 20.281050
 1.823025  3.355757  7.634136  6.189862 11.704589 19.938737
 1.884674  3.102971  7.549240  5.869720 12.290958 18.974968
 1.827183  3.194811  7.627426  6.072709 11.959211 19.710335
 1.957256  3.594970  7.744335  6.948846 11.614469 21.272398
 1.688860  3.626719  7.601076  6.089148 11.541623 20.532216
 1.808391  3.158741  8.033101  5.787000 11.712499 18.742133
 1.875453  3.375001  8.798932  6.245363 12.678072 20.045218
 2.017806  3.217333  7.648468  6.663338 11.987391 18.287176
 1.745842  3.489913  8.102864  6.244132 11.349755 20.177450
 1.827749  3.519016  8.034815  6.422471 11.797981 19.966621
 1.892711  3.247278  8.778127  6.252196 12.309670 22.272818
 1.818156  3.205024  7.403553  6.042752 12.732600 20.126265
 2.120120  3.296098  8.065203  5.863765 12.134307 20.376105
 1.750587  3.443558  7.711967  6.913322 13.185266 19.558487
 1.787558  3.085747  7.544955  6.210525 12.474141 19.121991
 1.831248  3.257026  8.579978  6.069951 11.791471 20.906209
 1.778761  3.842328  7.212083  5.424138 10.871724 19.414133
 2.053833  3.677169  8.962603  6.090321 12.759932 21.811517
 1.894671  3.449659  7.612273  6.776348 11.988331 21.017061
 1.825085  3.400269  7.959789  5.830372 10.823709 21.525305
 1.794753  3.038374  7.228114  4.891972 11.976246 19.644228
 1.944542  3.153046  6.971852  6.260698 11.386184 19.516774
 1.870168  3.472528  7.894613  6.176557 12.430995 19.089682
 1.987371  3.316544  8.292686  6.306276 12.120048 21.192199
 1.733330  3.258191  7.530426  5.654052 10.730441 20.221457
 1.771300  3.162853  8.373936  5.981840 11.378191 17.951268
 2.087494  3.595674  9.049023  5.695505 10.800481 22.005085
 2.101947  3.264671  7.846377  6.387820 12.422670 23.536842
 1.909274  3.504534  8.295375  6.779819 11.651418 19.239015
 1.911258  3.799432  9.825416  6.212830 11.842444 20.380690
 1.825063  3.297938  7.781017  6.479976 11.997226 21.041653
 1.761736  3.246840  8.472730  6.178095 11.841381 17.319287
 1.641677  3.449030  7.874924  5.751515 10.360303 21.588675
 1.547133  3.344604  8.221566  6.197317 10.625903 19.259880
 1.794710  3.258081  7.670536  6.269764 12.356152 20.484694
 1.685363  3.378166  7.469691  5.540404 11.970576 19.014443
 1.887132  3.409966  8.440950  6.376982 12.043827 20.206382
 1.809562  3.179588  8.726754  6.888201 12.473290 20.475290
 1.795185  3.311266  8.208408  5.995665 11.013283 19.851567
 1.767660  2.983490  7.708738  5.482930 10.635796 20.402439
 1.869064  3.353073  8.594707  6.203865 12.766901 19.097660
 1.789363  3.466308  7.551984  6.095317 12.227899 19.258903
 2.022034  3.219627  7.767741  5.670926 12.259367 17.923944
 2.036862  3.527214  7.929702  6.011895 13.170804 21.596784
 1.887727  3.563001  7.419619  6.086491 12.784977 22.514050
 1.931786  3.134795  7.680391  5.651303 12.323793 18.778081
 1.782870  3.242921  8.393659  6.382267 12.619140 19.817221
 1.871991  3.574950  7.041259  5.771957 12.047896 21.274525
 1.979095  3.218516  7.923850  6.485550 11.834422 19.635757
 1.851916  3.190986  8.185263  6.515540 11.582396 19.950701
 1.737353  3.138394  7.687925  6.150429 11.671592 20.406649
 1.755152  3.313292  8.387272  5.599456 12.518924 18.933173
 1.652523  3.311934  8.124602  5.632611 11.024611 19.832361
 1.611431  3.189203  7.710993  6.374952 13.751636 19.643882
 2.038044  3.413391  7.793402  6.124403 12.291834 19.966396
 1.713819  3.382291  9.256889  6.122709 10.973691 19.464618
 1.800746  3.072607  8.877865  5.789541 11.846217 20.371342
 1.658910  3.290920  7.305471  6.171927 11.321335 18.815659
 1.756292  3.361016  8.031256  6.338044 11.818162 19.114590
 1.890415  3.126629  7.723681  5.937201 12.233032 19.050002
 1.875375  3.406013  8.476548  5.315597 11.278402 19.076207
 2.002311  3.609737  8.248355  6.244588 11.148139 20.199434
 1.886305  3.531710  8.588563  6.400118 11.076762 17.730496
 2.046160  4.273314  8.716981  6.767751 12.044603 20.219145
 1.659418  3.615378  7.671312  5.485566 11.824741 21.006544
 1.952718  3.574913  7.916519  5.960993 11.464523 21.967020
 1.763686  3.162841  8.150483  5.987875 11.335599 18.100679
 1.925105  3.688568  7.298668  6.073326 11.902008 21.230389
 1.746039  3.336712  7.876092  5.973847 10.827842 19.959673
 1.610173  3.451277  8.258673  5.595532 12.444674 21.164342
 2.041444  3.722623  7.918482  6.036641 12.737669 21.107323
 1.708230  3.762047  7.874657  6.176907 11.924635 21.834059
 2.051984  3.536701  8.314709  6.678702 12.199943 23.326361
 1.824284  3.283058  8.376797  5.465316 11.131229 21.039604
 2.102120  3.781111  8.402856  6.509361 12.937450 19.516372
 1.798121  3.281913  8.074984  6.099981 11.640358 20.084980
 1.668489  3.041064  7.954718  6.230666 12.231354 20.011754
 1.857781  3.325098  7.569997  6.215311 11.952823 21.525458
 1.789314  3.666345  9.342091  6.643189 12.172677 21.962274
 1.893934  3.867174  8.023046  5.538191 12.717051 21.129608
 1.839449  3.447011  7.953009  6.399427 11.833387 23.449224
 1.875801  3.729762  7.820988  6.643250 11.818576 17.976013
 2.090632  3.428026  8.412512  6.280781 11.464904 20.699002
 1.915693  3.256814  8.430579  5.939430 12.601159 19.074626
 1.762244  3.175965  8.334354  6.244080 11.305689 20.429626
 1.679867  3.289429  7.474025  5.175089 11.679706 17.521008
 1.660599  3.295219  7.819142  5.667097 10.167470 21.093469
 1.768236  3.665863  8.519242  5.364925 11.891540 17.848798
 1.735260  3.430878  7.960847  5.818794 11.026963 20.054580
 1.941428  3.342222  7.179486  6.111823 11.589587 19.993088
 1.606274  3.350074  8.358343  6.148950 10.726890 20.907314
 1.821958  3.369226  8.080123  6.206827 11.369223 21.155578
 1.756007  3.100236  7.616837  5.579763 12.323842 18.042625
 1.899315  3.353295  7.664441  6.624981 11.481182 22.953292
 1.784982  3.117102  7.457165  5.729388 12.706290 20.437530
 1.865239  3.198063  7.976018  5.984795 12.503969 20.486832
 2.027871  3.211895  7.254037  6.436642 11.725830 23.161110
 1.832538  3.243324  8.198123  6.101760 11.349465 19.572674
 2.102703  3.503641  7.353886  6.742809 12.624843 20.427486
