1.766356 0.273998 0.053640 1.189209 0.423224 0.312881 0.422826 1.007539 1.999412 4.554120 3.107196 0.603150 56.970920 0.712571 12.874377 19.205881 18.128911 13.945310 34.545917 0.026407 8.230981 0.179124 16.373522 0.043345 3.567280 0.052748 
0.319775 1.525650 11.168826 1.073127 2.794703 2.236063 3.513697 19.132772 5.783203 1.666010 85.775334 6.827152 2.824563 3.453706 0.111592 5.071775 0.199887 
0.146953 5.646869 0.058501 2.761920 14.824508 1.026026 0.629486 0.943253 0.541269 0.306343 12.662133 6.302952 0.336224 0.285518 0.553289 0.576469 18.996437 9.744561 2.060774 0.675559 5.850944 4.240031 19.873209 1.038591 12.926198 0.334202 15.233049 3.406281 0.357884 0.448499 30.034665 3.394333 0.432478 0.016866 2.076515 0.419580 41.566514 0.706746 0.738776 0.174120 0.854694 15.207287 
34.973228 2.329352 27.759426 1.335786 6.151999 0.403707 0.764907 14.534322 10.687497 0.133242 16.096858 1.652943 0.294708 0.844406 0.388012 1.694067 6.520711 
0.650787 97.764030 29.600318 2.852509 0.714133 9.882917 14.004004 11.921222 213.150893 684.233997 0.165915 0.638938 7.283903 43.684090 1.844680 0.285371 136.972907 51.946052 43.809525 37.969561 16.326915 260.973131 12.947055 64.499654 
0.278435 2.919985 4.050861 0.222626 0.790440 0.865454 3.625595 0.790382 1.446793 1.044050 32.733922 3.742025 2.462182 10.505127 19.621550 2.161682 1.827510 3.280412 11.044337 10.484208 1.464623 2.913917 0.880900 9.571234 3.220753 2.088190 3.129722 11.386700 2.737457 0.888738 10.051958 0.551139 1.285599 2.514460 0.456011 0.525257 
5.064018 5.116897 60.029396 65.476707 21.060091 2.509675 26.893462 6.903658 9.724231 68.506482 6.221544 0.323265 41.718771 0.265854 0.506068 0.692460 1.120419 0.518207 17.679444 16.022669 11.934780 4.084275 6.300282 42.147360 0.228185 2.068301 1.987534 6.323138 3.396382 17.379344 1.819695 1.512766 
27.252589 13.810606 10.174183 0.126072 275.609174 0.389497 9.015205 1.915323 3.493945 0.791056 67.451871 0.494557 2.756565 8.248678 8.123833 105.219291 17.505130 5.295615 2.253615 2.838833 5.868063 39.586921 0.798692 3.673549 
0.076188 1.777768 0.930218 38.002464 1.230470 5.946727 0.503887 0.193989 33.472499 0.350722 0.652669 0.838981 16.703825 39.075324 9.187495 
8.349949 0.987139 6.249785 15.031871 0.494230 1.081268 89.541758 0.884955 48.255818 7.139257 245.043997 3.273690 4.764100 1.332570 12.544843 0.548521 9.372804 1.740250 0.880123 5.827111 20.951044 0.099238 4.253911 1.329249 0.461840 
1.071147 1.024189 1.686547 0.119186 0.530205 0.601190 0.732815 5.457501 5.966480 51.041695 16.394085 11.326037 12.669202 7.158216 7.517795 1.744606 3.758006 1.634482 29.958534 0.522440 1.032571 0.255154 7.907109 0.121869 0.195502 14.579513 1.481372 12.393974 3.825235 1.231033 0.058874 19.709240 1.845970 12.724409 1.599137 0.185839 2.442906 10.974185 7.272777 
1.632667 7.397811 8.943708 62.739519 46.601587 36.598477 1.043150 13.952359 2.560043 0.201733 3.003568 6.152251 0.794082 120.762321 3.841404 9.175545 2.164513 88.300014 135.457473 0.419991 0.240767 
3.459732 0.827900 2.978788 11.735776 1.344563 0.263561 44.127055 0.448841 1.628330 20.024797 2.634673 318.041807 2.399439 0.332180 0.047386 1.881759 3.690248 62.916780 22.045651 2.381419 3.395022 0.340041 42.554454 2.016506 6.072726 0.925756 1.292481 0.237586 0.687024 
14.148441 20.505052 79.513365 20.186931 176.057816 19.937002 385.094776 21.536195 168.905493 5.312890 4.083690 0.917946 1.267108 0.179875 174.329636 0.180374 9.567624 7.265491 0.277386 2.492272 1.117409 
90.387329 0.946601 158.876626 4.604624 391.515561 0.459879 1.226420 9.339003 9.477137 3.104695 
1293.008962 1.369227 8.997475 696.929250 5.775334 0.501275 22.134118 0.314864 83.720340 14.444987 4.277375 13.247322 679.806688 0.780437 560.225497 1.818919 1.364088 2.463440 751.940386 0.646448 56.908709 3.109385 
254.489949 1.138675 435.430489 1.791061 13.418572 747.935344 22.216727 147.734267 30.988654 11.310492 9.291327 758.403616 23.935068 9.595809 482.146057 0.354352 1.237101 22.873099 0.474323 20.253346 4.852071 0.280563 11.343192 194.366173 9.325995 
0.487450 0.959990 0.098766 67.793981 5.482744 18.434844 7.488960 5.744059 92.846623 0.435605 0.335746 0.845412 69.656562 0.791879 11.770204 2.537257 1.933993 69.003153 128.885955 2.411895 7.988448 3.996927 2.367319 
0.646076 0.205571 25.711058 27.222730 0.564626 4.001467 4.185662 3.712641 3.490058 0.973689 0.249379 4.798700 20.287978 5.301596 0.199049 0.465985 2.464799 5.519471 0.894440 5.256413 5.695831 0.035231 0.681174 1.365887 0.324200 1.306688 1.761814 0.600726 5.722743 15.153868 34.581915 38.511931 1.062748 0.523575 5.246212 7.749994 6.427922 1.264885 19.265323 0.286652 0.139258 0.913526 1.536895 0.390429 0.469403 4.873742 
3.904889 1.544739 0.724726 29.983959 0.459532 0.452936 1.906503 8.178389 1.928075 1.109007 9.013832 2.047141 3.221860 1.115379 2.488489 26.562642 31.849111 0.099931 6.606395 14.835404 32.367725 39.558106 1.752894 0.104204 1.206273 1.896524 48.165206 0.681206 6.028005 11.152810 16.064247 3.569459 119.771178 0.115190 4.180301 11.850704 0.089983 25.224967 64.918235 2.875490 0.078150 4.827371 15.114625 
0.199342 0.446458 7.351139 16.950750 0.788268 21.328175 21.795383 2.205724 8.398360 0.475055 37.709118 9.321571 5.760870 7.336139 2.908526 0.200673 2.032485 29.054217 3.931042 82.071522 0.678477 2.059082 4.008290 353.647991 0.400255 33.923305 8.417853 214.907861 8.259607 3.192851 65.813635 5.549753 0.250242 17.971935 
0.186854 0.887216 0.071932 15.757429 12.786431 0.294834 6.241654 1.611831 2.277626 1.794179 3.018563 6.190470 5.453640 145.625292 5.934592 1.985550 9.143062 
2.072836 0.728217 11.377634 1.163518 0.713770 51.982442 0.518780 6.957552 1.212374 0.912812 5.336628 9.094211 2.586296 15.156634 37.586829 44.803723 5.633629 
0.469955 192.899287 6.641433 22.988944 27.413391 0.855476 372.630808 2.203917 0.674310 19.365110 3.102368 1.684650 8.156376 8.080033 45.019141 0.209656 5.622600 0.568528 9.179023 0.196462 0.317223 139.568081 9.182224 
0.767223 113.354137 6.798671 4.088328 5.636589 4.245258 1.092226 30.582868 1.194840 53.555191 41.987113 7.006938 4.898752 21.916486 28.011422 26.484114 1.272857 4.973881 7.162017 
29.878104 1.602021 42.322797 177.311108 23.528621 4.091480 21.963238 132.602632 0.290132 7.616196 2.076132 0.607132 0.842866 0.745968 7.911492 2.087972 15.785536 0.358144 1.436477 26.747011 14.327452 63.208367 
8.388521 1.310142 0.702318 0.825514 1.668524 1.269031 53.119633 0.858147 5.472283 2.500807 36.061058 1.320883 6.583374 0.966956 13.717727 3.807296 15.111279 0.433130 0.798764 
12.680768 0.241179 15.200204 0.662211 1.912279 1.202568 12.945497 7.515707 0.692026 34.877063 8.408254 9.109793 4.320638 0.611672 328.801607 6.096042 1.164309 54.309788 18.554854 5.037910 1.268449 2.573681 598.718343 11.872942 2.132543 22.727449 1.008222 1.006064 3.165680 4.209391 2.439222 
1.454084 0.244173 43.860629 1.340570 8.088617 0.065200 0.576595 0.364391 16.846634 3.419600 0.658026 2.335666 0.205225 75.857384 0.251286 4.384149 139.732323 7.453145 4.619263 0.367551 18.851686 8.240449 0.140795 73.708759 0.974251 27.464191 1.434639 
2.596634 1.625206 9.281258 73.658595 14.338249 0.904391 1.812195 7.972080 0.256187 31.132657 35.477287 0.638516 79.941893 8.495819 0.339347 2.148482 0.423944 0.163033 0.721702 0.409330 3.510848 
65.859625 12.880493 0.836239 0.297535 18.898338 27.959198 44.459599 3.501959 1.646956 1.540559 0.339546 25.949973 1.076450 1.628239 136.744418 14.134741 56.168804 12.278385 20.110725 0.726602 11.780855 10.167139 0.528818 40.227671 11.895494 
1.428981 1.456373 0.267478 0.982673 2.328779 10.922533 2.807217 4.242787 43.135226 1.353840 4.544592 0.932482 17.204715 1.326319 0.591384 12.079855 39.980103 0.340993 0.899075 4.689622 
30.907893 0.456691 139.307295 27.781145 329.570498 0.067340 2.183378 197.382829 18.593276 0.515928 152.222099 3.539876 9.692242 0.289193 165.556932 3.067705 1.075866 1.760038 4.603619 0.921149 1.924037 0.415416 2.302513 5.484102 11.132829 6.249318 2.949826 4.036573 0.474770 1.585522 2.386951 5.101296 
1.078222 52.672268 0.886798 0.544775 21.625963 2.526932 1.290809 43.845181 1.487276 31.652962 3.095601 1.234154 0.168664 113.472331 0.445959 187.543620 18.119565 
179.417689 1.016201 15.008193 0.351033 0.424912 849.893335 30.771449 33.021093 85.133014 614.095089 3.467384 160.207407 1.488565 13.417018 0.124267 290.197484 
17.563241 0.600444 1.835291 5.787894 1.355228 6.475661 0.262328 57.324875 48.797412 10.333606 0.961491 0.396136 283.211583 0.756744 26.704001 16.249119 2.359541 54.749099 219.344164 4.190720 0.550812 4.825746 5.633048 4.476645 12.210476 0.935372 21.079700 100.498374 136.435207 4.698024 
4.853647 14.124486 0.928285 5.226974 3.976762 2.096511 27.092872 1.859712 0.701475 0.107819 0.419213 388.644592 2.780394 15.030165 0.233643 151.737657 244.233108 0.208185 5.428174 202.591646 1.255505 26.448330 1.094883 4.104077 2.829664 5.629003 13.402455 53.873602 10.198743 16.558651 1.091073 60.833320 
2.507996 23.059924 0.940255 8.932210 5.885252 2.753240 2.467298 35.788025 20.106226 1.204835 2.598987 5.860648 223.267820 3.199862 1.374883 0.805151 2.023558 6.724796 2.069503 2.903483 5.628632 97.506386 1.352972 0.099314 2.121033 0.566062 156.699644 108.069006 0.147225 40.573227 0.378389 1.375628 0.325615 3.975030 1.232338 1.047446 1.647728 104.403852 22.367053 
519.042084 7.734100 17.083944 1.809898 1.135769 1.813814 34.979163 12.506519 0.834655 6.659244 25.266763 1.019473 8.446523 3.602218 3.138212 23.505220 21.095073 3.708878 
49.917816 45.696586 69.308925 1.428944 1.338317 14.783231 0.387281 7.583086 2.563282 
2.189105 170.598230 1.061666 1.894306 4.318812 1.016370 0.214435 7.174763 0.724700 2.418287 1.214921 0.060437 2.364280 15.506714 0.427118 6.389502 18.327120 3.742942 1.748205 3.365361 32.759889 0.361150 106.355920 1.785418 12.308661 1.153859 2.631825 
1.174146 22.986882 3.174224 0.277952 4.646768 0.780410 96.654085 1.080983 28.054201 2.296257 1.483053 0.508125 8.218902 31.276315 6.613069 7.843900 15.273873 0.537533 1.977450 2.155650 43.398704 5.673095 21.254516 0.305688 2.070032 0.065951 0.658866 8.530677 
1.199796 5.797177 103.137796 8.246788 12.514756 1.249790 17.890518 0.798387 84.394838 1.261479 8.286569 0.850203 0.133423 8.930402 20.965956 79.851296 4.731130 405.452673 8.681801 7.004346 
2.336558 0.535193 2.238993 82.356733 136.396232 4.835274 61.127554 0.222658 0.624992 123.270518 0.565492 0.889197 0.393866 1.220528 19.606908 1.091184 30.780040 10.016698 0.163753 14.028279 8.279353 16.382636 40.737869 
87.350743 14.902109 59.109665 78.465087 1.239439 6.126667 3.736267 0.761150 38.038013 11.423432 7.587424 9.613960 39.182642 18.733665 0.198326 61.880137 0.999434 5.003157 4.119810 1.939819 0.270615 0.309621 15.783145 1.094724 14.265458 12.738783 0.556335 3.153714 8.967303 360.133675 0.803449 2.886216 123.330065 7.301452 0.667291 15.351267 21.546234 25.293249 4.053012 
42.110256 19.417797 30.014132 53.464593 1.155533 25.121972 2.845621 53.787302 62.557624 1.641159 0.651339 136.226284 149.411796 0.610772 0.391861 0.920094 117.089534 12.510900 49.865819 18.193619 0.842495 7.853775 0.356310 40.648060 0.933020 0.861426 15.030618 0.899701 6.390512 2.611429 
13.373789 98.930607 34.732065 0.587556 47.124223 54.003901 15.582423 149.755278 14.781128 1.245503 131.306230 262.279576 16.461739 1.727334 23.942062 10.942754 3.366312 423.413355 10.590408 222.888332 33.555858 1.195454 2.223631 477.536228 103.824731 10.497110 14.100150 0.447306 11.284069 13.018663 0.537100 
7.307752 106.350059 9.334219 56.111192 0.431845 2.816993 160.294781 0.123315 12.654326 5.661986 2.271982 0.833913 3.121677 2.196900 0.049105 1.129914 9.351869 2.331712 57.598581 1.434057 0.487987 8.034931 0.058382 2.066618 6.879007 13.591193 0.864012 0.381677 0.418411 1.956511 3.930418 0.807586 0.116991 4.070366 14.783966 271.229125 
0.766273 5.505086 14.332146 0.575833 0.609907 39.423448 6.727970 0.345428 0.886720 1.045168 1.645895 160.245870 1.042157 2.840654 24.097732 1.304338 11.089934 0.518416 4.145513 27.425368 7.372856 0.343421 
3.233243 6.823230 3.433333 16.877421 1.807353 0.957917 9.340386 0.159755 4.704018 0.517896 3.494345 6.129798 7.730130 57.013532 0.358741 1.985721 175.418120 0.652055 31.785550 6.577460 3.731475 3.584895 29.596590 2.070045 35.304585 39.112457 0.343182 0.733346 16.584394 0.550220 
3.923345 1.212495 5.449053 1.881133 0.742965 29.370166 1.261351 144.877103 6.495131 2.619075 3.423435 17.707813 34.926386 6.570775 0.106404 0.321704 11.862708 4.745892 12.837071 3.891852 245.491515 16.610093 173.125355 0.592927 2.183580 584.547356 38.289953 12.774231 64.613627 1.776111 14.442812 0.267239 0.498450 2.573119 1.395542 22.573549 2.843885 1.449454 0.779961 39.077089 10.839811 
2.863273 1.742421 15.838488 1.867683 1.772434 3.628765 0.512092 76.984095 0.679053 0.652928 18.155973 1.216368 14.769933 4.005792 9.766570 1.109991 0.209429 8.873155 1.331058 1.087798 0.235405 1.937885 0.829005 17.706104 
7.319229 27.041491 3.761387 1.575369 0.855687 0.939971 0.227142 0.593171 0.389361 0.355787 9.404610 13.441148 1.943673 44.124315 1.382202 24.422693 7.276105 14.643562 4.563629 
0.184649 8.788711 0.708764 49.973903 8.037567 1.109620 1.256141 32.036019 29.801315 3.153206 0.634839 63.365965 22.532716 1.918067 7.204537 9.045519 8.309869 0.869926 6.348437 2.347399 3.740702 0.331815 8.050645 160.200738 7.972004 490.139484 297.076683 1.210978 
5.268606 3.019775 13.054516 3.719361 0.093401 5.020879 1.302759 4.693777 6.177028 6.440097 0.767753 32.462882 1.419022 1.487144 1.148585 87.135732 35.182407 0.263635 0.141211 4.008761 85.124813 0.426649 43.533944 0.702219 0.759040 1.641464 4.388142 15.779697 6.173040 0.298423 0.157802 8.553064 34.035731 
9.792084 0.553613 8.507950 10.761856 53.280131 11.101729 141.088876 108.542268 5.045883 0.741921 16.157456 0.158120 3.796828 1.633760 10.950820 11.811195 20.150536 66.213666 16.820145 6.021434 0.364491 0.802264 14.961817 4.063290 14.790997 2.779421 1.018737 
19.014577 0.655618 0.369938 0.061302 6.113504 8.811667 22.456915 0.492307 0.907194 0.223497 118.278769 0.312871 2.425480 54.664838 1.190281 106.203669 116.342791 13.412469 0.287965 174.613287 1.652990 0.325658 9.335214 8.868549 2.498384 1.984225 
0.405075 3.673034 0.185488 0.655570 46.294689 0.336164 6.263805 7.868135 2.968329 30.094604 
63.365378 3.470535 1.399180 2.856864 8.140605 0.113896 0.204675 9.640332 8.874359 0.737965 1.337003 7.572448 3.247497 2.299796 0.400076 1.722471 0.838737 18.850226 27.711949 57.585711 1.810198 6.882255 1.835694 
0.264248 4.365272 65.720459 9.752283 1.417852 0.601728 0.199702 13.462467 1.106148 7.107953 0.403487 0.112781 22.611476 176.807869 0.961680 2.364747 19.881351 65.268390 0.455674 0.067408 31.319577 1.803229 1.061967 11.543640 0.831797 6.197978 0.431447 34.413843 
1.746684 4.102324 2.220353 0.688239 5.104621 5.373488 4.522824 20.601808 0.101219 0.126426 0.376591 14.161392 0.157205 1.172928 2.876627 0.738082 0.856911 2.789451 0.235176 7.380124 82.057462 2.583740 18.188453 7.002951 149.756682 7.596206 1.638843 27.086127 0.721228 22.547637 2.415425 82.381743 2.887282 1.285080 37.489444 9.936034 0.076721 5.500037 6.212848 
0.041594 0.941742 281.253839 10.871747 3.761917 9.099526 0.256771 42.904492 0.538168 4.027891 44.313350 1.152770 123.998513 7.276755 0.625006 4.884855 2.345483 14.465388 1.896517 
18.436948 0.470729 12.613627 33.608650 31.252618 0.270285 3.424139 0.930334 25.421385 8.753972 0.505263 79.757850 3.962022 6.322529 8.538096 6.286397 
24.495646 31.747637 61.235378 1.457083 0.419240 2.646183 0.344670 19.433648 62.872588 4.942331 1.470670 5.343201 4.158142 0.346632 6.954900 1.882556 1.070293 2.135319 1.156704 2.254232 0.236152 2.103185 31.766396 2.066705 27.110137 0.716275 258.065434 
455.792311 1149.453809 132.630008 273.521656 972.172973 3.919707 2.183100 1.187751 0.278779 0.680575 88.100815 112.722168 
11.838259 47.227560 56.255919 0.163570 18.007140 21.472162 21.280386 2.899314 0.142070 1.245530 15.084495 3.641124 141.108700 86.628921 9.853412 1.561105 0.194185 1.877287 15.728128 2.912077 10.860259 4.381587 5.653422 1.906421 4.198837 131.987702 0.459797 0.060750 70.493383 5.018507 0.041292 3.584847 0.195756 0.187116 2.515652 0.697630 0.400335 0.091186 1.057766 
175.698949 1.357123 0.138556 67.718751 0.572683 7.435214 223.268667 0.536719 199.005077 0.528861 6.681717 5.610436 0.625385 12.597066 1.803752 13.602379 4.436742 20.023281 1.098237 95.087949 4.392417 3.824169 3.101304 1.564912 21.389018 2.383210 10.571126 0.320572 74.787049 0.291717 4.533870 15.568448 0.155415 0.535672 0.087343 0.420568 10.576491 2.236035 25.778898 
0.671944 0.526329 13.593283 27.736814 98.749361 1289.990268 2.113307 39.571848 1.811670 362.068624 14.709071 0.669340 789.509962 20.786040 0.843638 1.976943 
10.449375 18.350629 2.920163 8.625933 0.756367 1.111371 320.321792 4.448940 2.233907 0.733752 13.876340 30.048635 1.637010 8.513211 16.506127 20.597238 
0.591949 0.637674 66.508026 3.305487 6.296757 0.125574 45.019716 20.640821 0.309165 1.163474 170.902387 0.227107 18.619759 13.134866 1.668154 0.807285 0.241713 28.361469 21.069966 201.335588 0.686372 281.808708 0.745674 12.464947 16.686547 0.650703 0.139083 4.093868 53.700714 1.829322 2.938697 0.439339 36.738574 1.237309 14.239868 51.032255 6.775823 26.402014 11.361858 1.595117 0.329079 0.720540 26.853958 
13.132077 109.947371 14.079352 5.953245 5.447266 6.072099 3.241065 2.931329 1.642523 17.346314 7.383799 1.169976 1.293704 0.543699 1.133797 0.550413 15.652848 16.999204 0.768751 1.853133 0.949874 67.742996 29.067996 0.973461 29.839457 
29.667482 5.419160 3.710985 84.973411 0.781952 1.924488 0.528766 2.665763 0.508681 9.801094 6.603959 3.341803 3.356921 1.267734 1.887204 0.916769 0.447551 0.183083 12.194549 0.918869 1.045486 49.966375 2.885638 19.769366 8.017968 13.705191 5.215415 1.356089 33.545089 0.507082 24.631477 1.673944 6.989896 1.498332 13.273871 3.558017 75.292253 5.385285 0.355069 2.474632 
5.634310 86.581719 4.041945 1.512241 16.078721 1.153214 0.552117 120.215248 78.481802 2.500934 0.924727 52.492953 1.209960 29.241755 1.020629 54.237977 1.982476 10.440155 0.830510 8.790438 0.228620 0.113085 56.063266 0.203561 60.786910 10.578646 
18.146205 1.265375 0.907369 101.275752 3.823187 5.512108 0.089438 0.778415 1.469009 9.806947 0.478040 0.437489 0.621830 3.438578 28.225534 10.985859 45.578200 14.616657 1.601128 103.989685 4.488292 7.870312 2.403034 29.017052 71.842641 91.007612 1.075753 8.532561 7.383029 4.176721 48.413745 
0.320516 0.655539 41.230984 4.463608 66.351198 112.057200 7.355553 0.966829 4.282231 7.276104 1.184392 3.376299 0.254766 3.801351 6.713037 3.948688 24.679692 0.742741 0.625106 14.344268 1.255548 2.317388 4.291102 5.077836 
189.259138 3.468549 2.011744 159.870795 0.717869 0.253215 2.911009 8.532704 0.549722 3.992119 12.900307 2.213015 1.782253 0.411889 5.829191 0.323723 0.183284 0.278400 0.231104 1.834419 0.098698 1.689905 0.041320 2.365541 0.204499 4.112041 1.786226 0.211219 4.653132 1.315295 0.716254 100.374882 34.152925 6.237728 
23.294466 25.990791 533.864493 1.291951 1.452837 12.890625 2.318410 349.910725 11.104070 0.128183 0.188812 118.184153 33.213062 436.351526 0.251577 8.216060 0.165599 3.892541 14.417078 382.123149 2.441386 5.087319 4.817829 60.964454 5.549802 0.199863 6.258303 34.714558 38.773528 
1.323523 0.738494 1.132179 31.946195 209.779532 3.584424 4.429214 5.922975 1.104341 20.392024 1.396085 0.654481 13.607519 0.558554 12.112160 6.690329 
11.929062 1.948866 1.272768 1.091675 3.841809 1631.758843 0.965800 0.305722 278.198734 279.495319 0.609535 0.549940 1.803798 9.114244 6.166416 
6.901301 218.897403 8.280888 10.286743 0.142590 63.333556 1.528326 195.265942 41.953812 0.245222 48.755099 0.207672 73.235644 70.004869 4.508487 1.947777 1.527931 86.805261 
3.227112 381.446960 1.200632 2.646425 14.009532 50.224730 1.393164 0.896593 17.598642 10.494427 1.972210 17.426841 270.128989 2.897520 0.946079 478.340956 25.451465 89.372512 1.270769 34.211751 
3.786325 5.497017 45.105136 1.824671 4.471118 0.694768 8.579950 4.984865 18.217162 0.993663 14.274910 3.494733 24.397257 4.961248 2.518868 1.133571 27.793229 1.603572 0.652447 0.521556 9.180787 
0.718867 2.146388 0.180416 0.114039 91.582349 63.317963 1.389603 50.274643 7.719225 0.913881 3.325623 330.433308 0.291733 0.512663 119.083215 4.252839 2.388418 1.674393 0.877347 4.954828 0.743997 2.982860 0.066562 178.226425 1.627489 104.411062 6.432781 125.171598 0.323270 
0.869743 15.969630 250.270201 48.383719 0.395029 0.231597 1.151793 0.584670 1.370341 1.399216 0.715409 130.843812 18.533913 0.850281 0.241542 1.875543 48.620385 143.409065 23.713867 0.561912 103.701127 1.071026 4.471521 2.728690 
4.817015 21.475069 93.581424 0.112446 2.554603 2.231873 2.939547 9.026356 3.070234 16.709089 2.844677 2.065239 4.170294 10.048456 1.052318 0.171987 0.386085 5.600829 1.210519 0.590871 0.595685 11.254091 0.046247 0.297634 6.045317 0.137140 5.223959 0.685509 
0.272138 0.844602 0.248986 0.872590 0.899339 4.190141 15.382921 54.864369 0.733764 13.745652 45.916346 16.033971 14.926271 0.659592 30.946958 1.687964 52.744983 2.631928 2.666373 7.542664 48.897899 0.413799 50.868275 1.726671 0.525800 1.368631 44.985407 195.653375 17.753621 20.378863 
0.255066 9.442472 0.610696 37.592020 107.575530 15.569009 1.191193 0.848547 32.092401 0.709537 23.074899 286.729476 8.740862 1.523973 303.456792 0.119430 
111.047552 9.995323 1.334952 2.504153 6.395276 3.675027 5.137542 0.172613 23.021444 3.083364 0.456632 364.113688 1.611684 1.355457 20.361355 0.915781 0.548264 1.217036 2.622849 160.715941 1.301519 11.316867 0.140172 0.051045 0.497517 12.025546 3.956605 5.124217 34.943715 
42.695166 38.432423 56.892537 6.478210 2.447578 31.437601 0.248908 9.592417 3.289116 16.001163 0.183064 3.508943 4.744103 3.937227 11.102932 9.678528 19.875190 0.398492 445.750928 5.318420 0.368489 1.083674 0.511586 96.062851 12.682710 32.370371 4.542240 13.349337 32.249486 0.368833 184.325830 1.423072 10.809842 44.701435 1.519354 6.742314 1.535623 8.706391 2.332946 7.363891 139.525566 0.599972 13.961790 9.311661 1.010336 2.317622 20.098827 4.734265 
37.410617 0.198420 0.378349 1.657825 13.357302 198.093718 5.211850 150.717830 54.280267 2.560998 0.699341 191.000630 5.392480 14.109663 15.129765 0.578193 10.058734 10.239083 
2.325715 0.889820 6.743004 18.549929 0.288566 2.307137 0.350077 14.262812 12.192002 13.796734 0.831642 0.180296 2.115003 0.823929 6.118377 
79.318540 91.240409 1.372878 0.506418 0.444983 0.184341 3.116179 1.201854 19.196585 1.641548 10.804095 28.444776 146.071966 74.965994 27.020436 0.771604 5.378836 28.756206 425.513643 
13.698194 4.813094 0.351480 91.312836 0.718331 8.276783 0.656555 260.392906 319.534587 13.361765 0.763910 2.615660 1.985818 21.099748 353.826445 5.755282 408.047186 0.456731 2.098367 2.586044 0.704192 2.918666 
3.000714 348.860321 0.325506 6.870152 21.420118 2.381945 245.690193 2.445499 0.772590 0.880923 15.539383 41.779209 4.860584 0.462821 5.946268 103.578211 13.381686 0.190911 
0.303214 3.030533 1.881534 0.208113 4.336258 5.992672 7.389079 3.842679 15.566428 110.657220 26.477198 58.923122 77.198298 0.315108 0.511773 5.213071 0.503001 8.465867 78.196788 3.106511 0.206967 43.740958 9.002486 
2.605786 3.679087 0.482039 42.231627 0.604796 0.938661 1.089067 74.648968 40.052848 1.350604 29.693630 0.385441 1.485717 167.092490 1.849088 0.537406 2.844699 3.722656 359.880467 18.676741 4.248397 0.487646 0.452573 26.560583 0.045542 1.067277 59.321386 22.557716 0.170453 2.539776 12.336235 28.646518 2.092325 0.736249 
0.321645 18.823263 0.416994 81.668667 1.936004 25.440625 32.484741 63.746311 25.530312 1.010018 15.890264 16.116834 0.250011 0.966431 3.312272 1.103511 188.256130 14.520009 0.095493 
49.671507 3.189638 0.393821 1.556864 1.412926 0.747106 1.010845 0.142065 1.325517 17.893743 9.586566 8.837698 1.362041 0.186132 0.431090 0.131032 17.288349 2.351519 2.402249 1.698030 6.044076 75.176083 0.936820 5.399263 16.615684 0.903895 89.067045 19.772903 
6.011724 5.508908 25.692562 0.341096 1.438968 123.406677 6.547532 4.864058 7.404917 9.683851 6.425731 2.183138 130.350770 1.806814 0.551522 27.528276 0.668489 22.317904 3.964168 20.785371 5.004864 1.344927 0.884984 6.394457 6.322686 
1.884563 3.158684 0.540914 31.796925 19.090963 2.661158 0.414321 0.152474 3.770215 13.579958 1.352912 18.559445 0.136544 1.838430 0.038900 2.041522 7.201233 0.734033 0.598346 168.821649 0.191462 0.730454 2.525340 6.518754 
0.681571 0.726778 0.675032 0.539159 29.431198 2.569547 8.105433 24.151213 4.096999 15.150276 14.505509 3.001355 3.945979 5.928747 4.386689 5.939423 2.064143 7.168479 7.694506 3.958322 8.778307 
0.685770 76.959980 0.148727 0.110537 0.344492 0.155184 9.627722 10.095221 11.302467 
16.608776 61.347861 3.475590 3.230426 25.102611 32.493184 1.049771 0.607718 43.883526 4.713769 93.278787 3.324912 20.516210 91.429440 412.231373 1.908885 31.804277 47.166289 2.666288 15.115770 
47.311395 85.790043 0.134766 5.360234 14.805281 0.325175 2.120717 0.221132 33.550788 5.624719 1.077978 1.065910 1.775728 2.456945 17.808893 5.529092 2.285368 3.046128 11.666200 0.948000 33.427958 0.261552 68.420739 1.276819 12.598111 0.226226 3.118111 104.083323 8.409431 1.049477 6.916115 2.752138 1.137981 1.068025 49.120305 1.951197 6.772264 0.735014 0.460996 1.858196 28.150951 4.869468 296.184114 2.944103 0.735371 7.981458 3.745731 2.036342 58.003908 1.830739 8.458873 14.525765 1.539843 
3.807336 2.906226 0.935114 10.350314 1.983810 32.447194 1.261919 369.753518 704.733424 2.681507 1.017536 64.108142 48.038656 3.052193 2.765405 5.658904 8.937445 8.651025 42.570979 112.916606 19.902907 13.670647 0.637561 1.723556 210.636682 0.337019 1.426901 4.695196 322.859822 38.631801 13.032392 0.843808 7.847978 
20.235141 25.144374 518.407426 0.110807 455.500364 1.816667 198.322426 242.224598 1.234231 11.297297 0.357782 13.583413 0.232109 0.788695 11.942261 0.652225 4.173824 6.187728 10.444199 19.653281 52.611539 158.611684 26.550102 4.386211 5.919606 2.483098 1.714248 1.835592 24.385166 
2.419994 5.576093 14.822073 1.147093 4.201588 1.415277 0.727977 8.775500 3.144916 3.152011 3.446763 0.214372 4.054710 0.449434 6.103604 22.308850 3.449658 0.758503 2.302320 2.076136 8.140330 23.358258 7.643057 1.926554 0.960983 1.624741 2.589433 6.051840 3.028627 2.105214 0.832844 0.745775 0.996037 8.757434 0.713196 2.518101 9.651934 
0.688250 13.549538 0.615892 8.338083 31.505882 2.514513 6.790641 1.178517 2.758264 6.470719 0.771129 1.578291 5.555926 36.166120 6.880463 0.080242 5.742378 0.205162 24.858356 10.489141 0.429168 0.086304 0.726933 0.636807 2.018599 3.174146 27.947853 1.963848 77.226886 0.250699 2.040795 6.059326 5.395127 2.108138 0.240381 2.701253 1.522297 2.299442 
0.782563 121.613326 0.707323 104.473152 0.614825 0.351113 4.181672 213.495095 36.125996 36.720350 2.068758 1.329722 0.343494 1.042134 142.311071 15.933676 4.512583 0.094298 16.392345 309.713135 0.396241 50.963249 1.950051 6.672637 0.159632 3.671069 0.697045 
200.362834 6.646039 0.961398 7.406494 0.598584 55.759331 16.470611 0.905802 103.208705 7.232158 1.268177 422.891022 1.024319 1.557546 54.090396 714.039599 
0.205338 139.519862 0.956983 0.129308 7.827707 4.732862 0.866752 3.008837 6.557277 1.703751 0.047623 154.862532 0.357303 1.275097 4.433855 1.890121 9.144002 1.853366 0.382850 4.215094 0.062362 1.032280 20.386334 5.019900 0.508967 4.107483 0.221902 2.837502 0.824667 2.138566 1.813449 
1.751895 15.033650 51.923909 1.401100 15.050808 0.129009 7.222749 3.783971 0.729336 1.265087 77.532919 15.648609 0.591059 16.239887 85.129548 0.519878 1.986640 270.869353 131.310662 10.493253 
3.803716 27.667463 0.170137 611.265437 6.952313 1.427803 4.431695 11.464301 2.281446 19.036881 1.749706 190.839826 4.620620 509.527380 1.039066 5.010080 7.708699 0.374556 29.368388 12.170224 71.632601 0.522577 32.994054 
2.285295 1.167697 35.261747 2.470545 9.552779 2.852031 2.216644 188.055341 0.341069 
0.397650 4.663185 15.734854 21.556910 0.471448 43.998887 0.331287 0.549745 22.260715 8.232811 0.029995 2.220244 46.340932 0.956856 0.235778 0.521280 0.658347 9.302790 0.049023 12.480923 8.296457 0.442324 17.961251 66.880207 9.814702 0.056150 79.885778 17.895063 
71.592499 3.126272 248.021784 17.798567 550.170378 0.263508 178.581491 1.535284 1.304223 16.859570 0.958975 1.936322 
18.225220 0.958111 1.602336 0.364684 33.034495 2.715974 1.027950 13.151116 10.319746 17.242683 22.746061 13.309995 0.382556 33.047399 0.417171 13.928643 19.367144 115.370455 0.131158 0.635814 144.450131 29.700988 
2.900942 1.685035 8.651780 4.125722 2.373257 13.245990 2.502568 0.692245 2.129676 8.693516 16.272159 0.411134 2.841403 0.411538 0.448844 1.707665 0.876488 0.719130 3.140578 0.685946 0.794359 0.333280 5.453774 0.196240 10.511515 9.619715 3.717502 1.834209 31.717411 2.329218 4.510131 1.375336 0.817523 0.536244 2.166311 17.814051 
3.052618 1.046825 2.524977 1.061194 179.981173 1.928099 7.259896 20.155304 1.653166 23.982683 42.827361 8.635959 150.099371 0.509978 31.602926 13.279768 1.268607 
475.157613 4.200420 0.511510 4.684442 0.832252 1.117644 1.364951 21.673709 25.506211 10.480211 0.578520 139.960260 3.607480 73.538161 0.112515 0.330049 104.178383 
4.176776 34.678401 171.378385 1.028552 1.411819 13.104318 10.762757 11.220580 21.205016 6.201551 7.066080 
1.123386 60.956858 1.041154 0.256650 9.406494 3.556572 8.025736 15.744351 97.302236 1.049454 1.682128 20.535472 1.906615 41.260207 2.732057 1.543692 33.310732 70.267860 5.679229 1.245751 6.310115 
0.823517 35.716790 12.333255 0.253732 249.225451 6.783477 3.168110 135.336770 0.784347 460.958418 25.412029 16.979911 0.828990 3.496554 8.560442 71.829025 0.327614 2.278603 4.012947 0.546487 5.716921 40.281151 
0.597253 81.332692 1.343504 1.217487 0.557519 243.417895 18.986190 12.460034 0.936531 0.407901 9.788547 745.166503 1.418109 11.365105 32.683534 13.865241 1.027532 
0.404986 1.980207 104.470107 20.376777 1.683632 1414.424844 37.914877 
1.014487 2.729165 0.418541 12.265107 4.845612 193.764861 293.890636 437.369606 14.355554 533.984551 21.081461 305.686845 14.258078 6.608478 19.761380 0.694831 46.294815 7.504813 1.296801 18.578231 0.383380 19.779941 41.173560 0.568604 11.924777 0.496191 23.297370 
6.803793 94.985802 1.738827 1.670798 1.893217 2.853019 1.737248 0.233560 1.660743 1.111720 76.839101 0.443837 344.904289 0.553612 9.076364 59.625161 0.229789 137.850628 14.717484 1.835741 217.055033 6.574584 12.304209 1.206573 
0.439613 1.501364 123.520724 42.590254 16.567986 2.842723 25.797360 0.857907 94.708435 3.672242 7.123098 9.139321 0.196769 63.068442 1.022300 16.117472 1.042804 48.925177 5.105472 0.592925 0.482114 0.840566 33.286215 8.550726 43.625351 88.551684 53.583758 5.310945 86.062804 1.049944 28.450021 0.216614 1.434662 13.821676 0.094009 
2.846382 10.547284 3.581758 0.193139 21.011615 32.008815 2.759186 3.532652 18.000844 0.120818 6.285496 43.183255 0.492299 2.267691 0.516097 15.095421 0.528003 1.532605 66.252319 1.644885 7.806171 0.506761 0.130423 5.486743 52.138375 0.068680 0.267048 8.819262 0.838075 0.492517 
0.531541 0.722881 0.929478 0.820332 248.105941 0.680436 13.020439 1.097336 0.921991 3.553529 17.690210 1.730515 10.015231 7.437098 1.285249 55.000107 1.524619 3.521516 0.269129 5.861699 
13.933095 4.380299 4.977722 0.390118 1.978525 1.087053 0.745902 361.259843 10.726808 47.681594 0.739262 16.573694 36.164969 82.987803 0.169827 1.811665 15.091792 32.869149 1.075855 8.685962 22.893887 36.890664 1.424970 0.688001 1.145924 0.887004 0.548548 2.819925 94.911684 0.164052 3.860866 1.610404 7.151248 2.549949 2.706888 76.071052 
3.054701 1.442152 96.185822 2.968806 67.615842 434.452939 2.122737 0.432911 0.296139 41.080780 1.395450 9.850915 6.573360 0.186731 4.359063 1.038281 0.110371 
3.469090 16.319352 1.033665 0.591541 0.268225 4.553855 1.172963 3.251353 0.263828 9.978165 0.598859 1.296619 63.674330 3.258861 4.565383 2.189366 1.825686 0.520951 2.313999 1.075489 0.640506 0.115098 8.889029 
32.525709 2.230119 3.015963 0.507904 0.451357 0.904282 6.511939 930.305798 0.393655 6.878258 81.367319 40.962043 14.969172 53.392556 83.436295 34.261376 5.263078 10.983144 23.939406 
0.755515 31.279601 15.721843 3.677090 0.780764 7.605001 28.011598 1.908058 4.436754 85.192030 1.196833 0.167354 0.177801 49.167398 3.072816 3.266665 12.299351 1.613214 40.424100 4.730473 18.708472 20.522850 0.686416 
179.195730 4.835330 15.043911 11.156358 71.285435 0.487886 1.602216 0.905756 4.941279 17.365476 49.013795 58.593362 9.892546 0.731918 16.146498 7.959746 4.088913 1.699043 2.287292 0.048680 8.184249 12.941545 
5.336590 8.362156 0.313854 13.621532 1.490848 0.100455 42.912758 71.500467 4.569515 13.341064 1.608671 22.652159 12.267012 1.851394 1.196029 0.239229 4.391601 16.284639 2.889920 2.302946 3.245535 8.514222 14.335182 24.951240 
3.065165 155.439813 0.212104 0.556931 4.665505 0.709589 3.686961 9.990472 1.067306 8.337252 5.326616 0.640322 7.747616 30.086973 4.901863 107.123873 27.827180 0.722250 18.589483 0.065766 2.781128 15.107155 12.779895 
20.231929 1.077214 0.153614 102.070218 46.096457 0.452577 0.901420 1.703048 13.265881 0.394524 6.110913 2.237072 0.089803 23.608423 3.692499 6.423361 90.298939 11.641073 0.710644 0.449430 0.955031 1.325862 0.237210 0.295922 11.345283 1.725588 3.296295 10.728969 5.854167 0.118019 3.051244 17.243926 0.393404 
0.682755 16.513833 1.099858 0.074005 24.932543 0.419313 0.038412 18.307692 0.479913 5.012584 4.888775 0.166522 0.235371 176.641310 125.030662 0.245834 4.714886 0.088052 7.270772 1.217037 1.047952 7.468692 1.350228 1.314798 18.093939 1.980987 0.215335 
0.926566 0.639288 1.330578 2.886207 5.818729 5.598127 7.370607 1.872807 0.395650 0.641202 4.032164 1.693590 1.473379 2.130865 3.256310 2.269713 0.621485 2.211345 14.304553 0.991120 6.839592 1.925870 1.040873 6.724978 4.633597 1.167380 5.800551 2.853009 0.140585 1.877979 1.634165 0.661218 1.155208 2.847260 24.735683 3.702039 2.414648 3.786651 1.348089 3.245966 0.605183 0.879657 0.146447 0.748879 17.495942 0.313433 1.004951 0.961792 0.878167 
17.401099 1.838921 0.272053 82.901565 1.118087 2.586500 19.709237 0.739839 183.317948 22.532384 7.115257 0.260892 0.612971 1.739485 
2.383494 39.253573 2.012384 1.438704 2.542615 4.196184 0.871725 18.996302 32.347105 0.693472 0.196510 343.551661 126.979137 397.696257 3.755007 151.735933 1.453175 12.897222 
17.169160 5.083317 122.885920 11.188325 0.307115 0.287611 0.498192 24.542174 4.381977 3.107791 7.454749 4.499176 0.138458 0.157008 12.144902 7.868686 119.059885 31.933327 9.206060 0.169168 5.754194 275.673847 120.399807 20.585901 2.709129 0.855151 0.429959 6.015336 42.966674 0.226337 2.574852 17.956842 0.257439 15.622069 20.866405 
26.704131 17.033642 137.517585 124.954783 0.553402 831.057721 3.964493 3.153381 17.970056 338.442443 248.324173 1.196749 4.294456 10.200571 136.945295 94.556323 2.600021 
0.317437 1.624415 3.429115 2.642317 46.154966 0.589839 9.112067 3.132692 3.048057 1.503740 3.105251 366.542257 4.018702 37.839480 85.686428 0.727723 2.771007 0.342445 0.301418 3.199615 95.345599 0.683772 257.552147 0.387568 48.852067 0.939443 35.551535 27.252080 40.451629 18.781408 6.852981 1.589230 105.474694 0.450924 
447.270376 9.165050 0.820846 0.701613 364.916328 2.626735 0.810800 1.163294 0.750360 27.277686 52.733497 36.160230 
0.550343 14.515050 104.056519 2.759652 203.796278 18.382995 1.386065 96.437507 4.838208 0.680619 2.330348 11.227188 22.976639 0.361500 1.777465 
9.167689 122.037637 0.879185 23.688883 0.330154 1.014854 0.507229 1.436292 0.673920 2.228641 1.084298 190.417489 
1.888681 2.461986 0.493664 3.611767 13.382551 1.243983 1.299900 1.566612 42.283842 0.215838 0.162734 0.668773 0.155916 8.106154 3.627856 8.821915 9.111631 12.967399 2.867499 0.261680 20.021402 
96.238694 0.131240 0.107697 101.703317 0.827815 0.404716 5.115683 10.171324 2.023483 0.221184 4.202036 284.716712 10.599358 22.418462 6.297869 3.443978 96.424595 673.505768 8.522531 0.970104 21.038264 4.561622 1.382420 
3.510007 2.405429 1.230660 9.848291 10.241167 2.299123 3.529751 2.401285 12.848657 0.069918 0.658052 0.692653 176.116115 5.122994 0.931795 139.521488 4.010248 4.878708 0.634604 27.084380 1.941914 0.934038 25.197250 8.675027 0.138270 3.113936 9.839494 8.448442 0.599233 
29.746622 26.298892 1.048839 471.315608 1.016251 15.189571 4.573198 39.771979 2.293127 52.520569 0.465188 10.200801 1.747505 1.300203 1.032981 0.565427 0.558490 7.076975 7.937299 1.754428 0.462812 7.843174 8.242582 0.847959 47.500849 0.687865 0.211795 0.225088 0.080877 0.223169 27.898594 5.332721 6.138086 0.806776 2.412346 0.278594 1.187966 2.403687 0.883949 
0.522661 50.284628 0.428912 0.552317 6.694728 121.171592 6.349914 0.948873 0.965041 0.971019 41.294001 1.560184 3.647017 2.495649 0.179486 4.913847 1.214774 26.158476 7.817087 0.858447 
87.782458 18.533384 7.424633 0.880705 0.441238 14.679020 5.210890 0.633270 30.202134 24.217505 2.632272 81.237586 3.849049 4.174298 98.858877 266.286332 1.036803 1.548944 1.728867 0.241866 18.573814 3.958364 0.717341 1.152686 0.330468 2.960250 147.365868 2.475580 544.831242 
0.476356 398.459770 5.598948 35.318879 0.902222 354.350787 19.466284 1.902173 2.045026 611.219980 133.652472 159.322439 209.277279 50.196436 0.998698 
0.098845 1.461495 1.091317 4.756253 67.878596 42.046641 7.575178 37.047595 4.228200 3.591699 1.210088 1.221393 0.406935 0.558850 1.766906 11.101086 45.056608 0.397391 1.088582 0.549922 
5.164261 0.195331 1.143936 1.468546 84.380816 158.052500 0.515994 156.696546 44.659616 5.338405 14.868838 215.152153 1.233307 0.514737 9.787027 1.510531 0.418096 14.968819 167.671043 39.837559 0.803786 0.669005 0.293760 0.048311 0.837122 0.459949 30.725511 0.769697 0.484102 20.854294 3.745120 1.046952 2.933741 41.964404 20.498682 70.255900 0.997833 18.296943 0.581880 0.080834 0.949626 29.169702 1.106883 4.519769 
0.973866 2.606459 1.973359 0.373666 2.029208 67.634841 3.230735 1.522880 1.724469 0.611017 19.866483 1.018148 8.744182 15.307126 3.926884 11.425335 3.720787 0.739787 0.212177 
20.840933 0.720917 3.088023 3.105133 18.282709 17.092375 3.539956 47.807305 1.486239 9.490759 3.248469 44.840742 3.708892 20.609139 11.726953 2.088327 1.466245 13.789392 0.627257 1.033467 
2.259365 1.454226 4.448670 3.046004 9.023106 7.935518 7.285603 4.098634 10.204018 31.912985 10.315778 16.231950 2.142219 1.757082 55.198175 1.960596 1.658474 1.024824 0.604338 14.293572 1.243343 0.196295 0.415089 0.098752 0.750067 137.061537 1.800105 3.011301 0.249389 12.463145 0.835221 1.779355 4.597482 0.238651 78.157784 10.929420 0.331642 
1.441751 45.128583 5.879621 6.400312 5.851593 0.752993 7.169118 20.803863 11.134270 0.773781 2.067633 47.159167 2.746368 3.515271 9.265115 
1.200589 42.427196 0.805755 4.085584 2.722855 25.332659 4.876474 0.920965 7.006901 4.126789 7.989201 5.056755 8.837579 2.002675 26.521201 
1.824121 4.586828 0.797802 2.131389 1.337201 0.449589 2.072985 0.808851 1.954399 0.656275 2.866074 2.463060 5.619406 1.134532 0.824200 16.730592 6.240722 
0.159337 8.360689 2.298724 4.613437 0.940657 1.526531 7.777379 1.337039 149.716522 0.303447 5.900951 8.087374 8.230210 364.013569 185.430220 5.584085 23.238205 5.898320 183.181504 5.770648 2.967035 5.171144 31.445064 44.146221 
263.119466 278.477440 6.959051 80.343520 9.098008 141.951540 0.164898 104.482038 204.073401 0.949948 1.714673 90.840570 0.300072 0.364874 12.182512 0.470697 462.370057 0.098679 0.738595 17.198892 0.865376 31.385319 0.116051 188.128516 0.506459 1.295335 213.119424 0.561058 1.068563 2.417885 14.542706 7.167547 0.599141 16.898913 0.480330 
14.306196 0.341098 0.153085 1.555480 3.461694 4.739873 6.710729 12.695170 0.275977 3.971069 3.847228 0.369305 0.181839 1.166676 0.640161 47.200999 90.135552 2.580219 61.592014 4.127138 4.791970 0.295320 0.700211 57.791887 64.817808 32.928346 0.498750 0.617454 
0.885217 8.425402 0.262111 0.446175 0.375678 66.578121 246.672841 19.215850 2.872551 107.920635 0.084666 15.741651 1.962482 11.167720 5.555006 1.457962 35.676443 1.246895 0.223504 1.905238 
74.063485 7.053050 0.122583 2.264173 106.226301 6.551716 15.947566 1.374204 3.435545 6.499122 0.774370 1.171259 6.904099 0.471467 21.762969 117.080252 16.651233 4.349461 0.542909 3.840094 10.090104 5.038823 6.929418 0.493172 29.040072 4.749718 98.054863 2.909158 2.124701 39.577707 1.196352 0.807998 15.466300 52.300840 9.693990 3.221519 
1.479458 7.360118 9.833271 14.110136 2.924961 4.521605 2.256348 0.944470 2.879535 0.410965 39.867003 1.186559 1.505772 0.325113 0.408375 0.277196 5.062608 6.145412 0.203999 54.836013 0.426810 0.631783 10.607699 13.407037 57.901242 0.883890 2.004240 1.792811 2.153468 1.385629 1.917322 7.148979 1.324926 3.160408 2.624880 1.185841 4.419606 18.442882 174.697639 3.605021 4.702918 1.632378 7.872373 
119.819220 0.514709 1.190157 3.739117 1.446917 0.276431 1.174691 37.668921 36.603859 26.349940 1.270119 22.849282 0.300949 8.565616 
0.882645 10.885535 4.583643 7.497663 13.006755 0.190893 4.355211 1.390664 0.532763 1.989517 1.413185 2.596573 0.746499 2.775484 1.431553 0.674402 23.213717 0.316880 24.706700 4.700834 24.088589 78.814678 0.117567 1.053741 3.234826 7.969172 53.181988 1.594964 0.948874 0.032416 8.033727 
0.122001 1.623952 0.095276 0.717363 2.853272 2.682616 4.278319 0.773520 74.956824 0.106816 1.036102 2.281079 24.390022 3.400232 7.957525 1.256849 15.062620 3.708577 0.032313 0.891912 2.014188 1.876252 1.060830 1.403913 0.876443 1.090637 0.139823 0.407572 1.363315 3.613499 1.192709 0.495282 0.278008 0.542418 1.264674 5.644273 7.177306 0.026410 0.881197 1.605087 3.030686 0.240579 
0.757851 0.201127 1.401703 0.741910 2.380199 259.725163 15.517392 102.218535 0.318622 10.361294 0.651449 6.598187 450.004522 0.366702 1.377542 13.901714 2.139575 0.850078 22.537827 5.226792 0.193146 0.953360 86.451678 3.364693 7.919258 0.318721 14.684475 1.666554 
8.757980 4.164831 0.378540 10.107192 4.767326 1.821952 0.359378 10.289006 2.413345 0.713867 1.121529 3.999133 289.085460 1.912259 15.219212 2.696938 42.656968 28.194119 2.775609 1.758933 1.723395 6.837661 
6.783473 0.534144 2.637773 107.578702 21.710483 489.732976 0.884396 635.057408 2.182066 8.702733 
34.412881 3.201145 0.656364 11.419435 0.458053 7.957659 7.715991 5.452487 2.804673 0.738800 14.537162 23.062577 9.427117 5.039952 0.487494 0.898222 0.379997 0.619111 
5.638716 13.012785 0.327384 126.179575 0.086388 31.899873 0.386466 29.868726 0.781759 2.074197 5.592225 4.001828 269.735256 0.349664 23.811911 1.237482 4.347469 0.563895 2.222810 6.489157 3.565896 14.869137 2.174551 0.856340 
35.379468 15.515453 4.576043 0.885906 0.480576 0.174753 5.306097 3.974416 238.766516 20.394848 9.931078 0.271097 4.028882 0.647643 1.023977 59.473765 0.541708 6.155978 2.237322 77.877079 54.017269 7.483990 120.214631 0.256399 0.350668 5.025463 1.819994 0.529969 11.204002 120.065111 1.216918 11.845097 22.767506 0.412425 1.465844 2.710696 
0.383482 3.484714 0.031210 35.769869 0.521081 0.108545 1.160497 0.136266 4.427182 4.224840 0.364800 7.486310 2.632178 10.186596 19.232178 1.294472 1.523511 2.147621 5.707371 11.737861 2.696034 8.320541 20.293532 1.359285 0.181033 0.447403 8.539806 6.190091 2.804372 30.279887 
0.230090 0.623739 1.983052 14.525947 3.984580 0.828996 0.479010 3.214564 1.979939 17.765654 7.500676 6.377508 4.154593 12.598127 11.360115 1.441474 9.279479 22.115143 1.756624 0.428510 0.087937 1.350078 3.380190 8.641033 12.112576 0.444695 1.252922 54.536301 
1.409078 18.556239 0.161848 30.110526 3.606796 18.449103 3.667694 0.067354 1.617988 131.511782 86.966068 1.269985 4.401565 3.725164 6.471041 1.697069 
4.904466 0.525925 5.247373 4.746593 5.203559 0.851575 12.604412 4.604718 1.596165 0.597283 93.404476 136.061767 0.414956 2.020072 0.457293 2.556371 0.528688 1.051631 6.744726 1.257442 0.302525 302.882570 8.257510 2.091709 2.544497 353.865100 2.550473 15.880825 
23.042857 976.109454 0.852088 0.531222 0.252481 0.317114 1.305301 4.494278 184.680352 152.783150 1.436595 3.479568 0.235835 47.414644 657.414141 3.503583 18.400540 27.762130 26.347041 25.833816 221.564202 6.035409 273.516937 2.689850 9.886995 10.550693 0.356126 918.976253 0.498636 20.806031 636.214085 63.573328 
2.894749 6.795654 3.700408 39.685948 27.205863 2.246779 0.387080 3.333210 3.586132 38.473378 0.480057 3.478031 27.259555 16.070466 0.328664 0.217140 11.064809 22.558066 6.774275 16.589886 0.342414 0.275973 41.558663 2.201448 0.179846 0.592925 12.040683 
1.947622 2.909478 2.349242 6.711649 6.989734 0.355300 1.833847 7.517971 6.868398 16.357504 1.306143 1.813220 2.063305 0.352413 3.617551 4.108141 0.830869 3.278291 0.347649 2.834273 1.300115 2.082845 1.560560 5.049270 3.218908 3.680163 5.888995 0.915212 0.804323 0.377058 4.256379 0.831692 9.649281 2.324503 2.996462 1.419624 0.642426 77.235097 
5.722335 20.856893 2.786191 0.523395 27.066103 5.531183 2.597196 4.689660 0.495850 4.754503 95.481282 13.288085 0.517436 12.938968 70.932133 657.340346 555.655580 103.518288 0.614405 94.855429 0.713830 0.300853 40.505591 16.299438 2.068709 0.952786 0.807514 42.097355 12.648968 4.003669 
2.002746 1.073259 2.271218 0.916857 4.616060 0.420697 0.757086 206.844883 325.968695 2.124954 4.887261 6.597687 51.369457 3.468489 13.791412 318.644601 1.026411 159.036816 13.772852 0.073734 0.848758 9.166739 50.101023 8.816852 16.558158 0.585642 1.979481 0.604501 6.858542 0.998303 1.440553 75.474553 0.399960 0.442191 35.741656 0.310950 
20.490061 47.166489 0.510205 2.745079 56.339317 2.891795 62.490772 62.366760 0.465551 0.447370 29.084331 10.748643 1.385718 138.310887 1.669779 
1.167830 1.470405 108.454485 40.758839 7.965020 0.582278 25.940368 0.782184 2.866368 168.739108 0.773540 161.897997 2.421416 0.105687 2.157901 240.264759 
1.275922 1.249830 5.488502 0.804548 7.246254 31.844476 51.610949 6.421274 0.916131 0.256632 3.120792 23.108466 0.209706 0.827870 2.357750 0.874853 2.104150 3.286704 1.109050 1.966620 82.366182 3.162323 15.838736 0.212829 0.485876 
20.985297 2.306416 0.433739 0.170906 2.913527 37.896835 2.824090 0.516092 0.371225 51.651745 0.680960 0.880706 18.828916 0.461396 3.689529 1.582124 9.560629 1.447897 304.852732 9.656332 
0.593262 5.071063 1.808435 2.656919 3.405631 4.344381 0.396860 0.875464 1.655668 0.613601 0.881748 46.414984 148.960654 41.106572 1.744050 9.174578 10.770606 34.878445 3.022892 8.033494 76.328735 2.530627 1.595769 62.766550 76.184538 
10.142635 189.410482 0.361753 14.426408 59.163102 1.012839 1.157561 0.458200 70.301378 1.120137 87.043435 6.762578 24.846888 108.791315 12.668417 2.850964 16.989780 
0.452855 0.302486 2.765864 0.192987 12.171909 6.505645 8.944480 4.544369 0.121690 48.440145 2.865475 0.650857 0.313897 0.469808 0.580572 0.719359 5.109751 1.042363 4.725783 1.115522 2.657734 60.475147 1.303817 5.313254 10.652283 3.850517 0.359939 0.499872 0.746057 
0.270390 254.507173 15.002791 1.178252 100.526265 26.839249 23.716700 74.580307 2.843921 3.917175 6.064299 0.220949 0.453490 77.517876 21.890986 0.897190 33.037727 0.763677 0.532189 0.045082 1.744835 1.502409 
32.130898 0.834270 24.384164 1.084315 18.284386 2.804140 18.557492 25.589271 344.515748 0.789943 18.583078 0.215264 8.336368 27.015574 3.637130 4.069098 19.626450 74.351736 1.211307 5.483851 139.325620 66.649836 
4.966137 3.414914 0.416653 0.765304 10.978791 19.862863 13.227212 4.660073 4.141196 4.225775 0.550053 1.249137 4.550946 2.243507 4.467501 8.335700 8.027797 0.805471 262.338606 1.360987 
1.397344 0.767953 2.156253 2.652699 3.189978 0.033195 8.103210 17.091112 6.683336 1.820088 9.101119 3.274925 3.869749 0.634105 6.834838 0.849003 3.659209 0.286140 1.667509 5.245427 1.000449 24.950968 7.394093 9.053603 27.249809 6.482946 21.442958 
0.863842 38.832092 43.999952 0.060240 0.834824 18.351535 1.100398 2.557495 1.331775 0.256861 0.184493 2.123101 150.859054 1.581710 3.394127 2.928884 1.149624 1.255414 2.810998 0.580084 
3.683995 0.643779 0.942182 0.866815 3.544492 0.146611 13.417345 0.470345 1.406347 6.709839 50.728040 65.301213 5.499594 73.426135 0.713876 1.203900 23.834337 
1.954287 8.114333 1.056986 4.292714 0.856211 159.302073 80.368307 2.369377 19.725266 1.026861 1.892010 0.333461 6.431307 90.865738 0.103951 0.178455 0.168886 13.609919 63.299832 15.304610 19.189957 1.049092 1.290426 57.433288 12.873440 1.688871 0.106983 1.125205 0.400225 3.343572 0.260291 2.747351 38.148693 151.877476 3.664277 5.210779 0.256023 54.052038 
5.870911 10.205594 117.344909 6.565563 3.377775 0.093188 46.732191 0.040893 105.117977 2.861513 2.654000 3.745384 0.176510 1.028635 0.376764 134.326526 1.820290 0.661239 0.379355 3.622842 2.000380 1.102764 1.781087 0.379536 9.556564 0.242661 0.037467 13.667196 0.161997 1.008026 1.589895 
1.017476 2.044590 0.477087 75.753103 40.674770 2.528548 28.765917 1.719698 51.653235 37.095413 1.897187 2.014702 7.994555 53.902352 
5.993109 136.525659 0.326552 18.914407 3.036175 0.564709 3.840314 5.351088 4.189537 2.989239 3.573367 0.244861 0.309797 36.928350 0.093342 3.484249 2.555607 1.603555 2.908699 0.386415 1.037222 0.549167 6.548603 57.079994 0.163398 0.365668 4.281895 0.673405 0.661945 0.304557 1.089901 1.921875 
2.482151 0.843124 43.866872 0.376892 915.844201 13.547043 1.931455 19.024695 50.920766 436.357132 25.084510 0.100182 1.478216 316.317886 6.706141 4.959947 384.678789 4.440888 1.333519 0.905495 0.245531 11.052542 8.558847 26.596851 4.391466 
0.726720 2.935298 1.631473 1.495847 26.393802 4.693197 1.660329 0.669971 4.969389 5.640992 2.255710 1.146209 0.738976 8.993176 19.497110 6.468485 7.547528 1.672954 5.198004 2.098364 4.196229 2.835780 2.077899 1.202891 8.261476 
0.673955 0.509570 1.062787 2.980787 9.664751 0.668899 30.218164 7.328473 70.170282 33.392633 0.192690 0.092506 55.275491 5.989632 3.504974 4.596424 1.024170 1.687344 0.525699 3.390653 8.775928 70.855543 1.701274 0.276075 71.274257 1.822628 
0.067753 4.741315 0.081234 15.624632 0.893700 6.062735 0.272549 3.499361 5.074864 35.192002 0.329659 6.898936 1.564119 1.446786 6.748756 
0.800618 0.574003 3.015426 5.773370 17.179468 0.115889 1.416360 0.218893 2.466790 1.587026 7.271201 1.961416 2.571068 1.334047 0.206031 1.826184 0.933652 0.591349 4.359263 7.453218 0.494746 7.225517 4.132416 2.006833 5.941881 4.054935 0.557337 1.865520 12.989530 
10.397139 11.108316 62.067354 0.052333 129.736942 0.418585 6.424096 44.596581 165.779541 17.780772 0.659105 0.692383 5.412740 0.069587 3.017301 0.538967 0.301399 14.413366 0.104173 1.850265 4.843075 20.464178 
10.451143 0.225478 0.360508 0.868844 12.562431 3.070551 0.721621 4.186023 1.745452 3.403908 20.866754 172.888499 0.137289 7.440642 9.630401 1.652358 2.334202 86.542421 84.430654 3.277121 0.284402 
4.140882 0.797976 28.090987 1.371638 3.752868 134.736658 1.747036 1.083576 10.239612 5.622371 2.969199 1.601155 3.777369 3.124895 4.635211 5.832924 2.735237 3.677869 1.586116 2.860150 2.897045 18.425884 21.755175 29.602962 
11.315218 0.449349 0.241143 3.895860 142.806963 1.043228 110.892935 35.524007 24.613587 6.670537 0.443289 3.643686 9.038586 2.922810 21.732640 29.973000 32.173156 1.074601 121.537360 7.084501 7.063939 0.745682 16.255325 0.231047 2.790563 7.664530 38.144443 10.648818 198.080426 
0.993003 113.225296 1.780048 0.198997 5.818041 0.959642 100.843196 1.535478 5.377722 11.805877 5.025993 73.907728 3.382436 20.062428 0.420547 0.235416 4.731010 9.019283 0.531019 5.657226 6.570357 57.256576 53.925118 0.251861 0.828899 16.869249 170.229350 478.094057 
3.546575 137.964129 3.922959 0.424211 1.253097 26.423815 59.060189 0.169866 0.341663 60.723407 0.290395 116.128130 90.958680 1.084969 42.831636 262.527298 10.810255 0.194055 4.917492 414.970395 0.233009 5.194499 5.619048 116.915812 12.452404 1.077161 3.516374 13.455855 8.384915 
15.992503 0.564970 8.830130 0.412309 7.868854 29.003151 39.006609 4.311633 0.909818 37.480140 1.702559 1.336537 0.082719 0.749606 11.159887 3.212257 1.886352 1.090381 29.599770 1.655249 0.639348 19.600101 10.499841 0.047601 13.968920 0.518591 
2.757750 92.426031 0.427546 0.499988 4.392188 0.268150 67.355058 12.346511 1.214314 11.474908 1.016612 1.252670 4.381431 0.120737 5.594750 0.714861 85.921744 5.372473 59.630992 10.263106 
1.110308 19.879118 0.135711 22.448423 19.456194 0.763045 5.124963 4.639799 3.149168 46.128281 47.707928 0.093653 31.529682 2.442190 1.034016 0.165786 97.638513 9.477464 0.069555 143.400165 
38.735970 89.173430 0.277438 294.500894 268.850743 0.264893 2.453088 1.232787 29.764219 7.664283 168.247609 5.304379 81.232612 93.607202 400.181157 0.096302 1.563142 0.503584 
26.456733 61.898959 0.453941 0.419882 81.314051 40.343429 326.070612 2.581573 0.265908 1.957696 0.749895 9.180805 0.567431 4.268006 8.966529 15.646352 538.416820 0.820861 1.481672 92.234514 0.437563 140.528775 3.005345 45.347863 2.105154 0.479318 
4.010556 75.560551 18.711183 2.557218 1.043764 0.724746 0.592338 54.800288 3.397565 1.085447 0.672982 809.171022 17.824397 
3.181737 0.531020 2.016866 0.601434 17.258545 1.148925 0.498267 240.959242 51.861877 26.773917 2.706955 21.682996 37.431981 4.098881 1.776646 12.587213 1.931978 0.947011 8.555527 0.486894 7.718716 
62.459849 0.417731 613.210254 0.738717 312.620683 0.215987 10.501376 0.921539 1.353027 3.454513 3.883738 4.078440 20.997696 1.548566 40.981880 0.367146 5.803304 828.802068 
52.923952 2.618970 3.810944 0.237073 1.412432 55.199853 2.566640 11.419904 0.109221 12.340371 0.662221 0.765602 
1.703248 0.145269 0.401667 6.737954 2.360576 1.531646 1.635763 0.430375 5.787994 46.835573 2.931523 10.302954 11.042742 0.489159 21.121391 0.072888 16.272262 2.603893 12.880683 0.346400 7.828774 0.590356 0.146232 1.056855 1.318878 2.517592 4.732711 1.892008 16.445635 33.837198 0.400030 57.489775 
258.463926 194.081942 129.889242 2.655432 38.242061 2.265231 1.346179 1.083128 0.619378 112.438103 97.609129 0.986645 7.237427 10.208058 8.796713 11.730913 3.243126 14.926953 0.447267 
1.159712 8.307678 2.560522 7.242048 19.017901 0.366059 128.810642 22.456383 30.134440 5.781332 28.037832 0.948466 5.390560 0.862486 9.059583 
4.473008 39.002405 1.650754 1.961488 43.543718 0.345954 9.701437 81.996658 1.071281 11.088902 85.454743 16.068342 0.173695 9.673881 398.992630 0.768309 198.697937 0.311626 12.627338 2.016271 4.314956 32.428400 8.659252 8.059153 0.141484 202.666152 0.519891 0.541369 8.132460 105.269769 9.400111 24.145639 94.458974 0.185749 152.307545 5.665407 4.457333 6.366873 111.834140 
31.811952 369.499598 2.550051 2.642909 29.578588 58.057797 5.056414 0.706985 0.666246 255.007561 647.555203 1.670623 189.484087 0.368986 2.450452 115.252220 363.920878 32.176537 0.963431 0.535126 39.585534 
0.879988 45.742490 23.798578 2.285682 0.256813 6.585515 43.980295 1.097939 0.820869 3.680614 13.459717 0.076888 3.935104 2.812391 36.705842 8.328713 4.592180 11.150727 2.945440 3.204733 0.823712 2.378705 6.278045 17.427027 10.274096 1.030216 7.814325 0.065618 227.262286 
12.791810 0.594056 1.966043 9.664026 37.533305 14.324016 157.301964 5.126858 0.752837 131.792227 47.926386 9.495280 7.133214 33.627310 10.696383 9.347130 2.067933 1.845407 453.183449 7.218879 13.219223 0.572595 0.345574 10.976599 6.199727 36.693873 1.122301 42.650034 88.401162 0.337418 67.171447 0.565252 0.241627 
5.123408 45.025493 9.150271 1.404765 12.168231 26.831016 2.377184 5.176769 16.636744 1.250013 2.681035 33.156813 5.450691 346.156663 12.263627 18.678909 46.082149 0.533817 4.677352 1.330277 296.130888 0.609060 99.231247 4.101379 2.259562 1.561254 0.287992 133.181399 4.961908 0.166418 71.430258 0.187725 12.063522 55.415105 2.594925 36.142913 16.967905 0.186402 63.492673 1.621700 
3.741474 0.411562 3.028419 0.919928 1.176719 144.712288 196.494755 24.837609 112.648296 54.181846 0.359802 1.917700 1.529551 201.838943 0.381123 1.228037 0.623304 275.117922 
32.514268 10.062230 204.928794 6.160106 0.507494 0.503446 12.568762 14.865798 1.663154 4.714871 0.533686 14.349179 6.652095 11.365205 0.409618 0.885998 0.262918 0.032103 5.304468 54.575396 4.863922 
6.184302 4.523806 0.245414 8.990614 6.782181 1.771567 13.806537 59.412817 13.966735 2.215849 76.563641 0.468131 0.419290 10.054052 10.164043 564.416128 2.004194 14.544768 2.219241 0.771737 43.774917 72.628902 101.726903 104.571657 120.798513 8.061524 2.388347 26.576832 18.030851 2.801752 29.994769 
0.155613 3.401551 0.464695 1.153623 70.850244 6.015870 0.753425 0.578410 6.743200 0.997946 171.036308 4.124775 0.800628 0.302624 4.350545 44.552781 0.265765 1.931767 1.824483 7.743777 2.207355 0.915749 1.742865 7.269208 13.469507 0.479597 0.627430 0.152763 5.756397 30.772609 0.291717 0.341743 1.523890 8.535369 0.773817 13.224786 
43.874825 0.765640 0.389473 23.222732 30.358736 476.443304 11.620144 2.548127 1.232004 9.002460 29.120495 6.600599 
0.217911 56.253387 1.317543 4.433172 15.215241 167.051445 0.652969 26.507936 41.065462 1.828146 0.814190 0.293234 0.678887 0.522392 41.920247 3.314425 31.024671 1.826019 2.072029 6.158545 14.260344 0.655896 
30.963304 1.302950 18.007938 2.478303 0.881392 0.400774 0.983569 8.089643 0.044160 1.260300 6.092935 0.605813 0.858762 0.264251 2.109849 1.622258 0.309847 3.050035 0.542253 65.091646 0.599973 1.172370 17.555906 21.413103 0.622458 0.588540 1.500998 1.595675 128.891322 0.070348 8.508308 2.536906 3.015359 0.827996 7.547044 7.544072 0.316596 0.195769 0.654911 13.068488 0.257037 46.296061 
6.542777 2.125469 9.346981 23.153992 1.244793 11.461645 0.469120 0.509903 0.882368 38.201472 3.693012 8.278380 4.856340 0.725516 0.155064 1.030128 0.108064 3.104379 0.235389 73.636995 15.951279 108.272712 21.927831 
50.603019 0.493555 0.489898 0.170670 2.513465 0.546690 1.849021 0.670672 12.155064 0.341071 2.759240 7.052735 11.402249 8.028666 0.192604 35.605826 2.289108 22.055283 17.237827 75.476956 1.255613 2.703709 4.874830 1.994305 
12.238510 10.978906 1.665310 23.635299 28.188936 49.701128 1.826473 2.561458 228.622004 1.772654 1.205275 35.102108 22.774033 118.066342 0.643162 5.568368 0.794172 1.042246 0.903685 120.013010 0.263135 0.786822 33.462578 33.131757 143.571130 62.423654 214.644995 5.758573 37.166090 19.894835 828.286417 6.339779 0.702845 54.188594 1.120953 
1.193040 19.706087 40.195737 0.969295 0.246290 27.088488 2.830640 32.692021 1.659626 13.691167 1.641970 1.707418 20.902952 0.176618 0.200175 6.772083 2.814869 15.564663 
48.817556 1.021940 0.770886 17.391400 0.299655 2.085397 31.278752 117.155338 5.536502 4.013468 2.384522 273.239195 1.616025 4.088008 2.006544 219.880717 14.889452 2.483817 14.852326 
1.172609 46.613987 4.742340 6.951059 376.649032 0.078166 15.157116 685.251657 2.375101 0.965111 519.956916 0.399569 305.661733 1.411787 0.650928 30.720131 4.555325 
2.277482 47.760165 0.377223 5.427470 213.517604 6.661569 83.273403 20.255883 28.867885 11.198771 0.745718 0.485815 4.344959 1.889906 6.879842 2.550567 9.956612 69.823169 35.569161 2.404925 58.139324 
0.491712 0.618749 2.018565 0.643379 3.574081 0.812594 13.328034 1.002880 7.496145 11.913015 93.078818 0.376298 2.400057 5.822183 19.446037 0.537617 0.753596 1.364952 4.494788 0.183969 27.610943 3.194919 2.674513 3.526690 12.293139 12.460316 1.485457 4.472313 9.566895 2.034015 2.214224 1.301818 2.551251 10.308342 16.051785 14.207010 0.423120 2.189203 2.961103 0.853923 2.047383 2.395006 
9.045094 6.512373 185.445263 0.945304 8.892068 2.255659 34.066754 2.741088 5.632212 52.403941 0.620918 150.469133 3.337118 1.002146 
0.487261 3.512258 2.305169 1.472720 34.629015 0.701510 14.440439 0.524133 4.017542 2.801786 0.407223 7.592765 27.633408 16.778520 22.338149 3.841290 26.371723 10.202509 85.058462 34.054858 225.919083 0.398719 0.463365 162.959763 0.168740 743.104332 21.427214 6.106111 0.722069 22.437363 28.845761 
1.441381 0.054546 15.579058 93.110482 33.062379 0.243057 4.073778 6.905223 1.041512 1.461209 3.121298 1.088305 0.460535 6.037595 9.078256 2.281139 7.740324 0.969357 0.048833 0.455797 2.208346 17.675748 
6.001172 0.618956 27.981829 0.996207 36.732893 18.334763 24.764659 15.055382 120.446505 44.470209 10.446880 142.905128 2.213845 1.479547 1.863098 1.245365 9.716060 2.227037 6.981090 35.624698 4.539476 109.343980 12.712837 19.170153 0.590487 10.456252 
0.350289 3.176597 17.978255 1.249543 1.801790 2.331983 3.791553 1.279814 64.249786 5.959304 39.118214 3.131832 0.856880 26.228202 2.159813 1.207931 43.780491 2.350899 11.094936 3.098506 10.168674 3.253707 1.783841 21.944420 3.560044 44.441455 0.367306 
0.428964 10.818052 0.693888 5.951335 18.094841 196.296974 26.645770 0.525928 0.990490 738.804986 9.377011 28.742412 2.364788 
5.540684 0.182777 1.453831 2.010007 14.358501 2.575943 2.924743 0.873727 103.964422 3.069829 7.458976 99.266744 0.767953 11.602681 0.295970 2.673523 3.278494 7.799854 0.350282 36.934817 4.814834 8.018467 
0.368488 33.209697 1.361849 4.896531 1.345751 0.720159 3.140717 25.231002 0.807022 1.528365 4.640009 6.590643 2.006433 0.083049 8.803966 7.207194 3.299778 2.020435 2.049207 4.739683 0.220671 100.007820 23.023905 3.114515 10.723329 14.611962 287.928571 0.225338 7.222915 9.683721 
14.341255 7.311860 4.101058 79.532188 23.667271 0.413502 0.228908 3.036953 0.935568 2.274760 0.502296 17.724164 8.962979 0.965730 6.877998 30.465926 1.183412 1.038666 1.670872 2.307939 1.338819 3.357361 0.119704 2.074654 
0.764862 2.930783 0.705372 95.779161 0.806775 6.751185 0.073318 0.790428 14.585472 0.051070 22.371723 5.990987 19.113374 4.536891 211.016012 0.444379 0.473567 0.042708 12.068361 28.952761 0.204907 15.804232 1.206561 1.434273 3.354273 1.167951 0.985568 11.346881 0.868789 
8.922937 0.075494 36.052509 2.704869 28.954460 0.811085 34.085457 2.881333 0.182177 1.364655 1.190679 100.147599 0.434633 0.664912 40.677096 0.054492 20.182231 0.216988 0.479044 
7.904564 9.692174 88.567498 0.893030 5.624123 10.222604 7.532703 4.334899 46.183959 0.938990 24.636574 0.287614 25.152347 1.193298 12.331764 2.812197 
6.043968 4.483332 0.997575 90.774739 1.716773 0.871317 1.786298 4.071511 
4.547530 0.437637 17.842444 19.379948 9.936068 5.988280 4.525480 123.443650 17.522810 0.771081 23.957494 0.587752 14.489811 170.778330 1.409651 11.147714 43.755534 1.016954 25.400705 4.608797 0.048474 
2.587141 1.703557 5.197745 11.894383 1.501421 143.396780 1.121100 1.302158 6.109285 23.058859 3.403543 2.339124 0.888805 5.237930 10.549788 27.161559 0.668900 70.732259 18.176906 1.504874 8.900997 21.544789 
32.351248 0.687871 1.449006 6.440896 3.783077 1.359632 1.208829 0.675471 1.901306 30.384370 6.597680 7.261040 238.821451 52.139752 4.131199 13.166484 7.026553 3.025171 27.989139 17.901706 21.560523 3.120663 
28.878418 0.374228 0.441582 9.409255 0.138781 39.188813 2.357574 1.402548 0.586903 4.675230 16.239826 10.138141 1.145908 0.193867 1.088644 0.552298 0.717097 1.008013 0.217490 0.026675 19.852209 11.564018 11.761448 0.397069 8.850788 1.919548 8.815578 2.259820 58.563073 1.596754 0.295903 0.310730 17.799594 3.448109 6.896791 
3.377336 0.718787 18.294110 390.936418 0.818560 0.490838 1.153959 57.276987 1.293670 24.588121 209.959086 9.341462 110.733931 118.569778 
1.931487 1.888841 58.657353 202.583351 6.633230 107.395303 4.698778 9.300703 0.563457 5.850234 71.655696 120.973180 31.859546 0.461285 3.737367 0.486809 13.923697 1.582340 1.049213 0.355087 28.208756 56.835535 1.252580 5.070378 79.495596 3.901113 0.532242 0.452408 9.973763 9.309956 
6.504634 3.312888 1.915671 42.690843 26.601752 29.868223 320.338252 22.229010 32.703092 0.538412 1.019145 207.562673 1.434238 6.234039 0.720659 88.587685 40.877758 
0.273751 16.399547 26.110273 5.051183 0.230315 7.159622 1.159462 16.580825 15.246536 20.814826 6.889919 3.598172 6.279991 12.670922 3.078236 35.140101 18.522008 1.522346 6.410282 1.078267 0.314070 0.391554 0.706096 
0.367179 0.589958 3.966610 5.797191 25.480669 0.629849 0.300077 30.723361 0.638300 0.289083 14.137401 245.820085 130.510673 10.782704 35.373569 0.285471 1.548748 7.569832 0.601995 
0.912556 21.733246 0.282147 0.081353 18.109257 0.625232 0.745489 3.222002 1.394397 0.134622 0.440908 1.180593 126.736262 24.958135 0.049077 3.754832 0.490916 0.972854 0.179798 7.563118 1.287745 2.957100 0.584925 3.956959 16.314672 0.878604 100.191412 2.962776 1.531823 0.790786 38.091619 1.164643 13.823796 2.546613 3.942040 1.852338 0.166133 2.560855 0.131704 1.354596 
26.667246 0.541199 0.292592 3.047656 17.426792 141.205954 4.816029 2.756580 12.418688 0.437234 36.273472 38.412004 3.791058 6.314498 1.225516 0.666222 25.116748 2.027691 1.239800 16.858642 28.421262 15.732685 3.094508 
11.521448 0.097886 6.947336 2.403210 3.447421 19.831336 0.493160 32.147765 0.828333 27.452611 1.087151 3.932120 24.241673 2.238722 2.140936 0.221455 6.925549 0.098581 0.094794 1.329068 2.622700 9.582659 1.969379 
1.863559 44.350492 18.275566 11.560023 8.249412 90.642726 1.767002 0.506007 1.132238 0.123317 1.870081 3.945883 23.563720 24.169740 1.483882 141.392938 1.466133 7.592340 0.220853 5.257362 193.114762 
6.147806 1.155615 9.791616 0.799860 0.238640 0.719272 9.966554 6.777118 0.813345 42.923393 82.192341 370.632221 10.625571 0.600412 16.542459 132.348903 
3.408931 0.806809 207.777604 0.064024 1.567863 25.694791 1.250895 5.588420 1.852372 0.334244 0.933114 47.681311 15.984300 4.531899 8.744603 60.007848 123.634412 0.133751 1.177475 81.054448 66.982406 7.579572 3.119986 1.130930 23.970900 
102.436174 3.408887 124.818708 4.399915 5.995023 1.075557 51.202529 0.625392 3.374245 11.739044 6.369240 0.340176 1.613765 730.803247 3.750892 0.525377 24.010605 887.052099 1.414402 0.309136 6.280873 63.212891 0.155044 0.608112 94.332367 0.168050 0.250858 
2.294107 88.860129 36.191811 0.292932 1.115420 0.732926 0.322527 6.096244 1.007398 36.292397 26.993848 0.440996 4.431290 2.614959 1.078938 2.167011 0.758153 31.925998 0.428021 0.074869 0.027788 9.873673 6.156292 16.004132 4.767782 6.230044 9.461323 1.799856 0.912201 
0.248141 1.971664 10.081455 68.999663 14.999683 0.767082 2.932768 6.413800 0.282038 5.699890 34.117910 5.163555 87.503333 35.399551 1.016125 0.641003 1.027958 74.922826 7.888691 9.339429 32.352265 2.506513 12.553699 7.766796 30.622801 3.550965 10.133821 4.261284 14.860419 
18.144993 0.980036 0.334472 6.308132 151.993116 964.218433 0.812898 0.478128 1.208716 18.140122 14.382691 0.821338 10.945580 4.901963 4.455461 25.725661 22.033154 0.678948 77.517917 239.454148 153.780317 20.309368 1.005070 23.751049 157.141079 1.923008 0.750069 2.385452 0.307108 793.902450 1.263097 
0.934769 32.678716 17.414454 1.453140 0.607103 2.578530 31.018544 1.442055 4.400606 5.848357 0.630267 1.600615 0.900059 16.890077 0.592510 0.337475 0.181884 1.045685 5.958293 200.033121 1.080323 0.776892 6.466192 6.460829 12.116918 7.798496 11.632139 7.131227 1.512229 5.961948 
0.618112 66.474714 0.852444 12.974175 1.983598 1.336377 2.481615 4.572923 21.656140 6.866543 3.920302 8.255358 0.468479 3.167079 1.058769 12.831068 14.046928 7.369267 71.264703 1.144776 0.685445 0.619346 0.088084 0.535239 1.328081 11.194936 
33.630134 1.651460 4.227494 96.681259 6.500975 281.826463 0.944860 1.136423 22.476875 0.990139 36.575166 32.398264 0.822210 13.171211 0.641249 13.288607 2.672699 93.317870 96.852067 34.292981 0.105643 0.626192 0.156197 13.930282 54.973026 19.506093 4.329638 4.876356 22.906892 
1.330517 20.491333 175.970868 0.844800 0.199403 19.925763 6.805590 14.683328 1.967870 0.307233 13.552965 593.164998 43.455618 0.753892 0.802806 375.528472 0.270784 65.521627 13.319863 5.184457 2.812102 22.840318 25.594432 0.226140 1.255454 15.789214 0.866589 29.165343 1347.688945 15.109441 14.056521 2.946354 1.444091 
0.089360 5.867741 30.592164 0.439767 1.428498 0.569244 0.138588 20.076864 6.469492 16.547843 2.312553 2.862437 51.374165 5.261638 12.133680 17.957313 6.353313 0.760254 38.812704 0.804889 14.891787 4.450692 0.364149 9.974998 1.489634 1.681875 2.371336 2.960905 52.728107 15.034708 37.076307 1.147454 6.447373 
0.148406 18.772466 0.601341 2.193365 7.068685 0.813906 8.354622 2.888748 1.342030 2.543550 0.753326 1.122539 2.154402 0.517098 0.354511 12.244357 1.471722 5.776931 25.837800 19.927355 0.396608 1.429863 11.538565 0.485694 0.838659 0.496540 0.674961 4.033637 3.054209 56.652481 1.892245 13.766814 
3.676938 73.022603 4.335714 39.398955 2.756706 2.685941 36.527400 1.712615 49.004487 271.800350 0.257406 0.502983 2.755945 1.474503 0.861228 25.183036 5.008494 1.560896 11.115236 11.762323 1.535372 13.049493 2.114304 56.003100 2.859660 2.837595 2.029525 0.166440 13.365827 3.556915 20.799520 1.512997 56.042348 0.791237 1.702581 14.428888 21.631629 228.868867 4.147231 0.208185 0.474990 6.765105 111.028034 0.935074 29.590334 
2.059233 1.989668 2.199498 42.427209 26.929674 0.731357 7.962441 4.757863 7.840305 0.426874 0.724144 0.696808 13.950824 0.997465 3.814665 8.963977 5.172053 31.464970 1.393764 3.477793 0.126903 1.053957 0.939933 52.574653 5.564639 29.559275 94.005556 2.282173 29.948306 0.761514 0.497071 35.347632 0.996841 2.515342 121.665470 6.442721 3.962346 5.549690 71.885581 0.881617 22.154732 5.889552 2.227989 32.140998 0.103125 0.248991 0.169836 22.964206 27.354735 13.555605 0.151704 
4.291379 3.431913 0.568559 0.226165 18.058083 0.312939 3.987875 130.865210 1.003775 25.995097 10.237977 4.951348 0.275572 3.372755 2.327890 2.031969 5.914321 1.325468 
0.242644 36.146413 15.082664 0.476157 4.077155 165.731356 1.853996 1.869488 10.859385 40.480551 22.212845 11.336927 10.402102 291.815877 13.408283 16.900808 38.177443 21.788615 14.352525 0.906267 4.163778 2.215401 
1.342041 56.525336 259.577170 72.912179 0.488607 1.567592 11.142969 1.554252 133.406352 26.944163 1.271754 10.701304 38.887025 0.759195 7.326550 23.988960 0.402667 0.387844 0.369970 49.634673 0.092965 6.788262 19.580318 0.934254 0.086842 10.083500 0.110938 3.459005 10.487025 0.738003 12.806677 0.293679 301.938546 3.402879 0.115771 0.702172 1.534141 12.891093 297.037388 
157.730564 28.397922 26.300451 20.269505 9.716517 0.370913 31.036501 0.527525 49.183028 368.297316 3.743952 605.835038 33.103828 3.858320 0.478774 67.621284 1.151508 24.381686 0.817643 1.977798 111.868453 1.316826 
3.326001 206.281316 2.231743 87.023266 0.191241 0.439850 697.026281 0.324116 387.421434 10.353259 465.199777 0.445683 1.006204 1.883539 4.336460 626.455179 0.495496 72.749714 513.371885 6.624487 0.628699 
93.569337 1.140687 0.406197 4.295139 0.255114 0.364211 0.397563 36.049092 2.560313 191.765622 7.624729 13.365772 26.271791 2.854127 395.968838 94.315511 32.359183 2.796010 1.691043 1.117789 1.709333 49.216928 1.224345 0.974276 0.381084 0.535324 78.251003 12.048969 0.385770 6.460075 1.075328 25.711782 1.334316 159.899740 231.672890 0.214235 129.620334 43.334920 3.798374 47.383265 115.865761 5.696823 0.760261 8.999242 
14.481247 0.924977 15.165365 35.814764 81.668687 2.612049 2.971220 0.139327 0.209312 3.107208 0.847262 1.783262 4.959576 4.627027 1.129481 84.210004 0.268830 0.388494 1.919909 0.275652 3.391863 28.252415 
16.257084 1.700622 0.523692 0.719657 669.215024 2.030906 6.501714 10.077280 25.362848 1.071939 0.624699 1.829375 11.313781 3.138967 0.925214 4.607785 10.736240 19.890626 
17.808456 1.692502 1.795925 10.387058 0.908425 0.440302 1.040377 1.669084 0.058020 0.431251 115.261673 5.176909 0.667679 13.387951 0.560603 3.519422 73.754143 58.551005 166.078478 2.322585 9.317954 0.211543 1.397506 0.426040 0.575782 0.101684 1.003452 31.362544 1.173838 0.193116 21.738018 0.864075 0.352844 1.316108 
34.656196 0.879947 41.179904 3.590891 70.923295 14.090161 2.362959 0.378663 2.012835 1.784013 6.517145 98.878458 17.547728 2.363544 0.422184 3.320878 44.045486 8.020498 2.763564 
6.045313 0.792904 0.969864 37.873839 12.305256 3.517263 0.100301 31.860795 0.805053 561.218218 2.066697 10.764102 137.689649 435.265173 0.585769 0.122931 8.657255 0.493444 0.572534 185.071585 33.374650 0.592587 
1.194583 2.991801 0.034660 3.002322 20.909987 0.635890 0.952463 90.941772 0.691168 4.714879 1.405806 0.131109 16.101761 0.589971 1.084885 9.097376 5.076692 0.810619 0.938583 2.857105 6.185705 
145.633811 63.774964 0.909472 7.337122 2.941099 3.702302 0.612817 321.176565 3.098196 14.187754 0.536287 150.459932 1.941946 0.809919 3.081950 14.068672 
99.754265 0.514817 2.317282 0.294516 53.451363 12.193775 2.551417 2.542034 13.865745 443.332518 3.428185 317.141545 16.975825 86.324940 50.309286 29.760257 162.689343 37.942556 0.271798 
11.877583 104.282368 49.409868 44.494279 2.378051 2.038625 0.114634 42.275614 0.478761 0.125355 1.626296 32.824957 1.443022 20.424354 45.983342 0.035035 0.829789 0.184100 1.556296 2.591647 66.905931 0.357579 5.590453 6.349195 1.569390 42.094176 4.963543 0.045614 12.413049 61.157276 0.583519 0.637934 0.155568 1.979400 2.734205 
30.251238 50.598755 0.622387 3.439877 56.037607 0.048405 38.261226 0.034348 13.797597 0.408094 1.010342 1.538786 0.177800 0.952193 
860.219590 2.275768 1.504741 39.827459 24.968355 179.847313 124.806128 5.651709 10.038613 50.470840 37.894251 0.566129 22.192388 793.611201 42.855180 24.676966 258.524707 0.934957 3.580834 
2.911716 5.298487 8.581598 1.231813 12.720096 2.423565 49.611335 2.030718 1.663947 0.418215 0.223766 19.692277 1.390634 0.930189 34.088799 5.768561 0.566290 26.554583 0.150466 1.557293 
0.286129 1.514190 24.777550 0.090171 0.390593 39.276038 8.796586 6.016757 62.053817 41.040187 0.754714 5.027332 1.712057 0.990561 80.645828 2.830268 7.708479 0.605332 0.290698 59.984053 
2.776008 4.945635 0.649411 7.204430 0.145356 0.228406 38.209732 33.201800 8.811127 0.082162 9.009682 1.008518 0.858008 0.046641 0.950717 61.460627 3.999675 1.057118 28.204387 3.088975 0.626794 
3.914740 18.025316 1.889522 1753.630969 667.211954 12.505355 142.366937 10.427705 315.592456 1.761327 0.774098 0.876103 2.968551 12.299546 0.867108 2862.935753 310.812688 43.505744 
91.684538 3.011873 10.636053 4.193513 14.158933 7.568085 7.681833 7.161262 0.382793 9.563614 0.601999 2.745685 49.491971 1.338392 4.151997 21.798956 286.615153 189.164543 31.479331 0.518931 35.951264 46.750881 9.344783 1.887412 24.990524 12.868571 123.405951 0.194539 0.119367 12.250748 1.013393 
2.921607 6.161353 32.970877 0.380528 0.894343 3.474093 0.448171 37.411148 0.440883 5.628176 13.800553 2.312722 0.298045 0.078728 1.001134 193.878192 5.923201 10.610407 0.351645 0.419631 3.381580 0.237752 16.055891 50.610307 0.803837 42.708796 0.580335 2.147128 0.239456 3.387356 
61.863662 0.647616 1.841483 11.267279 4.573337 4.038357 1.003529 2.441931 5.281561 11.321651 10.514351 7.563967 6.714589 1.026508 0.434024 21.215496 20.972981 5.070541 47.839174 1.474503 4.659432 175.040746 
1.704657 6.472116 1.176602 26.785801 34.665502 2.655987 4.505666 1.277625 0.203822 0.502229 56.980030 0.462815 1.226928 5.559062 0.860752 3.118745 52.382832 3.864946 2.453176 
1.057607 1.119809 6.163779 14.881911 1.300490 306.958389 0.545352 193.066421 21.917749 1.606981 12.145857 69.366458 0.525405 1.292220 5.099866 2.231243 0.263840 533.198364 1.988171 5.781415 7.537578 17.167324 355.187743 207.329370 
75.022576 51.195348 0.575246 6.873469 1.457875 2.170188 156.706028 3.437583 1.152938 4.333526 10.470638 6.774217 1.953665 66.194507 0.738532 5.889196 14.547677 73.264599 0.650951 7.880606 59.022062 39.409824 1.406912 12.708822 20.271718 
30.568004 1.752086 0.801654 0.709428 11.611224 10.621130 20.609034 72.625638 158.167124 50.257216 102.013983 30.471073 15.490510 0.441505 0.474930 4.426549 14.199683 11.092792 57.375993 
0.281249 13.715958 2.818562 3.030754 97.029378 58.853053 0.557648 1.499054 16.240287 0.426814 4.069329 4.256737 19.229782 52.287285 0.711094 4.628548 0.794302 20.576141 72.649676 84.595476 231.664003 0.975881 24.855293 0.092444 22.845149 246.808495 13.685891 0.274272 
1.548625 0.482995 3.674015 16.843734 0.390289 4.586426 0.077639 0.665526 110.703263 198.148650 0.143269 7.850485 9.553640 27.905735 8.088814 3.870267 33.833129 23.149570 0.601957 2.809359 0.372245 6.465343 
0.121802 12.185122 0.342757 0.541023 18.205253 8.963019 3.338971 1.733554 22.401942 9.410333 0.728098 2.226007 0.125164 0.336016 0.814982 1.600316 37.444886 4.547599 8.436372 229.794523 33.647924 8.165669 4.034369 0.180656 43.581905 76.304907 2.509555 2.529349 7.536028 2.702368 4.836615 27.884327 65.587458 9.199296 146.234596 4.145032 157.663852 2.496014 0.168488 0.514114 0.152015 5.108214 1.247709 10.969112 7.328803 17.357944 2.662791 2.632141 4.837142 4.419911 0.848860 0.193633 37.837225 39.714785 116.402329 277.372289 3.066870 
11.756753 0.798336 230.623779 1.544107 0.769122 1.317976 1.034434 0.323921 226.276345 5.331372 0.197194 3.912357 30.619989 1.130484 1.598346 16.992664 29.249287 11.845776 162.681944 17.170083 27.856844 0.677093 17.351964 12.109596 2.067159 5.884505 85.421438 495.435104 
0.670915 71.356523 0.625203 0.800714 33.885858 0.985551 4.618563 11.930722 3.825197 1.716086 0.190269 0.113393 2.287823 4.187563 0.733581 148.702496 0.133066 0.038017 0.305297 8.079290 1.298147 36.923971 1.987169 6.124609 2.228941 5.504549 36.680563 3.505008 13.421311 0.288283 22.363229 1.623297 
1.642244 7.999118 29.053235 0.457454 10.779443 10.303654 17.936777 1.411423 28.230547 0.479369 378.707361 19.227972 2.979203 25.500105 5.737890 1.015959 87.247836 1.191769 161.112910 16.089801 2.548090 4.806735 10.255528 34.269398 31.286210 
5.415307 1.577125 214.862613 1.314115 20.972247 40.630942 372.554736 7.693676 17.747648 10.908717 4.859044 1.257827 1.229093 0.625465 1.427051 2.852294 25.678581 215.466674 92.100197 4.526174 0.628894 
12.084484 7.761385 11.308472 0.319541 2.481058 6.213177 2.913100 0.285795 1.135322 15.212287 2.780385 0.628495 0.878723 5.371199 4.422360 0.064541 1.405203 1.077544 0.699456 3.640962 52.801283 32.679853 2.603275 15.258775 0.530644 0.367852 1.317778 0.207361 
0.359037 1.795825 0.449096 1.232411 11.356237 0.518855 13.709631 15.420452 0.717131 5.890166 1.119028 69.931244 0.253502 0.400189 1.258740 33.397458 10.414889 12.670675 35.576319 1.107598 121.469382 110.962598 23.105828 8.435412 
0.172675 2.808324 0.320493 0.138699 104.789159 0.469567 17.888765 5.020947 635.349035 1.112544 156.537826 29.773656 14.639375 985.712352 16.281400 12.346974 1.599334 0.638747 0.517233 70.082857 
1.173088 55.012713 399.682344 653.232642 6.792519 0.257464 123.869777 4.289550 2.079512 228.670707 0.935931 877.603962 5.296307 10.932989 1.312894 11.765571 107.281447 0.422081 2.707451 477.580629 16.159784 2.062889 0.780459 26.774109 15.333334 305.820934 36.920307 0.478102 3.876830 
170.813131 33.363832 291.259197 37.545816 13.540593 0.364488 1.920711 0.599168 0.137708 23.192520 1.039526 13.663164 0.424096 292.889979 13.373570 3.538302 0.884212 34.085361 0.399425 0.319295 6.438097 144.625717 
15.427169 0.107503 4.125704 2.183322 20.085957 0.184033 0.201022 222.318963 0.805330 1.911412 2.035654 9.378990 0.114324 1.288401 0.719852 1.699296 150.459552 12.251296 5.922938 46.088654 33.796161 0.085618 2.408917 4.020959 11.428391 0.276716 1.189830 0.282823 
2.665611 4.426792 0.544505 2.190081 3.947949 30.936207 161.697114 2.224152 0.034696 
5.872938 0.256013 2.525394 0.095631 409.154038 0.137742 46.012263 5.824840 7.251551 162.384972 2.109151 1.768206 1.245121 2.094902 0.265536 244.373729 208.247620 6.440361 354.466909 0.343100 27.123231 1.419403 241.490455 
5.965328 80.084455 4.727279 3.069982 1.619132 0.636866 4.601096 9.399365 101.678961 0.090849 9.220317 2.015178 46.517355 20.513005 11.477416 0.104489 1.544021 1.689137 7.874829 0.835975 0.416636 0.351078 0.156481 19.328328 1.389153 1.286644 0.709924 1.477526 6.407458 0.800220 6.226726 8.470023 0.673838 0.380532 1.326789 146.521094 18.638153 3.676630 0.304112 9.882102 4.975829 0.675430 7.267734 0.885535 0.992190 1.102510 
37.330651 18.916161 0.616537 0.642671 4.111787 1.370957 0.249625 39.457068 16.999715 2.204281 6.186099 13.321876 0.337528 3.356744 0.610284 34.075874 0.741710 65.987661 10.152387 5.059509 1.997157 11.074679 3.119704 6.467361 4.423559 54.415747 0.712620 6.704455 1.864971 
0.208832 1.466406 43.656279 10.940508 0.837681 4.258819 0.372871 2.171986 14.272666 5.890798 5.445629 1.360985 3.853124 34.534997 0.627300 0.754787 2.398752 6.364799 1.561417 186.656747 0.414482 1.004675 12.066831 0.615556 3.709132 3.390451 0.347342 1.973856 0.568809 3.586044 2.306612 0.484847 0.790836 0.528396 0.436138 0.108148 0.290191 15.648776 0.407508 1.609040 9.770127 16.670821 12.640057 
0.553961 0.114784 1.797305 5.349088 9.284785 0.070622 0.080760 6.533932 27.851838 0.703353 1.667069 1.497367 1.703013 2.857976 7.324128 3.470815 0.085604 0.361334 4.939248 1.171281 4.778025 74.011261 2.258628 50.343367 1.613860 23.352250 80.595426 0.039136 1.710518 
50.592012 78.979424 15.862436 98.695657 0.323333 1.101835 8.103988 0.934179 0.704676 0.154218 0.268245 0.609536 444.351313 32.270965 1.637528 89.938401 196.091307 0.624800 32.016703 1.556655 2.268960 0.108976 6.962323 11.260008 439.731288 6.001636 9.242681 10.785127 5.642492 
31.655614 0.425989 13.146282 0.470664 0.762715 11.971223 2.728526 0.980295 0.202383 1.316695 15.373484 0.656387 195.676019 0.073998 54.528795 13.359774 0.230854 8.636914 2.338073 26.840874 0.539771 0.148607 3.127063 6.259225 22.932537 19.386103 2.255093 0.774843 0.487435 2.808294 10.037295 5.892964 3.688663 1.837422 0.035450 3.091241 44.920109 0.057165 0.439168 
10.805726 1.136223 52.972099 2.104485 2.960950 853.835398 195.423889 0.771940 298.150913 39.982074 42.352377 14.731711 65.585979 48.444699 1.970124 4.684996 0.344573 0.450552 211.015693 0.310790 0.192937 0.839048 23.308500 2.881115 18.265952 19.661809 19.176713 1.519854 
0.788619 1.485998 0.297115 0.431569 7.594183 21.925204 0.392568 142.044290 21.562828 5.115281 2.314237 38.595280 36.755580 0.123474 7.190878 47.677440 0.256318 1.604920 11.185625 0.540135 121.786349 23.383218 0.210067 
5.601641 9.249631 20.619759 0.323818 1.407032 3.372033 4.926049 8.427191 2.431536 1.267163 21.810356 1.764742 0.249891 5.132853 3.917988 1.509436 4.235709 0.583356 4.918450 1.595074 0.570101 4.900302 13.895710 7.346812 0.704767 1.005173 3.239022 2.825131 2.089697 3.078917 147.663937 0.429481 0.449583 
0.626224 771.624683 126.841891 6.320814 45.548363 0.899904 8.471799 0.160489 0.608901 411.767640 36.443747 2.221550 0.427077 140.705284 1.486839 2.693517 41.460155 0.195752 0.564562 0.155549 
2.519669 1.866849 1.121218 22.020839 68.097383 0.168508 31.709730 68.365129 3.939589 97.291470 68.368093 16.808458 7.632380 2.912649 0.302752 56.880744 29.796726 0.064636 0.393919 0.639277 0.773089 6.706371 0.563513 12.846281 24.124356 2.639594 0.046948 111.403601 57.529910 2.020143 0.215929 0.464506 11.994960 46.968408 2.763299 0.647170 0.153526 10.998113 2.788587 55.971613 149.741014 
1.603024 1.042666 0.085350 7.224757 2.586471 9.322155 1.006028 12.906822 6.937861 23.702665 0.383446 3.075290 49.907558 1.220687 0.914593 12.198981 
417.591887 0.281955 24.906001 9.045621 7.678529 3.382570 1.289868 5.916745 1.043481 0.742467 17.139144 1.799322 0.342246 35.549796 7.864412 28.186927 2.196969 4.769090 
18.468379 0.202055 133.208375 5.978158 24.154560 0.092346 0.608352 2.881733 5.166314 10.394707 16.275418 5.706756 1.585324 0.422609 142.336509 0.087209 106.348175 0.169050 0.333110 2.925849 39.103305 60.758499 147.426831 
2.717623 0.400324 0.846450 86.289119 0.699070 8.398391 0.535391 0.964561 7.222141 0.080569 2.363778 10.271565 30.910453 1.867996 0.064590 15.881425 2.295370 0.140458 1.585134 3.485838 6.458892 41.920638 32.334293 29.274009 
0.898922 1.289509 2.118860 0.715743 0.959921 49.828607 0.325303 2.644653 0.204554 0.117821 14.307789 2.876742 4.015124 1.919250 0.262870 1.645247 0.492543 16.504104 
3.957312 0.057026 0.882955 1.909265 0.487583 2.196978 0.156011 0.244726 4.849788 3.062266 0.869075 32.198934 1.333412 19.572257 10.994219 0.323125 27.292387 1.473414 4.417098 1.109428 0.637733 0.305714 0.104035 6.530388 11.097210 4.065833 0.476878 0.937963 0.915487 7.172234 0.768928 0.117789 42.388593 1.089112 6.557025 22.219620 63.738496 11.227454 0.027636 3.124744 25.050017 8.278712 2.005304 1.380323 3.554609 
69.322896 3.475501 27.681062 0.956031 0.691913 15.539113 6.595305 0.583062 1.643118 23.094378 0.635156 5.018795 0.231545 1.604841 3.496198 34.694405 1.757133 36.343304 0.880165 
209.000637 0.378039 0.929751 1.006133 62.379513 1.504554 227.556064 103.622558 51.584679 34.266330 632.611412 1.372835 0.163056 12.022761 2.474996 1.811058 0.564223 11.974861 41.330083 133.055451 3.464053 226.697925 21.067977 11.351089 
4.433820 0.608177 183.733573 12.656109 0.631066 1.294601 0.201925 3.563306 6.635746 78.406898 9.708456 500.738263 3.678117 3.121115 5.531864 19.558761 1.394867 221.853935 50.156269 17.379358 35.402262 
2.003777 35.954139 4.712231 0.924137 0.350711 3.866597 5.458665 2.419479 0.714672 17.373934 36.543919 1.618272 0.596239 11.036734 30.310191 1.490908 38.390274 4.472792 6.869529 57.468995 10.768395 3.089456 0.756707 66.896823 79.637594 0.126081 64.939007 2.134950 52.567777 
73.373194 1.001669 1.155891 14.362088 1.889241 5.706156 11.927308 7.947481 28.503985 1.113878 4.371927 43.171297 2.217091 6.467997 3.684175 0.559361 42.583105 0.539503 1.460446 25.365678 9.223002 
0.206446 5.035785 1.056662 2.790834 0.633993 4.811456 0.674010 93.169211 20.007559 0.698154 113.604138 40.304296 15.477014 0.175937 1.409840 4.920037 2.480302 273.696533 0.181155 69.825618 18.275168 0.852337 13.291594 386.551972 3.198622 122.089957 3.333520 
0.459140 11.489110 0.034963 22.781448 110.456378 11.489555 0.217187 1.002557 25.274330 0.262198 0.158044 1.924637 0.857040 6.025182 0.732963 0.376336 2.097268 5.047526 0.553190 4.540238 0.048096 58.811544 8.317423 0.607547 1.007346 1.458723 
383.429775 146.094120 0.820101 3.608702 4.094628 122.635569 11.852099 2.541681 15.686176 0.173510 320.051459 0.776285 22.537005 15.190326 174.999153 0.211421 0.167662 21.524188 
149.666354 13.040603 38.908992 5.828409 0.092284 1.755799 3.513878 19.244577 6.355350 12.062946 3.253174 0.231692 0.818245 35.298768 12.217963 245.934590 0.914179 1.219671 245.856747 
1.369217 2.051178 2.689020 98.148690 1.178302 2.574376 0.856369 1.970985 4.449163 27.762959 2.431539 12.904961 0.592874 1.462150 1.404477 1.803750 28.514727 0.335883 1.401300 4.444695 
129.633722 13.364964 0.586533 0.700654 19.863065 0.174940 17.766017 0.276816 14.945276 0.114098 0.479990 0.742729 1.145302 6.405601 1.153074 60.563869 0.748362 4.349157 47.162829 6.588398 6.419371 0.095477 2.253787 33.066068 0.214676 0.296959 2.951391 73.914138 0.737694 51.623687 3.836158 12.794035 7.832492 16.084383 
0.120475 607.052746 8.276051 0.831671 2.030703 8.036425 3.132879 684.346536 10.268203 1.006016 318.835688 0.270463 21.615135 2.182445 
0.700466 5.488816 0.043762 1.067759 54.971512 30.491916 2.033310 0.448000 0.958415 35.087258 0.126875 3.380048 3.204574 4.511176 3.563808 0.698306 0.110061 
0.414669 2.847981 0.060665 0.567593 48.851704 114.175592 58.469827 0.566105 1.423835 4.706292 7.389661 96.871577 24.459692 17.468829 6.695830 1.940955 46.197128 1.400173 0.811277 0.415453 6.790413 124.647363 27.588273 1.014179 0.603445 2.730423 7.835712 14.757210 16.316066 0.801366 47.160914 53.245899 50.783706 22.610758 1.034625 
7.153242 9.992120 0.056916 9.514436 1.663564 120.358691 0.915456 0.928911 54.248133 2.592081 5.024662 18.186103 3.640290 0.557140 247.106365 3.778599 0.185574 14.980146 1.152617 10.835557 1.940294 5.607238 
3.005575 2.328226 56.446299 0.477627 0.102540 339.220942 0.203017 0.212878 292.850955 1.449850 0.255706 48.795020 1.355511 0.736504 24.080331 127.518782 0.510258 0.713933 6.292643 0.794706 0.325147 23.319109 
9.468637 3.147023 0.288734 0.962023 0.700691 13.261601 3.339352 32.746741 0.202770 0.044949 0.794101 0.781440 1.305536 0.080986 3.709782 37.826328 0.692471 30.502146 2.107953 11.226041 2.079968 5.599675 30.844570 1.616390 
0.431360 2.878466 14.671953 4.518866 117.661078 4.828597 0.642549 3.393049 91.216751 1.178356 7.126922 0.044705 10.583747 0.129170 1.137025 30.893520 5.571911 1.358997 9.037731 2.968762 0.053065 14.504210 
47.237759 4.890617 10.776278 6.815342 0.504312 93.507647 220.713611 2.517201 2.866751 0.397704 0.739796 3.091364 13.099396 17.734030 1.368308 17.918374 4.369883 1.910756 13.849741 158.938591 26.459803 14.720455 4.849482 1.199378 6.807599 2.439416 6.017299 7.598773 7.893732 0.209381 
2.339635 4.789233 0.374849 15.448304 1.994610 121.947038 68.991404 0.055934 16.511439 0.446169 0.521086 3.822023 2.514255 0.408953 0.227577 9.065775 14.868026 0.477233 134.018506 20.695853 0.105622 2.767428 1.207722 5.374748 
0.473632 0.931401 50.066868 20.976477 0.211970 0.205016 31.130708 68.547364 0.150827 0.951909 3.226052 3.233226 0.155003 0.900054 77.640650 51.933903 0.226718 10.194282 
15.392078 0.885891 201.924330 456.052700 17.404772 7.477106 83.930788 29.460045 14.557551 2.543989 48.135961 20.495701 148.183353 19.310999 3.510158 25.805211 0.313716 2.824613 1.996516 14.055375 60.697284 1.092946 5.539150 6.162121 16.628329 22.648126 21.244762 0.921292 1.039367 0.867298 1.665048 28.679482 
0.988008 1.371880 33.719629 0.955920 0.580984 1.662544 4.610068 0.889117 0.889368 11.143771 0.951722 3.467565 0.420571 0.897518 4.139419 2.888212 2.113374 2.539638 3.375279 0.968660 2.483432 1.058442 2.933755 
10.245525 72.926674 0.682123 8.448630 41.878549 1.782571 4.039637 9.515546 17.192416 26.214203 19.262043 5.352592 0.927676 0.965112 12.122522 31.103770 13.579992 0.600986 1.922550 4.820417 7.631570 1.161653 40.974917 5.692350 1.243214 1.301650 
74.489228 2.100334 86.193847 0.407365 1.817988 7.982104 0.936325 26.613076 0.167946 0.767118 58.291750 95.552782 8.927700 11.104943 34.468190 0.336695 2.551312 71.699080 27.115173 2.450724 4.241818 60.871169 
4.869948 2.732237 1.456766 7.796052 7.897994 3.037751 486.132092 2.294975 5.472975 10.307270 0.638278 130.542853 21.892739 2.543348 13.999217 14.255231 0.770550 61.970909 
4.881458 74.708996 19.464074 2.449279 301.196045 16.029564 8.714790 0.875007 9.540046 3.195242 0.293976 11.171817 1.172946 54.738061 11.133384 
12.982745 2.769883 24.697329 19.233872 250.302882 0.234630 0.916091 15.777682 13.594729 0.346888 24.893789 1.439602 1.058608 1.223084 7.792692 6.808580 2.616115 13.209279 1.033330 25.084587 0.474607 
413.994635 0.631428 1.604057 7.547610 1339.282962 305.675706 667.298478 6.746394 11.043868 0.791570 0.994800 22.077323 
3.271647 0.055159 0.421946 6.433143 16.562986 34.110927 10.250355 1.585278 39.627814 37.790093 1.085729 3.232637 5.858656 3.903031 11.307561 7.008530 6.510075 3.004263 6.212583 3.066212 0.423492 13.118668 1.690501 1.738617 0.493803 12.295652 2.031352 0.268661 2.368202 0.591108 272.479570 7.270926 70.207782 60.813298 98.581569 0.453431 8.549955 126.058860 1.062707 
7.280298 13.368314 323.684820 32.543227 0.499447 0.228661 75.895124 3.657959 10.438095 34.275311 6.408858 5.374607 2.481233 233.715242 6.816656 2.004782 208.264746 76.241469 1.968359 11.720901 12.205600 14.554093 0.128544 4.726684 65.002145 
1.242405 78.033846 82.683952 0.722090 27.453085 4.450469 18.927143 2.522911 1.819439 141.019222 18.218239 0.761020 91.295564 
0.452228 25.066839 6.441384 2.828387 0.575938 8.475624 2.333015 0.933204 1.765909 7.430772 1.874482 2.854753 
2.767733 0.922313 21.647124 5.147687 0.112649 0.263648 0.375386 13.332273 45.490565 2.660506 1.686644 3.469158 3.777969 16.589392 0.983759 17.499776 0.458564 
7.786911 1.721117 0.877030 27.980121 48.122549 0.107140 1.951558 2.636229 28.898079 159.794880 2.244039 4.665932 3.345365 31.260692 5.646852 4.903820 3.094981 5.609802 0.515669 13.653722 8.452588 27.646569 1.251839 24.007784 0.692233 7.697904 300.548384 30.540809 1.327449 63.346017 0.423646 
66.659833 0.316581 6.210918 4.612168 0.578531 2.977512 2.088716 41.949567 1.805170 1.575268 15.337325 1.898098 4.337824 11.106776 19.697352 2.616546 22.360627 2.959566 145.018823 0.555695 0.074177 1.136053 
25.214023 0.768832 0.169179 1.628514 5.356228 7.884518 56.336867 2.011318 23.759299 69.835584 201.190594 0.430454 5.368620 7.021728 123.133168 0.640625 0.229307 25.583323 196.210259 31.271400 0.478705 3.651514 11.585114 28.031705 3.201144 17.995769 0.143433 33.333782 2.299135 19.562142 0.475896 1.387016 11.333551 112.074951 22.941753 11.620044 1.515377 8.490429 
0.344174 1.172200 472.892136 0.458569 0.937186 2.507510 14.426780 0.578716 15.605939 2.849998 7.976005 3.318917 1.105607 1.068713 1.259459 3.701446 6.907429 29.076806 4.437891 4.183630 0.784159 9.574979 14.165748 2.063526 30.400438 22.735074 40.486660 
3.325279 1.893922 3.242899 0.735327 0.615023 166.702203 0.290082 14.485374 118.592250 0.593463 0.286566 1.482202 4.105011 1.122824 5.551462 5.580038 2.334631 22.020412 0.184706 2.017206 1.437511 2.636183 12.439367 
1.319610 223.764607 10.408261 2.678844 0.872026 0.536150 51.638144 0.729282 0.428526 109.473344 23.183426 83.723625 0.441321 14.540666 0.718432 16.526364 
1.111934 16.428953 0.086973 1.997499 2.326063 6.812073 6.176786 7.078336 1.402642 36.253763 166.948069 23.126217 7.671257 3.927270 7.392600 0.055323 2.276019 0.402077 0.518009 63.302720 33.298027 164.485024 9.575601 4.270091 1.912669 1.378229 1.530710 1.366780 89.278000 0.386040 0.482311 1.908694 144.215030 0.855727 232.851229 0.469361 68.839891 0.223732 1.856267 
12.933165 10.084438 2.598996 1.225396 354.487326 0.564823 1.256392 24.265149 1.475517 73.926251 82.024580 7.009740 4.760467 11.285016 1.593963 90.972622 1.881449 5.824513 0.139615 
11.548196 16.509215 1.728943 1.220400 0.967366 22.055844 1.231818 27.808687 1.183280 3.777938 32.470556 1.885648 0.560539 7.332489 3.201203 0.775413 40.084489 26.055569 23.876215 7.405143 22.251907 3.585380 15.648417 13.099658 15.301642 0.629303 1.350232 29.955380 
7.702291 10.625541 10.795515 0.511116 3.311477 9.990473 10.769388 53.263224 15.459341 0.873358 0.735780 0.102669 311.840885 104.517044 0.813510 5.606201 29.934198 81.477659 0.479809 0.638086 8.372513 95.863788 1.036697 69.882423 1.781244 0.819302 5.482712 
107.167119 340.886530 3.665511 55.814094 140.041096 64.951446 42.962513 15.235468 1.255190 12.634106 0.886473 10.955997 0.687383 264.971708 0.744861 35.405486 0.170944 1.196769 6.471560 0.894143 0.917214 0.718442 11.610816 24.808736 
2.351914 393.589342 9.907624 10.393902 29.640282 7.377169 3.050622 0.332906 1.125426 0.969358 3.021308 0.445788 0.465050 1.319612 25.931258 0.610547 31.016515 158.019527 8.981281 0.648414 14.563831 44.518627 5.241768 3.134775 2.861692 1.925861 60.392493 
497.379017 2156.958414 2120.371811 0.917336 1.755488 136.059860 0.512994 0.384910 1.237511 10.161714 
0.066603 2.908127 10.610577 1.498446 0.733198 8.323638 0.853422 0.526114 16.920796 2.385099 3.514280 9.379769 8.719329 9.399592 5.369480 4.452352 0.103323 51.334543 0.233524 0.244860 0.323600 33.386861 11.124567 2.448129 3.494972 1.113730 5.696531 
10.347929 0.256834 0.715074 16.610372 12.369060 0.099387 27.326292 25.264593 124.930364 0.275379 20.163164 0.218587 1.915116 1.426692 3.057750 1.425447 22.650183 0.213296 1.524385 0.124647 32.089602 2.188132 32.998021 3.693579 53.596689 4.698747 0.690090 16.751812 0.757738 
0.507157 0.418696 0.229908 91.090500 0.644998 36.275480 7.232682 0.229644 1.028721 204.258520 7.148259 4.833096 385.098377 10.248424 281.862194 11.421994 0.545198 11.582063 
6.123061 21.416128 17.078584 15.623064 1.080783 6.164723 2.329363 106.754592 1.065270 5.035491 0.886298 6.086680 3.089577 63.537414 0.295480 21.202746 1.425900 0.385739 2.390999 1.211851 9.571314 
4.574836 13.228583 2.146667 1.057954 26.206678 0.405457 4.893719 66.144624 0.060128 14.876758 0.557053 10.274586 14.090778 1.961377 3.831853 0.388867 
