    55.337776 -27954.957541
    91.753390 -27958.175080
    92.536603 -27956.343599
    79.734238 -27956.495143
    89.043207 -27948.311140
    78.296884 -27960.850428
    95.521370 -27951.641026
    56.112730 -27955.443089
    62.007844 -27952.827697
    58.745631 -27949.263988
    54.515541 -27951.509882
    72.599125 -27951.420009
    89.181293 -27949.378405
    71.966812 -27953.284901
    66.978417 -27948.985035
    80.515717 -27949.724316
    56.437794 -27954.819996
    70.147037 -27960.258077
    87.906320 -27957.103413
    57.772558 -27949.438557
    60.530275 -27946.077420
    60.058930 -27958.389415
    63.082665 -27957.408007
    81.243600 -27950.426927
    76.362500 -27953.464082
    80.744606 -27947.913064
    66.285257 -27953.591991
    51.531857 -27953.692081
    65.222814 -27950.477211
    77.477395 -27951.730584
    71.320335 -27946.458060
   102.430616 -27960.943346
    64.764780 -27954.324005
    52.636465 -27946.362396
    88.453455 -27953.910948
    79.942065 -27947.627651
    48.839416 -27956.969723
    70.520217 -27947.933978
   107.548899 -27948.652354
    47.990452 -27955.656450
    69.639326 -27946.123839
    83.069742 -27951.723722
    86.903042 -27949.564441
    71.788990 -27951.506044
    64.915199 -27953.050072
   106.762594 -27943.839188
    90.448900 -27947.307208
    51.563627 -27952.153738
    55.201704 -27954.228876
    83.313226 -27950.391430
    60.537040 -27944.177477
    68.556495 -27953.939142
    86.799627 -27956.825706
    82.449898 -27949.250179
    78.334309 -27949.683381
    55.422722 -27951.944854
    44.666344 -27946.346906
    57.161038 -27954.608234
    56.551284 -27953.030042
    46.792060 -27950.447609
    70.525885 -27945.708719
    71.633543 -27942.092651
    79.332843 -27953.944864
    62.755833 -27950.122966
    70.583826 -27945.789999
    67.386987 -27953.529871
    37.541280 -27947.862495
    70.455231 -27945.679611
    71.422231 -27955.532460
    86.851539 -27949.831726
    66.382760 -27953.244092
    81.392572 -27949.306151
   108.237118 -27950.813754
    99.160786 -27946.694424
    64.131099 -27960.336440
    69.525611 -27954.170837
    41.698432 -27953.116126
   100.452690 -27951.317632
   113.099659 -27954.537159
    68.625003 -27957.902480
    60.554401 -27953.931162
    81.627704 -27951.391138
    82.897863 -27959.569209
    84.734811 -27953.932389
    82.158510 -27953.338444
    58.940896 -27953.275510
    73.020512 -27949.958360
    68.065086 -27947.542682
   102.414205 -27955.403058
    73.149950 -27953.606343
    78.028916 -27954.949398
    59.057543 -27957.692829
    79.819928 -27950.137537
    61.194213 -27945.466846
    57.181089 -27955.363337
    58.764520 -27953.874091
    65.190877 -27949.105038
    81.513136 -27952.229449
    73.892122 -27951.760630
    64.905137 -27952.526829
    79.781023 -27948.998515
   102.936009 -27954.317910
    78.104007 -27950.545910
    84.539846 -27954.145825
    86.137504 -27949.210207
    56.531863 -27952.106123
    89.618367 -27952.920968
    49.522721 -27946.992873
    68.626220 -27945.366198
    56.179801 -27947.282249
    92.125281 -27949.486732
    83.740259 -27959.593685
    82.281149 -27947.296178
    60.407410 -27953.792755
    95.496825 -27949.344196
    65.592796 -27952.840556
    95.705643 -27946.291406
    89.646273 -27953.189253
    63.532305 -27958.431651
    54.631614 -27948.693260
    55.411274 -27953.533712
    65.543835 -27954.310264
    83.659973 -27952.917565
    65.343230 -27949.283881
    85.664691 -27965.820605
    64.054231 -27955.236016
    70.717197 -27949.486142
    67.322270 -27952.740859
    66.163897 -27952.206704
    70.815506 -27952.632405
    79.733151 -27950.017384
    79.658940 -27953.543767
    53.272035 -27954.462054
   109.712841 -27948.453755
    61.348587 -27949.054490
    68.096317 -27960.515402
    64.678772 -27955.388215
    68.437441 -27959.163538
    48.975695 -27948.520086
    62.385776 -27950.187329
   101.612096 -27958.367854
    72.790620 -27953.034656
    61.451801 -27950.955830
    44.178170 -27946.305467
    70.935677 -27950.456709
    68.308061 -27957.302321
    70.542955 -27947.957896
    49.055477 -27957.240066
    73.619993 -27948.296264
    81.090501 -27958.629337
    82.881429 -27950.389518
    89.279731 -27943.927135
    46.921978 -27962.757745
    67.455662 -27959.893758
    67.963484 -27945.120608
    69.849524 -27955.844244
    90.029082 -27961.037583
   105.805829 -27944.932447
    76.600924 -27955.349782
    76.187616 -27956.531190
    63.487393 -27943.216561
    71.485882 -27953.378735
    83.811599 -27959.606375
    80.612015 -27959.008329
    66.147965 -27953.217563
    68.430191 -27952.421506
    58.866148 -27948.766114
    54.331432 -27955.662854
    52.064529 -27947.202673
    65.531424 -27958.382907
    64.724915 -27952.021898
    87.159695 -27948.436931
    64.854474 -27957.668851
    70.588085 -27949.416923
    70.608488 -27950.512463
    53.821642 -27948.070671
    99.123459 -27948.946189
    85.503575 -27948.543427
    85.152646 -27945.817094
    71.159334 -27950.004840
    61.701367 -27954.662279
    68.423616 -27954.066245
    82.249064 -27951.325126
    55.403485 -27955.489380
    66.128358 -27947.424115
    66.043931 -27947.657801
    79.365242 -27952.167201
    63.014445 -27957.440594
    67.660081 -27947.021726
    78.975561 -27949.757101
    68.640564 -27953.411245
    70.356892 -27942.970793
    69.783788 -27946.472071
    51.608785 -27948.289452
    77.622363 -27950.975245
    62.565176 -27948.841447
   104.686415 -27950.128394
    82.558051 -27954.147362
    84.702484 -27951.331608
    84.901611 -27948.684905
   117.059105 -27946.605554
    58.653363 -27950.631318
    45.830801 -27950.972914
    62.434072 -27952.190395
    69.176268 -27963.406748
    62.964474 -27948.325187
    89.146617 -27958.513676
    50.477366 -27955.864185
    66.376835 -27958.203143
    88.585018 -27956.477221
    57.282698 -27944.860990
   120.235048 -27955.966037
   104.787934 -27952.520151
    61.969071 -27941.181867
    62.281760 -27944.785473
    67.065631 -27950.927759
    61.261954 -27952.179549
    62.869343 -27950.051628
    80.654609 -27956.866367
    64.982949 -27950.325070
    88.635969 -27950.278101
    50.774555 -27948.712139
    65.358523 -27957.665804
    68.016316 -27952.022274
    87.451860 -27955.986105
    59.142938 -27948.617737
    81.379259 -27951.457275
    86.222879 -27951.996985
    42.820846 -27946.792384
    45.180710 -27957.198079
    71.091536 -27954.177816
    63.441054 -27953.508347
    65.912082 -27955.124786
    80.303000 -27948.647733
    64.329701 -27946.859637
    55.416562 -27949.770560
    64.540217 -27955.547804
    75.926415 -27943.298041
    71.185278 -27954.388547
    72.535464 -27948.817673
    82.086056 -27950.872569
    48.948455 -27946.102385
    57.296739 -27950.411516
    73.848685 -27962.992552
    74.017383 -27949.659170
    71.591566 -27951.422100
    78.222996 -27946.195738
   120.484070 -27951.013480
   114.171279 -27955.687500
    53.054764 -27953.436224
    61.524144 -27958.795593
    72.060777 -27950.995563
    84.647141 -27951.379690
    72.329608 -27951.767149
    69.700029 -27958.161378
    63.079243 -27949.348844
    73.724681 -27951.366587
    68.729609 -27950.365996
    51.521649 -27956.487978
   104.795415 -27948.819180
    90.301985 -27958.449152
    70.865310 -27949.473925
    71.338400 -27955.453424
    58.971443 -27948.992118
    69.581178 -27950.426300
    55.277641 -27951.740009
    57.800259 -27952.846824
    63.684221 -27952.626502
    85.313220 -27956.133422
    60.634068 -27948.767821
    61.352606 -27953.073556
    73.550887 -27945.978602
    69.277644 -27950.518041
    79.226494 -27947.641824
    66.952889 -27948.438424
    57.548710 -27950.999418
    74.769153 -27954.728208
    45.446297 -27955.496242
    69.509019 -27953.452470
    61.985886 -27948.705525
    41.619941 -27950.833122
    66.890308 -27954.130117
    75.119363 -27948.698660
    81.765276 -27949.666351
    83.398763 -27953.596045
    51.565378 -27957.608187
    37.875383 -27944.207891
    55.195034 -27956.689254
    83.249165 -27954.994967
    81.227023 -27945.560049
    40.439661 -27946.424216
   110.962496 -27947.375701
    65.655620 -27951.012923
    64.250309 -27947.586380
    84.193372 -27952.909060
   103.916834 -27946.814009
    64.800403 -27958.407969
    77.856690 -27948.442621
    87.750631 -27951.508987
   107.788009 -27956.931898
    80.147164 -27955.012258
    76.008417 -27950.730510
    50.900271 -27947.498724
    70.952696 -27949.062279
    44.309269 -27956.891012
    59.168589 -27949.471530
    73.528022 -27945.811453
    68.893532 -27948.869802
    67.398488 -27957.421616
    61.432741 -27950.512583
    48.597692 -27946.499080
    77.788544 -27955.149563
    85.564491 -27959.612127
    86.309685 -27948.154840
    61.346151 -27952.563118
    55.123869 -27947.587150
    43.566689 -27946.962731
    74.874370 -27965.694826
    36.553382 -27949.131926
    79.085958 -27949.218148
    67.050394 -27952.392817
    98.763716 -27957.400516
    73.301791 -27952.456934
    89.327316 -27944.360921
    72.352267 -27943.760649
    95.901669 -27950.517368
    83.584425 -27945.674125
   113.009413 -27952.641711
    73.027348 -27952.610757
    61.932230 -27954.522082
    62.479096 -27948.976142
    71.502529 -27954.381546
    83.672859 -27950.351933
    56.646569 -27959.794405
    43.844785 -27959.057424
    80.272742 -27953.612355
    61.779786 -27946.644796
    88.678655 -27942.336058
    57.284859 -27952.877930
    87.625258 -27950.025654
    72.249084 -27952.736637
    52.585085 -27947.983583
    94.093291 -27952.336367
    89.165113 -27950.554427
    83.564829 -27949.086794
    78.052519 -27949.100556
   100.637068 -27954.886498
    80.271838 -27947.853111
    75.885147 -27953.427135
    63.214760 -27947.387024
    46.718084 -27946.015259
    66.736914 -27957.355497
    60.203261 -27954.275532
    64.755399 -27951.965094
    54.687992 -27955.187200
    60.046352 -27945.776733
    73.049391 -27954.880060
    70.165110 -27954.904718
   106.161523 -27956.665122
    59.573819 -27952.240798
    56.104595 -27949.331275
    67.276314 -27952.070528
    65.447171 -27950.115247
    55.943208 -27947.645208
    79.408434 -27959.060605
    62.475726 -27948.036672
    56.852988 -27952.610381
    71.928289 -27950.668614
    42.818161 -27953.203565
    77.502297 -27945.434738
    94.424445 -27953.878888
    79.120290 -27950.963276
    77.246452 -27946.716792
    84.940764 -27949.764536
    68.620349 -27951.146352
    86.726103 -27954.222383
   120.903396 -27956.735746
    79.993261 -27953.557402
    43.480960 -27950.519773
    62.108219 -27950.839453
    77.357602 -27966.444679
    70.989198 -27953.503454
    89.682403 -27958.506923
   111.067169 -27946.775804
    79.266921 -27946.356804
    88.582364 -27956.093137
    75.616699 -27960.922545
    84.745665 -27949.311272
    89.436521 -27955.006288
   107.664029 -27949.373998
    95.227071 -27954.282362
    90.218196 -27950.456551
    61.865186 -27947.466423
    54.138015 -27945.421939
    71.418247 -27946.390675
    86.360503 -27952.034777
    83.522012 -27950.891103
    79.851766 -27950.954943
   103.518998 -27949.674519
    73.402964 -27953.630803
