-43.4912  147.062
-43.2738  147.062
-43.0564  147.062
 -42.839  147.062
-43.5999  147.286
-43.3825  147.286
-43.1651  147.286
-42.9477  147.286
-42.7303  147.286
-42.5129  147.286
-42.2955  147.286
-43.7086   147.51
-43.4912   147.51
-43.2738   147.51
-43.0564   147.51
 -42.839   147.51
-42.6216   147.51
-42.4042   147.51
-42.1868   147.51
-41.9694   147.51
 -41.752   147.51
-43.5999  147.735
-43.3825  147.735
-43.1651  147.735
-42.9477  147.735
-42.7303  147.735
-42.5129  147.735
-42.2955  147.735
-42.0781  147.735
-41.8607  147.735
-41.6432  147.735
-41.4258  147.735
-41.2084  147.735
 -40.991  147.735
-43.4912  147.959
-43.2738  147.959
-43.0564  147.959
 -42.839  147.959
-42.6216  147.959
-42.4042  147.959
-42.1868  147.959
-41.9694  147.959
 -41.752  147.959
-41.5345  147.959
-41.3171  147.959
-41.0997  147.959
-40.8823  147.959
-40.6649  147.959
-40.4475  147.959
-43.3825  148.184
-43.1651  148.184
-42.9477  148.184
-42.7303  148.184
-42.5129  148.184
-42.2955  148.184
-42.0781  148.184
-41.8607  148.184
-41.6432  148.184
-41.4258  148.184
-41.2084  148.184
 -40.991  148.184
-40.7736  148.184
-40.5562  148.184
-40.3388  148.184
-40.1214  148.184
 -39.904  148.184
-39.6866  148.184
-43.2738  148.408
-43.0564  148.408
 -42.839  148.408
-42.6216  148.408
-42.4042  148.408
-42.1868  148.408
-41.9694  148.408
 -41.752  148.408
-41.5345  148.408
-41.3171  148.408
-41.0997  148.408
-40.8823  148.408
-40.6649  148.408
-40.4475  148.408
-40.2301  148.408
-40.0127  148.408
-39.7953  148.408
-39.5779  148.408
-39.3605  148.408
-39.1431  148.408
-38.9256  148.408
-42.9477  148.633
-42.7303  148.633
-42.5129  148.633
-42.2955  148.633
-42.0781  148.633
-41.8607  148.633
-41.6432  148.633
-41.4258  148.633
-41.2084  148.633
 -40.991  148.633
-40.7736  148.633
-40.5562  148.633
-40.3388  148.633
-40.1214  148.633
 -39.904  148.633
-39.6866  148.633
-39.4692  148.633
-39.2518  148.633
-39.0344  148.633
-38.8169  148.633
-38.5995  148.633
-38.3821  148.633
-42.4042  148.857
-42.1868  148.857
-41.9694  148.857
 -41.752  148.857
-41.5345  148.857
-41.3171  148.857
-41.0997  148.857
-40.8823  148.857
-40.6649  148.857
-40.4475  148.857
-40.2301  148.857
-40.0127  148.857
-39.7953  148.857
-39.5779  148.857
-39.3605  148.857
-39.1431  148.857
-38.9256  148.857
-38.7082  148.857
-38.4908  148.857
-38.2734  148.857
 -38.056  148.857
-37.8386  148.857
-41.4258  149.082
-41.2084  149.082
 -40.991  149.082
-40.7736  149.082
-40.5562  149.082
-40.3388  149.082
-40.1214  149.082
 -39.904  149.082
-39.6866  149.082
-39.4692  149.082
-39.2518  149.082
-39.0344  149.082
-38.8169  149.082
-38.5995  149.082
-38.3821  149.082
-38.1647  149.082
-37.9473  149.082
-37.7299  149.082
-37.5125  149.082
-37.2951  149.082
-40.6649  149.306
-40.4475  149.306
-40.2301  149.306
-40.0127  149.306
-39.7953  149.306
-39.5779  149.306
-39.3605  149.306
-39.1431  149.306
-38.9256  149.306
-38.7082  149.306
-38.4908  149.306
-38.2734  149.306
 -38.056  149.306
-37.8386  149.306
-37.6212  149.306
-37.4038  149.306
-37.1864  149.306
 -36.969  149.306
-40.1214   149.53
 -39.904   149.53
-39.6866   149.53
-39.4692   149.53
-39.2518   149.53
-39.0344   149.53
-38.8169   149.53
-38.5995   149.53
-38.3821   149.53
-38.1647   149.53
-37.9473   149.53
-37.7299   149.53
-37.5125   149.53
-37.2951   149.53
-37.0777   149.53
-36.8603   149.53
-36.6429   149.53
-39.5779  149.755
-39.3605  149.755
-39.1431  149.755
-38.9256  149.755
-38.7082  149.755
-38.4908  149.755
-38.2734  149.755
 -38.056  149.755
-37.8386  149.755
-37.6212  149.755
-37.4038  149.755
-37.1864  149.755
 -36.969  149.755
-36.7516  149.755
-36.5342  149.755
-36.3168  149.755
-36.0993  149.755
-39.0344  149.979
-38.8169  149.979
-38.5995  149.979
-38.3821  149.979
-38.1647  149.979
-37.9473  149.979
-37.7299  149.979
-37.5125  149.979
-37.2951  149.979
-37.0777  149.979
-36.8603  149.979
-36.6429  149.979
-36.4255  149.979
-36.2081  149.979
-35.9906  149.979
-35.7732  149.979
-38.4908  150.204
-38.2734  150.204
 -38.056  150.204
-37.8386  150.204
-37.6212  150.204
-37.4038  150.204
-37.1864  150.204
 -36.969  150.204
-36.7516  150.204
-36.5342  150.204
-36.3168  150.204
-36.0993  150.204
-35.8819  150.204
-35.6645  150.204
-35.4471  150.204
-35.2297  150.204
-37.7299  150.428
-37.5125  150.428
-37.2951  150.428
-37.0777  150.428
-36.8603  150.428
-36.6429  150.428
-36.4255  150.428
-36.2081  150.428
-35.9906  150.428
-35.7732  150.428
-35.5558  150.428
-35.3384  150.428
 -35.121  150.428
-34.9036  150.428
-37.1864  150.653
 -36.969  150.653
-36.7516  150.653
-36.5342  150.653
-36.3168  150.653
-36.0993  150.653
-35.8819  150.653
-35.6645  150.653
-35.4471  150.653
-35.2297  150.653
-35.0123  150.653
-34.7949  150.653
-34.5775  150.653
-36.2081  150.877
-35.9906  150.877
-35.7732  150.877
-35.5558  150.877
-35.3384  150.877
 -35.121  150.877
-34.9036  150.877
-34.6862  150.877
-34.4688  150.877
-34.2514  150.877
 -34.034  150.877
-35.4471  151.102
-35.2297  151.102
-35.0123  151.102
-34.7949  151.102
-34.5775  151.102
-34.3601  151.102
-34.1427  151.102
-33.9253  151.102
-33.7079  151.102
-34.9036  151.326
-34.6862  151.326
-34.4688  151.326
-34.2514  151.326
 -34.034  151.326
-33.8166  151.326
-33.5992  151.326
-33.3817  151.326
-33.1643  151.326
-34.3601  151.551
-34.1427  151.551
-33.9253  151.551
-33.7079  151.551
-33.4905  151.551
 -33.273  151.551
-33.0556  151.551
-32.8382  151.551
-33.8166  151.775
-33.5992  151.775
-33.3817  151.775
-33.1643  151.775
-32.9469  151.775
-32.7295  151.775
-32.5121  151.775
 -33.273  151.999
-33.0556  151.999
-32.8382  151.999
-32.6208  151.999
-32.4034  151.999
 -32.186  151.999
-31.9686  151.999
-32.9469  152.224
-32.7295  152.224
-32.5121  152.224
-32.2947  152.224
-32.0773  152.224
-31.8599  152.224
-31.6425  152.224
-31.4251  152.224
-32.4034  152.448
 -32.186  152.448
-31.9686  152.448
-31.7512  152.448
-31.5338  152.448
-31.3164  152.448
 -31.099  152.448
-30.8816  152.448
-32.0773  152.673
-31.8599  152.673
-31.6425  152.673
-31.4251  152.673
-31.2077  152.673
-30.9903  152.673
-30.7729  152.673
-30.5554  152.673
-31.7512  152.897
-31.5338  152.897
-31.3164  152.897
 -31.099  152.897
-30.8816  152.897
-30.6642  152.897
-30.4467  152.897
-30.2293  152.897
-30.0119  152.897
-31.4251  153.122
-31.2077  153.122
-30.9903  153.122
-30.7729  153.122
-30.5554  153.122
 -30.338  153.122
-30.1206  153.122
-29.9032  153.122
 -31.099  153.346
-30.8816  153.346
-30.6642  153.346
-30.4467  153.346
-30.2293  153.346
-30.0119  153.346
