 2.170301  3.410908  7.520573  5.751472 11.482129 17.461542
 1.793388  3.466521  6.922801  5.862411 11.909656 18.559159
 2.083931  3.427262  7.737505  5.802411 12.814131 21.101595
 1.758520  3.571147  8.148072  5.557920 12.561652 19.094591
 1.809669  3.192973  6.690220  5.500667 11.905064 17.050693
 1.898955  3.241854  7.776224  6.043318 11.059029 21.239897
 1.919146  3.526873  7.131131  6.005854 13.493112 19.665655
 1.745705  3.519178  7.800817  6.152340 12.517927 21.815580
 1.863940  3.235409  7.890896  6.211715 11.788411 18.508927
 1.658621  3.436970  7.685949  6.538775 12.305820 19.665171
 1.880061  2.906202  7.689375  6.083356 12.484479 17.628724
 1.816531  3.302429  7.442285  5.589478 12.839864 19.483753
 1.921241  3.161428  7.581412  5.714097 11.697177 21.773495
 1.929822  3.287505  7.887176  6.037661 12.193858 17.954386
 1.491150  3.240294  7.976785  6.229748 12.315213 18.807881
 1.859452  3.195162  8.213941  6.750182 12.070439 19.762749
 1.700708  3.153051  7.867034  5.462669 12.377151 19.314212
 1.699995  3.312041  7.344305  6.172549 11.432124 20.320073
 1.810530  3.301558  8.886157  5.368407 12.555375 19.321037
 1.886887  3.229861  7.830535  5.802510 12.596873 20.296671
 1.910328  3.586936  8.573964  5.779794 11.607754 21.907388
 1.636080  3.466232  7.185582  5.939688 11.366092 18.640926
 1.936394  3.291492  8.431843  5.579138 12.568077 22.003054
 1.762852  3.830677  7.871548  5.531512 11.475186 18.062855
 1.813380  3.410652  8.526666  5.981345 11.432698 19.275339
 1.781791  3.306127  8.364559  5.572737 12.203582 20.438656
 2.066853  3.395574  7.155667  5.383221 11.982580 18.501987
 1.779361  3.230120  7.325352  5.464119 12.053143 18.567247
 2.041552  3.267563  8.453295  5.742322 12.239170 17.084499
 1.721963  3.012220  8.181929  5.557728 11.146042 18.973176
 2.119366  3.617240  8.626055  5.983139 11.698666 19.367797
 2.093915  3.485081  7.898665  6.407207 13.222997 20.297435
 1.915250  3.620279  8.056202  6.516525 11.553255 19.735717
 2.044085  3.709418  8.167092  6.444985 12.224378 20.583918
 1.784775  3.757945  8.342310  5.979992 12.148700 21.378496
 2.215364  4.113336  7.818661  6.375953 12.779869 20.387191
 2.153930  3.128762  8.097507  6.465636 13.568091 19.882882
 1.811167  3.207838  7.716139  6.272116 11.239896 21.842828
 1.727900  3.526482  7.691812  5.526261 12.421133 19.612127
 1.741983  3.487399  8.148895  5.658507 10.479528 20.093203
 1.795992  3.276318  7.018373  5.769075 11.543074 19.228424
 1.807933  3.173830  8.033834  5.987311 11.726505 20.482901
 1.834799  3.109783  7.843983  6.263837 11.396235 18.887998
 1.813894  3.264164  8.975538  6.124370 11.819015 18.396498
 1.927910  3.291877  8.366515  6.191169 12.362288 19.508738
 1.726821  3.451092  7.986940  6.491433 11.780573 20.726839
 1.733543  3.384428  7.402358  6.463904 11.176772 19.661796
 1.806283  3.638079  8.360074  6.159766 12.159315 20.067043
 1.989640  3.562283  8.081308  7.321735 13.085595 18.883045
 2.132149  3.817999  8.222715  6.234338 12.781387 21.088439
 1.993357  3.758088  8.748602  6.209400 10.657176 19.950705
 1.884332  3.685006  8.806943  6.316988 12.352828 19.539308
 1.770282  3.222109  7.990135  5.634341 11.362084 21.896568
 1.924169  3.662166  8.649218  6.384186 12.595152 19.601069
 2.016233  3.064674  7.652870  6.179575 11.619787 19.429348
 1.760963  3.341644  7.819707  6.671510 12.439446 20.432473
 1.914712  3.248356  7.788917  6.354331 12.066555 19.211267
 1.807358  3.269183  9.113287  6.145566 12.486658 18.732806
 1.897117  3.482042  8.524355  6.448203 12.698322 20.926113
 2.001658  3.536567  7.184396  6.320407 12.152165 19.882047
 1.617938  3.094318  7.395294  5.993993 11.416512 18.115490
 1.628104  3.223038  7.998563  6.005032 11.797813 18.739768
 1.709871  3.760499  7.592978  6.217681 12.033210 19.042279
 1.887134  3.428451  7.870668  6.200905 11.238341 18.178717
 1.759836  3.121377  8.241416  6.277763 12.117870 18.117748
 1.728284  3.248493  8.034892  5.810320 12.685832 18.294356
 1.926581  3.708661  7.791902  5.856409 11.766350 21.793533
 1.802885  3.581674  7.039441  5.648763 12.152053 21.391177
 1.981562  3.070512  7.128303  5.807895 12.527847 19.552485
 1.790447  3.506541  7.983986  6.486386 11.017320 20.190945
 2.009053  3.658935  8.207315  5.977613 11.102381 20.139255
 1.869899  3.267391  7.557565  6.070611 11.917319 19.803473
 1.707086  3.693141  8.536051  6.076375 12.639268 18.589726
 1.834163  3.577094  8.172937  6.274691 12.998320 18.209917
 1.933069  3.120404  8.063002  6.419301 11.875108 20.431523
 1.962457  3.394872  8.109255  5.978458 10.704932 18.625141
 1.878090  3.447404  8.024242  6.302870 12.932213 18.934354
 1.749117  3.484059  8.129856  6.445289 11.816586 20.760723
 1.734676  3.091199  7.353235  5.748730 12.353731 18.892300
 1.811629  3.198360  7.789326  6.028494 10.310848 18.848543
 1.645866  3.065898  7.771983  5.325318 12.472895 19.371845
 1.985422  3.599821  7.751551  6.363862 12.405796 21.246770
 1.799630  3.377540  7.900810  6.316097 11.107367 17.423852
 1.515010  3.604474  7.509732  6.536129 10.846280 18.597718
 2.110359  3.467177  8.584607  6.527601 13.001932 19.058705
 1.907356  3.521039  8.547625  6.377790 11.662038 21.251517
 1.873576  3.607728  8.287250  6.116137 11.130424 20.529032
 1.613087  3.348372  8.104951  6.037203 11.845550 19.850847
 1.899949  3.392931  8.120033  5.871816 11.111616 18.811173
 1.930757  3.192294  8.152029  6.304480 11.559908 18.527085
 1.917638  3.678484  8.143347  5.867057 13.551848 19.341755
 1.952953  3.294795  7.993182  6.605304 12.950653 19.302623
 2.027929  3.478410  8.771341  5.671391 11.097877 19.000067
 1.671020  3.089210  8.014581  5.969469 12.364211 17.663216
 1.954861  3.353905  8.265322  6.294420 10.670400 18.848903
 1.772807  3.281387  7.839778  5.961734 11.743097 19.643506
 1.972816  3.053089  7.959347  5.974419 11.795768 19.118147
 1.611639  3.170195  8.764692  5.510257 13.522549 20.929968
 1.668827  2.957744  7.451654  5.869339 11.669975 20.924930
 1.759247  3.282740  6.945814  5.810759 12.419460 21.654267
 1.966467  3.001086  8.516592  6.504228 12.009143 19.795635
 1.699766  3.490203  7.720628  5.673569 11.307963 17.695682
 1.765451  3.008667  7.190927  5.545108 12.030756 18.407849
 1.811390  3.446230  8.168966  6.699602 11.758818 20.337326
 1.792399  2.908628  8.113407  6.135738 12.001399 19.599020
 1.867585  3.429534  8.322715  6.273947 12.559946 19.089447
 1.831326  3.351483  8.625081  6.901869 11.677054 20.527816
 1.759727  3.496016  8.592129  5.381463 11.960374 23.149681
 1.801867  3.376886  8.083070  6.232691 11.964302 17.972450
 1.726939  3.597921  8.572013  6.400162 11.349753 19.583383
 1.832444  3.346823  7.658606  6.603772 11.687973 19.511645
 1.811368  3.392277  8.303496  6.535306 11.754871 19.271554
 1.982578  3.569390  8.503489  5.837626 11.909690 20.531840
 1.734503  3.058426  7.364161  5.708332 11.664409 20.114875
 1.845117  3.368665  8.462102  5.900841 12.277333 18.355550
 1.755414  3.349979  8.657947  6.203157 11.859360 21.293341
 1.713491  3.684064  8.199346  5.416190 10.778760 19.113498
 1.980605  3.541223  7.759124  6.194917 11.889094 20.537279
 1.856206  3.647786  7.229509  6.275093 11.959051 19.322911
 1.944116  3.446365  8.043085  5.668953 12.328872 21.972743
 1.907308  3.402113  8.167788  6.063184 12.223276 19.855991
 1.997240  3.774562  8.588907  6.923760 12.789429 21.324368
 2.044515  3.450521  8.396118  6.349084 11.747368 17.972901
 1.981051  3.411181  7.571618  6.089040 12.687574 20.199778
 2.170959  3.317379  8.240879  6.375798 12.157268 19.931231
 1.672101  3.084371  7.580974  5.907426 11.320497 21.226033
 1.813524  3.487183  7.808009  5.252732 11.954737 19.896520
 1.847696  3.405327  7.128808  6.519256 11.689449 22.164690
 1.952304  3.601625  7.818454  7.156667 11.285509 19.235941
 1.709368  3.256258  8.475845  6.350557 11.271189 17.894095
 1.576633  2.862394  7.756476  5.466919 12.680446 18.774680
 1.732343  3.141442  7.351526  6.061315 11.014728 19.245374
 1.841840  3.274924  7.890972  6.298359 11.804601 19.092327
 1.799647  3.021422  8.312992  6.110089 11.134245 17.973001
 1.901954  3.609910  8.210633  5.771680 11.498102 20.194221
 1.668791  3.222412  9.164843  5.916246 11.932991 20.627625
 1.716872  3.283745  7.816905  6.135176 11.679979 19.970503
 1.755636  3.105882  8.198831  5.787449  9.813347 19.550819
 1.673428  3.008728  7.764781  6.134762 11.366001 17.485528
 1.787562  3.652598  7.601241  5.723487 11.821920 21.073465
 1.716037  3.219134  7.913133  6.328860 11.123238 20.090545
 1.830012  3.398610  8.173760  5.831354 11.427746 18.774995
 1.818722  3.134050  7.781397  6.054642 10.952448 19.565828
 1.871608  3.280407  8.502082  7.410643 13.874414 21.953381
 1.969914  3.576887  8.152506  6.587579 11.881175 20.401800
 1.738237  3.064038  7.876244  5.936852 11.192292 18.779701
 1.809934  3.260126  7.885431  6.434246 11.196599 19.711469
 1.541938  3.502532  8.154023  6.016755 10.840695 19.303936
 1.831721  3.098885  7.283231  5.821597 11.060728 18.855662
 1.424539  3.752289  8.401004  6.185358 10.823566 20.845737
 1.934278  3.245504  8.160569  6.474507 11.091312 18.978932
 1.645530  3.333492  7.687865  6.174880 11.797379 18.674216
 1.584352  3.540634  7.873684  6.482838 12.546498 18.168762
 1.695029  3.479353  8.237348  6.712292 11.030493 17.256411
 1.955822  3.508601  8.005024  5.634216 12.851429 19.978890
 1.782336  3.635676  7.938661  6.012800 12.587215 22.980989
 1.708515  3.502718  7.720114  6.038611 11.772477 19.543271
 1.986561  3.277101  7.654994  6.522923 11.765559 21.513623
 1.807829  3.337888  8.181940  5.419791 13.203897 19.548528
 1.742419  2.957576  7.228103  5.354395 12.306709 19.674620
 1.572111  3.391391  7.740525  5.767920 11.581906 20.494716
 1.843673  3.673113  8.221360  5.520318 11.945304 19.217569
 1.714154  3.628647  7.658903  5.853704 12.411838 17.205105
 1.718080  3.488531  7.969361  6.100230 12.782270 21.028744
 1.774699  3.210784  7.685437  6.005332 11.828618 20.357149
 2.061185  3.598179  8.167970  6.390622 11.771846 19.536409
 1.833463  3.458858  7.742154  6.586648 13.406766 21.958716
 1.863606  3.389958  7.925518  6.203500 12.200204 18.764831
 1.885041  3.207046  8.466919  6.168282 13.063534 21.978954
 1.844954  2.910550  7.401383  7.021143 11.349463 20.228640
 1.901244  3.488727  8.052732  5.958867 13.215374 20.145587
 1.778311  3.655371  8.870937  6.639728 11.360480 18.001809
 1.901816  3.256737  7.594128  6.298780 11.340292 22.381559
 1.794063  2.994254  8.300118  6.614790 11.839120 21.296704
 1.814391  3.399586  8.393243  6.381165 12.438347 19.682017
 1.981795  3.266166  8.220510  5.768939 11.800808 22.429809
 1.803806  3.206486  8.223442  6.465387 11.347269 17.587840
 1.759356  3.420296  7.955855  5.979525 10.935913 24.097850
 1.767865  3.304395  7.584568  5.797417 12.751516 18.054888
 1.759282  3.901142  8.031468  6.374526 11.524150 19.990532
 1.777517  3.970929  7.571439  6.133084 11.796078 20.981708
 1.814105  3.538649  8.075239  5.908566 10.109542 20.031258
 1.976150  3.584960  8.412306  6.065698 12.296338 21.547750
 1.820577  3.504339  8.696305  6.165464 11.088127 20.505608
 1.885839  3.300197  7.570971  6.004481 11.356157 18.597400
 1.909031  3.382742  9.228153  6.421564 12.873270 20.382991
 2.018756  3.444259  7.626980  5.972389 10.926601 19.250020
 1.950592  3.295934  8.780336  6.322957 11.291223 18.712018
 1.912368  3.594465  8.413764  6.627810 12.436802 18.288623
 1.849220  3.280100  8.437337  6.545900 13.252483 22.398783
 2.035918  3.995390  8.005756  6.236543 11.511320 20.924689
 1.829840  3.571970  7.902199  6.326922 13.567822 19.709219
 1.678336  3.811148  7.919793  6.085459 12.788714 21.598267
 2.032287  3.148900  8.242827  5.965601 12.427796 20.677545
 2.000340  3.364077  8.494745  7.062933 13.266517 21.304728
 1.941776  3.484976  8.107127  5.763630 11.909870 20.085255
 1.983960  3.264598  8.239592  6.727764 11.679717 19.532819
 1.734227  3.642481  7.352281  6.426939 12.815306 22.113271
 1.877835  3.222821  8.360599  6.670215 11.798519 21.697839
 2.049445  4.060169  7.755042  6.364717 12.056509 18.598219
 1.973561  3.308133  7.776682  6.868272 12.991368 21.100550
 2.045928  3.548360  8.700360  6.694866 12.407940 17.746334
 1.869606  3.655305  8.075822  6.506362 12.040481 20.026418
 1.888738  3.534888  8.677716  6.626133 11.980645 19.110255
 2.079843  3.365632  7.803368  6.141123 12.431872 20.012413
 1.788596  3.549740  7.711677  6.646184 12.603417 21.072205
 1.498293  3.356792  8.599273  5.726243 10.823085 19.533721
 1.643473  3.171647  7.928681  5.794666 11.465798 17.380905
 1.751976  3.547323  7.815887  5.530013 11.995479 17.788680
 1.776428  3.138155  8.541553  5.818687 11.941161 19.311323
 1.656745  3.492753  7.453801  6.072425 12.042583 21.411176
 1.785404  3.096903  8.137908  6.371887 12.515890 20.004796
 1.867197  3.844176  7.519341  6.704104 11.257073 20.742754
 1.822077  3.524396  7.630769  6.501915 11.739534 21.688189
 2.093899  3.788837  9.048571  5.907315 12.973283 20.690042
 1.821746  3.230591  8.310084  6.099950 12.831855 20.117060
 1.863390  3.410239  8.386829  6.688921 10.811301 19.142591
 1.801781  3.329923  8.173443  6.719347 10.671516 21.741992
 1.810791  3.264139  7.290168  6.357236 11.898993 21.752227
 1.959032  3.298309  7.689141  5.886968 12.522579 18.611303
 1.732151  3.499487  8.239822  6.374752 11.902955 18.617396
 2.000386  3.439352  7.361781  6.194570 11.616569 21.115615
 2.011051  3.287510  8.282740  6.638965 11.589004 20.086890
 1.721123  3.753582  8.199002  6.188022 12.024867 20.195190
 1.690148  3.198547  7.649409  5.931457 12.940646 18.911891
 1.734692  3.090081  7.262950  5.552455 10.953148 17.087600
 1.691949  3.389927  7.778275  6.782047 11.831092 19.450553
 1.619801  3.304874  7.637384  6.131742 12.378844 19.933899
 1.784137  3.220111  7.534166  6.353928 11.395132 20.111681
 1.728578  3.262741  8.634603  5.968238 11.321554 18.409770
 1.707629  3.172334  8.386726  6.049399 11.523848 19.557967
 1.895567  3.111545  7.690960  6.471882 11.469196 20.225123
 1.835166  3.361175  8.806819  6.385705 13.172999 18.993210
 1.801890  3.658038  7.329480  6.525208 11.756296 19.501850
 1.882542  3.480433  9.261227  5.935121 12.522042 20.240809
 1.893570  3.508921  7.715726  6.285078 13.136133 19.965871
 1.964774  3.683750  7.360973  6.591533 12.275397 19.531520
 1.914481  3.688375  8.404684  6.054472 12.755835 20.903179
 1.910861  3.427171  7.756122  6.250322 10.596591 20.450265
 1.977704  3.437204  7.751925  6.686736 12.027269 21.030073
 1.974289  3.602673  8.599604  6.812163 11.746643 21.819747
 1.918023  3.652642  7.700733  6.100976 13.363858 20.695777
 1.998968  3.604915  8.156442  6.641035 13.024327 20.089354
 2.292497  3.955127  8.475250  5.768125 12.099926 20.291412
 2.368250  3.078827  8.234205  6.141346 12.338513 21.973288
 1.902872  3.357271  9.409975  6.942022 11.974984 19.965451
 1.882848  3.610662  9.121619  7.198462 12.251099 19.832341
 2.129374  3.598340  7.677887  6.498450 13.996308 22.417300
 1.889151  3.340444  8.097629  5.952659 13.467146 20.527060
 1.890932  3.135130  7.975904  6.638283 11.978337 22.460452
 1.996472  3.427617  8.733350  6.251579 12.106154 20.077200
 1.824779  3.514396  8.397863  5.838833 11.400009 22.193803
 1.824259  3.413705  7.545450  6.219914 12.240075 18.366472
 1.829001  3.230885  7.636325  6.654779 11.643486 23.878950
 1.853601  3.361998  8.025201  6.387207 11.813172 22.319594
 1.882894  3.222968  8.645705  6.261151 13.185203 20.951925
 2.028791  3.734633  8.739381  6.334352 11.372742 21.394021
 1.850418  3.717033  7.257394  5.671645 11.449924 18.779956
 1.788867  3.355958  8.030926  5.937434 12.195529 18.430278
 1.659085  3.284885  7.259049  6.144431 12.760757 18.733690
 1.677926  3.445877  7.687841  5.923669 11.554388 17.779944
 1.886511  3.279530  7.620322  6.121799 11.125078 21.051694
 1.898108  3.553399  7.572562  6.162014 11.259722 21.105186
 2.046650  3.500981  8.731978  5.859982 11.248580 22.042072
 1.967540  3.400637  8.041155  5.738488 11.859492 20.293386
 1.976425  3.517653  8.428604  5.999597 11.563140 20.720489
 1.997766  3.508562  8.192686  5.922819 11.348127 20.730749
 2.015252  3.466762  7.705389  6.880767 12.713990 19.417977
 1.818709  3.315885  8.256832  6.432924 10.447860 19.006928
 1.883284  3.696481  8.898763  6.329928 11.617520 20.576047
 1.964492  3.607216  8.658649  6.040389 12.344851 18.445289
 1.974775  3.290603  8.343615  5.924319 12.434315 20.739445
 1.719653  3.010145  8.246356  6.312418 13.431075 21.494942
 1.779492  3.545036  7.753776  5.185851 11.869224 19.608764
 1.815359  3.343971  8.148433  6.400417 12.453508 18.493813
 1.865708  3.259586  8.296391  6.051276 12.390962 19.097860
 1.695014  3.327629  7.862808  5.820749 11.892058 18.118151
 1.776100  3.335350  7.975585  6.386619 11.984753 23.151511
 1.786754  3.705900  7.705620  6.255776 12.179095 20.445635
 1.896868  3.277918  8.607071  5.955086 11.116484 20.402531
 1.939738  3.693638  7.540682  6.229001 12.513481 19.934054
 1.893021  3.294616  7.915831  5.892726 11.997373 21.630827
 1.960132  3.698836  8.595222  6.103498 13.444330 21.246831
 1.853776  3.686019  7.993956  6.281092 11.626139 21.798093
 1.775829  3.542667  8.332623  6.179871 11.846342 22.275528
 2.007115  3.597910  8.725714  5.831196 13.226715 21.077057
 1.882346  3.688501  8.428640  6.433344 11.482775 23.010754
 1.826264  2.963153  8.050765  5.936636 11.102610 20.029135
 1.898394  3.498239  8.188714  6.627896 12.988273 23.650745
 1.815655  3.260525  9.454623  6.446998 12.940377 21.401769
 1.851026  3.448216  8.526739  7.398205 12.505211 21.342075
 1.625401  2.842843  7.591069  5.886040 11.020178 18.241634
 1.726548  3.020498  8.003426  6.061052 10.479584 21.898282
 1.735958  3.647907  8.400925  5.130694 11.742420 20.376481
 1.997699  3.585044  7.476995  6.439374 11.429239 18.863373
 1.899604  3.268604  7.308088  5.784285 12.472633 19.796793
 1.562621  3.183744  8.029473  5.479649 11.959016 19.534943
 1.838102  3.308645  7.616172  6.370047 11.502580 20.207009
 1.623170  3.359950  7.890087  6.081841 12.190425 17.356801
 1.909742  3.345369  8.209000  5.638382 11.170380 19.578961
 1.933216  3.517579  8.118041  6.665645 11.197069 19.187573
 1.811050  3.238711  7.423893  6.495156 11.634543 18.965851
 2.000883  3.472986  7.545445  5.897531 11.582372 22.138694
 1.874255  3.096512  7.419679  6.644005 11.693968 22.041192
 1.812271  3.269910  9.590068  6.394071 11.625288 18.649271
 1.798176  3.410216  7.993210  6.059924 12.073388 20.053415
 1.916242  3.461585  7.319044  6.607172 12.103269 19.158677
 2.085562  3.312919  8.887334  6.778548 11.775377 19.611367
 1.832408  3.329854  8.505123  6.390277 10.877516 19.041665
 1.935861  3.618764  8.071503  6.882095 12.683256 20.936588
 1.942157  3.760048  7.909621  6.017368 13.453084 22.576137
 1.943423  3.677228  8.452437  6.181441 13.015636 21.529501
 1.882144  3.537605  8.175264  6.206557 12.665275 22.872094
 2.099379  3.505027  7.988371  6.501279 13.838688 20.619557
 1.780929  3.694015  7.370540  7.361646 11.682544 23.422912
 1.955060  3.481842  8.585991  5.988441 12.671335 21.847409
 1.851995  3.100203  7.864349  6.153121 13.181118 20.491370
 1.864927  3.566892  7.893988  6.262725 12.499196 24.590014
 1.812186  3.688490  7.060473  6.647370 12.414905 20.593870
 1.825728  3.404797  7.539180  5.660817 11.711443 21.301823
 1.716529  3.100296  7.410564  5.665495 12.427420 18.281327
 1.703889  3.278263  7.422940  5.743367 11.600460 20.311675
 1.868865  3.130159  8.030317  6.031543 11.812529 18.646848
 1.725691  3.290441  7.735458  5.700288 11.686436 19.617272
 1.927805  3.203220  7.252858  6.164609 11.264630 20.002878
 1.748166  2.962156  7.594207  6.233550 11.219859 18.442495
 1.938941  3.182023  8.044539  5.945050 10.253516 19.261940
 2.189306  3.508455  7.919206  6.622415 12.130662 20.948148
 2.123817  3.301315  8.148666  6.934891 12.249824 20.677147
 1.873691  3.624430  8.499096  6.242313 11.643155 19.894986
 2.027415  3.599450  9.018989  7.205714 12.386855 20.093652
 1.923318  3.733041  8.669771  6.597934 12.334981 19.181707
 1.892692  3.790565  8.360623  6.528829 12.672667 21.830173
 2.075557  3.381317  8.461227  6.555691 12.313832 20.142374
 1.959947  3.779863  8.781408  6.219644 12.586334 20.629406
 1.914563  3.286099  7.303303  5.524882 11.946358 21.214384
 1.953332  3.278287  8.285009  6.465206 12.378107 20.706832
 1.832431  3.449626  8.542087  6.665310 13.238851 18.619064
 1.722204  3.288384  7.291617  5.718080 12.260576 19.112184
 2.152716  3.291509  8.180603  5.880493 12.314417 19.679168
 1.933787  3.654907  8.539502  6.417700 11.767416 19.284999
 1.881878  3.420121  7.945825  6.857438 12.808407 21.066007
 2.127816  3.511563  7.529279  6.432595 11.834544 20.916578
 1.983583  3.736786  7.639410  6.671610 11.994225 20.075176
 1.696111  3.443286  7.263914  6.533014 11.792590 18.873637
 1.767723  3.307287  8.383419  5.872916 12.106472 19.417701
 1.713546  3.263482  8.094577  6.423351 11.687644 19.578065
 1.801375  3.726955  7.931150  6.846746 11.474435 20.033770
 1.840975  3.235465  8.273604  6.125096 12.676242 22.045039
 1.672543  3.081922  7.766573  5.630840 11.737097 19.334587
 2.040183  3.372901  8.897217  6.873709 12.296606 20.691673
 1.950795  3.720704  8.195308  6.448062 11.876099 20.027262
 1.890363  3.455164  7.785348  6.149637 11.270130 20.208438
 1.881785  3.776922  8.587130  6.080879 12.747263 23.013114
 1.579670  2.938528  7.768640  5.927216 12.621715 18.403738
 1.771323  3.282584  7.793893  5.106549 11.005013 20.792715
 1.674051  3.448216  7.178750  5.711133 12.064924 18.724373
 1.717012  3.596366  7.965205  6.016979 11.672577 19.154433
 1.781739  3.405565  7.236208  6.660130 12.591174 16.758109
 1.692649  3.236963  8.091906  6.199236 10.981251 20.599773
 1.625078  3.329243  7.994728  5.931434 11.313382 19.677046
 1.993906  3.143436  8.181083  6.457803 12.466557 17.796060
 1.576394  3.263215  7.261687  5.748466 11.388697 18.582571
 1.858882  3.345687  7.563956  5.716276 11.272120 18.441378
 1.791160  3.335976  7.622935  6.053028 12.563206 18.502830
 1.764044  3.552220  8.098458  6.319235 11.394286 19.899076
 1.738889  3.360249  7.464653  5.744106 10.219643 20.101229
 1.735863  3.092479  7.945261  5.346422 11.648036 19.492261
 1.634046  3.197000  7.724456  5.883275 11.566931 20.925937
 1.649853  3.202087  8.821599  6.375871 11.299884 20.267533
 1.652993  3.217084  7.434197  5.734855 11.411559 18.064178
 2.028487  3.126190  8.637315  5.884025 13.303591 18.038174
 1.515801  3.080137  7.263714  5.005423 11.734390 20.335574
 1.583135  3.149736  7.178844  5.642365 12.193349 19.140237
 1.719641  3.429800  7.962243  5.665261 10.783409 19.791568
 1.746726  3.719267  8.695811  7.009185 10.784250 18.220218
 1.924836  3.588396  8.174245  6.539049 12.467161 19.501931
 1.759743  3.177576  7.306536  6.082140 11.558021 18.972132
 1.886001  3.822583  7.943745  5.961318 11.941369 17.989638
 2.182164  3.716914  7.939784  6.446507 11.782397 20.420851
 1.828058  3.330262  7.982851  6.248091 12.516327 19.919332
 1.916543  3.433697  8.018088  6.298544 11.562626 17.662151
 1.906531  3.395502  8.839186  6.547742 12.257580 20.799066
 2.073338  3.337681  7.779380  6.249143 11.489177 19.647165
 1.844782  3.309504  8.285096  5.808153 12.022938 18.444423
 1.835955  3.293661  7.798077  6.538579 11.595524 19.473032
 1.836719  3.311918  9.279986  6.419319 12.024457 19.992047
 1.858015  3.300457  8.120092  5.712895 11.938442 20.087965
 1.887098  3.408682  8.054643  6.757370 11.684333 18.591181
 1.857918  3.275991  7.992758  6.268059 12.764404 17.380807
 1.903961  3.280959  8.136077  5.991907 13.234761 20.025701
 1.924728  3.282836  7.481048  6.025920 10.605176 19.839619
 1.916508  3.312817  8.029584  6.497972 12.044923 18.538123
 1.953168  3.259766  7.845558  7.069615 12.210844 19.024291
 1.717179  3.484653  7.868154  6.523096 11.103262 17.502547
 1.938685  3.247755  8.404027  6.578120 11.440452 20.638305
 1.838280  3.202453  7.714335  6.230093 12.302158 19.117274
 1.575152  3.234257  8.218476  6.496887 13.080739 19.933458
 1.709101  3.192313  7.302070  5.597757 11.649440 22.853674
 1.830956  3.363698  7.965895  5.380530 11.150633 20.724415
 1.802462  3.481531  7.970158  5.757184 12.450211 21.615352
 1.905734  3.888277  7.977404  6.151273 12.699650 19.452871
 1.813287  3.514408  8.008129  6.148560 11.684845 19.787306
 1.794820  3.203307  8.019395  6.623729 11.749062 21.423864
 1.728874  3.191564  7.796448  5.441731 11.472678 20.710902
 1.718218  3.249130  7.549009  5.887516 11.460568 18.836826
 1.743828  3.174959  7.634669  5.979963 12.737181 19.100633
 1.922833  3.109617  8.093684  5.919970 11.842590 17.426251
 1.701884  3.204175  7.441092  5.707609 10.953785 18.485218
 1.563450  3.122845  7.360164  6.247138 11.440571 16.685152
 1.714729  3.440841  7.072130  6.307359 11.460499 18.404327
 1.658697  3.819954  7.453637  6.670513 11.343326 18.454175
 1.696935  3.413496  7.676780  5.599828 12.548685 18.403132
 1.568078  3.127654  8.343116  5.525143 13.072082 19.045068
 1.626977  3.172610  7.838306  5.730067 10.830838 17.939663
 1.664276  3.451427  7.909816  5.774146 13.561667 19.644209
 1.852458  3.446487  8.836228  5.754640 11.272885 18.372192
 2.010585  3.749472  8.529170  6.039466 12.755987 19.892400
 1.772870  3.538603  8.331800  6.302239 11.778116 19.520533
 1.704993  3.265975  8.293774  5.757117 12.708545 18.143564
 1.877315  3.464402  8.091881  6.163673 12.175097 21.483485
 1.934674  3.594647  7.198057  5.492362 12.030066 21.171854
 1.722112  3.190429  7.166124  5.985387 11.066283 19.332157
 1.784880  3.504994  8.187394  6.028253 10.345108 17.104112
 1.682414  3.178843  7.371032  6.226525 12.133456 17.782346
 1.770713  3.112196  8.292102  6.385206 11.342572 20.190523
 1.898246  3.107196  8.247374  6.212899 12.238698 18.646549
 1.757968  3.373924  8.117188  6.200371 12.553564 20.387917
 1.618817  3.342471  7.408377  5.728913 12.843184 19.778985
 1.692689  3.128222  7.334857  6.510665 12.106774 19.329630
 1.639347  3.488866  7.869399  6.533687 10.871247 20.464435
 1.856439  3.494547  7.921941  6.112921 11.353516 18.254844
 1.749441  3.209981  7.687694  5.986356 12.116014 18.361249
 1.721312  3.219533  8.453173  5.787267 11.746627 18.485082
 1.704611  3.360297  7.966901  5.947486 13.398051 19.026318
 1.760277  3.049923  8.114127  5.556427 12.220565 18.685668
 1.919581  3.610055  7.897243  5.874170 11.502485 20.821309
 1.910772  3.692101  8.132191  6.355250 11.941550 19.980470
 1.631521  3.261355  8.259506  6.056891 11.351419 18.280905
 1.724293  3.150306  7.048693  5.853009 11.289780 20.111305
 1.436461  3.637727  8.658762  5.995765 10.190403 19.846678
 1.932314  3.747411  8.595929  6.284293 12.752328 20.741590
 1.825731  3.696517  7.769831  6.287214 12.390774 19.037417
 1.884285  3.308378  7.921868  6.147766 11.955357 21.001407
 1.734444  3.392677  7.507724  5.596513 12.590940 21.463505
 1.727506  3.299156  7.855188  6.500859 12.173127 18.800036
 1.879616  3.627691  8.030862  6.022166 12.552278 20.136999
 1.860962  3.447922  8.033967  5.625660 12.693677 20.585622
 1.917286  3.470604  8.184578  5.787515 12.055698 19.673704
 1.981022  3.391210  8.499937  5.777340 11.182863 18.797232
 1.918663  3.404944  8.094595  5.672536 11.734340 20.605184
 1.771598  3.430022  9.828282  6.552527 12.099275 18.825559
 1.858121  3.560852  8.032253  5.773862 11.698224 21.593471
 2.138679  3.587101  8.711258  5.697115 12.325416 19.395670
 1.749580  3.307392  8.187805  5.849166 12.449592 19.459483
 1.766744  3.360934  8.018892  6.267916 11.491906 19.468445
 1.764239  3.648279  8.330319  5.665486 11.752875 20.891908
 1.934451  3.480100  7.637099  5.598916 10.994508 20.499792
 1.933301  3.078322  7.948965  6.120493 11.876931 20.368274
 1.908264  3.538583  8.255853  6.282248 12.064356 21.274797
 1.806875  3.295751  7.971392  5.465395 11.448770 18.129427
 1.653049  3.453503  7.458971  5.339220 12.181740 21.899411
 1.827847  3.303830  7.711792  5.916780 10.637915 18.144418
 1.543094  3.071545  7.661607  5.591505 11.181057 17.977867
 1.616465  3.304565  6.639237  5.812534 12.075075 19.140872
 1.600372  3.408794  7.705396  5.775485 11.983382 16.994886
 1.809146  3.324045  7.624112  6.342216 10.774888 17.796734
 1.592993  3.145519  7.496440  6.041235 12.122945 18.553309
 1.593599  3.126020  7.441965  6.214510 11.507716 19.018291
 1.811550  3.429691  7.773229  6.093796 12.042881 18.148667
 1.533247  3.446837  9.149436  5.965243 11.975099 20.370327
 1.700050  3.472023  8.219111  5.716492 11.704442 19.061218
 1.762155  3.250947  7.080445  5.880881 11.533903 20.383704
 2.034827  3.340481  7.913290  6.494623 13.049308 19.861116
 1.929503  3.256172  7.668794  5.997898 11.707565 18.667412
 1.811332  3.440338  8.141911  5.860688 12.604037 20.648684
 1.789862  3.367205  8.231722  5.764576 10.997311 17.222977
 2.065704  3.471528  7.326319  6.587393 12.218585 20.060049
 1.892586  3.831517  7.725155  5.711897 10.877108 20.891261
 1.917733  2.959440  7.986734  6.328197 11.940157 20.908490
 1.932994  3.486126  7.604230  6.270153 11.981469 17.550603
 1.765075  3.341791  8.975324  5.659309 12.632161 21.832476
 1.821569  3.341821  7.769214  5.186055 11.699746 19.815637
 2.020310  3.582184  9.107827  6.365785 12.777885 22.763803
 2.017259  3.390157  8.510091  6.720384 13.264018 20.013382
 1.664153  3.764064  8.486454  6.825675 11.754629 23.076740
 1.774631  3.356934  7.925691  5.557365 11.835550 20.176609
 1.670189  3.415188  8.894513  5.969302 10.836490 20.253994
 1.740926  3.447063  8.479792  5.871149 12.245544 18.340212
 1.798463  3.582564  7.535836  6.078840 12.645125 20.990597
 1.664376  3.366332  9.037150  6.070578 12.130754 22.035457
 1.922876  3.719707  8.183582  6.829000 12.398383 20.391184
 1.886616  3.679702  8.588657  6.187523 11.823573 20.926634
 1.851176  3.549810  8.387696  6.098668 12.861134 20.239266
 1.826353  3.643804  8.518232  5.602235 12.601627 19.692255
 1.819694  3.252812  8.716468  6.075359 12.969355 22.484557
 1.947605  3.333178  8.180748  5.805377 11.729052 19.224184
 1.841870  3.173344  8.348167  6.481833 12.008404 19.298412
 1.972627  3.647414  8.034052  6.433074 12.036108 19.855880
 1.969795  3.529742  8.133235  6.245976 12.478780 18.279606
 1.768448  3.638676  8.593176  5.293054 12.289488 18.884472
 1.671915  3.034864  8.064865  5.685396 11.668540 20.564328
 1.630007  3.498454  8.126237  5.248892 11.699096 19.384652
 1.836550  3.463192  7.510340  5.628097 10.852012 21.213584
 1.647147  3.114310  7.368049  6.177878 11.099168 19.174408
 1.730594  3.170393  7.800451  6.160437 11.699627 17.272696
 1.948131  3.373677  7.668449  6.882951 11.791881 21.436469
 1.799912  3.431246  7.655551  6.238639 12.109781 19.840886
 2.193143  3.851068  9.388028  6.890642 13.095457 19.884944
 2.143210  3.835026  8.903154  6.485305 12.551061 21.133169
 2.207782  3.948519  7.868809  6.803374 12.345238 18.796012
 2.067052  3.502726  8.095787  6.839361 12.817886 20.924856
 1.877729  3.812572  9.162703  6.328550 12.622728 21.604186
 2.208037  3.602637  7.877785  5.783861 13.937535 21.618108
 1.879594  3.503936  8.855713  6.640091 12.382159 21.123071
 2.096760  3.694264  8.713565  6.357245 13.215925 19.386973
 1.957331  3.255481  7.385152  6.302506 13.206669 21.159778
 2.110201  3.921141  8.452042  6.446463 11.162475 20.434313
 1.903025  3.575065  8.235158  6.730771 12.314657 19.685245
 2.113388  3.369565  7.902672  7.089976 13.058458 20.128526
 1.808611  3.387148  7.842467  6.051178 12.005026 18.188401
 1.817682  3.360985  8.421711  6.671380 11.351998 21.681709
 1.879166  3.306548  7.167577  6.874226 12.965685 19.817630
 1.758626  3.582888  7.336248  6.463350 13.032236 19.776128
 1.795419  3.509710  7.818095  6.302635 11.781250 21.931066
 1.815942  3.472454  8.287769  6.372357 12.749593 21.826555
 1.807767  3.680795  8.645579  6.094915 11.664624 21.578108
 1.831611  3.397947  8.231208  6.214388 13.421932 21.138681
 1.688624  3.228282  8.331737  6.001506 11.743421 18.540110
 1.818474  3.250926  7.904733  5.570378 11.841504 18.330779
 1.578665  3.009533  7.949157  6.098975 11.993376 19.723743
 1.830913  3.654363  8.813013  6.281712 12.052784 19.845816
 1.900445  3.727800  8.538583  6.456984 11.546084 19.247264
 1.985985  3.471840  8.299846  6.686525 12.650333 19.208668
 1.959022  3.365281  7.866682  6.499990 11.902023 19.275639
 2.006297  3.250887  8.158617  6.632423 11.947003 19.293738
 1.819989  3.455333  8.258943  6.025728 11.361973 17.790814
 2.067652  3.238418  7.137161  5.787740 10.826415 20.386175
 1.978839  3.371161  7.228891  6.101884 12.609119 19.160924
 1.615507  3.382978  7.893680  6.233660 11.686896 19.575620
 1.758728  3.455096  7.701153  6.494946 12.537663 21.039878
 1.839118  3.457261  8.474234  6.061960 11.508763 18.909866
 2.063073  3.379036  7.489988  6.147053 12.946209 20.960567
 1.599857  3.228510  7.576921  5.456199 11.102248 18.120986
 1.858299  3.448567  7.747931  5.889885 11.365502 19.102815
 1.625892  3.095361  7.946375  6.353052 11.014698 20.161650
 1.653699  3.340302  7.197254  5.491225 11.633625 18.121977
 1.833413  3.190802  7.202424  5.127642 11.424276 18.472468
 1.975746  3.543665  8.265720  5.603218 12.179105 21.490485
 1.923194  3.383106  7.208623  6.074385 12.195154 21.174417
 1.777126  3.514420  8.159450  6.952403 13.101543 20.820557
 1.843571  3.307743  7.793577  6.331427 12.636023 19.975559
 1.786788  3.557473  8.894264  6.128440 12.993178 22.852871
 1.942867  3.296570  8.508051  6.841497 12.850154 20.418191
 2.037538  3.577840  8.882303  6.448799 12.401885 21.884488
 1.868048  3.731809  7.955868  6.360320 13.464338 20.059290
 1.936326  3.532409  8.657591  6.256564 12.170599 20.649514
 1.948167  3.216059  7.515099  6.657662 12.158978 21.852557
 2.012486  3.801076  8.758900  6.289875 12.006601 19.809698
 2.218043  3.663347  7.815819  6.263013 13.020938 18.625684
 2.159527  3.478954  8.066871  6.944188 13.233902 21.596629
 2.022273  3.868205  8.270291  6.814120 11.393731 20.003977
 2.197566  3.709209  7.803352  6.159184 12.254056 20.094832
 2.320129  3.790443  8.197226  6.189436 12.345622 18.996809
 1.923128  3.673528  8.337400  7.740324 12.053850 20.131310
 2.066719  3.663629  8.538953  6.654269 12.040993 20.371720
 2.066516  3.266752  8.214339  6.732616 11.444149 22.433534
 1.825762  3.261627  7.449200  6.399112 11.392364 19.093778
 1.735654  3.219458  8.165813  6.569913 10.747248 19.939956
 2.031525  3.672871  8.675350  6.538399 13.011844 19.699432
 1.821228  3.994987  8.575886  6.020393 11.136166 20.058294
 2.125267  3.445901  8.684673  5.674579 13.061296 21.003564
 2.018357  3.212224  8.730335  6.031833 12.477939 20.870770
 1.823116  3.455545  7.990875  5.901147 11.846552 20.296570
 1.766806  3.378880  7.547192  5.970814 12.382864 20.269824
 1.804824  3.180969  8.324492  5.318725 11.514698 20.896787
 1.633556  3.308145  7.620953  6.269405 12.055496 19.710618
 2.054631  3.943755  7.790314  6.012277 12.515444 19.156492
 1.746045  3.858826  8.442218  6.887423 11.653138 22.731928
 1.993877  3.074677  8.269737  5.989621 13.013264 20.661384
 2.044179  4.072684  8.416506  7.225103 13.803411 21.022442
 1.815038  3.321493  9.330442  6.530238 11.815893 19.927873
 1.953064  3.692387  9.072785  5.753689 12.282871 22.108152
 2.030721  3.300983  8.743518  6.254843 12.494944 19.569919
 2.044998  3.351350  8.388544  6.780946 11.929373 21.196730
 1.984251  3.346015  8.202933  6.100315 14.513471 19.831954
 1.919694  3.488786  7.855931  6.525928 12.000783 18.656992
 1.810580  3.598136  7.236125  6.022004 11.881787 21.400558
 1.801721  3.525124  7.977607  5.577021 12.521692 21.509849
 1.844938  3.200178  7.486315  5.825320 12.022530 18.583592
 1.764561  3.565977  7.468924  6.212151 11.284608 19.031279
 1.876427  3.441597  7.833087  6.110874 11.091314 23.676799
 1.828899  3.236370  7.650599  6.955106 11.247030 18.515360
 1.928837  3.295431  7.916101  6.298594 12.660638 21.478668
 1.793213  3.510760  7.031974  5.803733 12.536729 19.739882
 1.944576  3.473366  8.822673  6.437329 12.673518 17.723817
 1.867845  3.699842  8.326181  6.327317 11.169306 17.500780
 1.715153  3.713059  8.220623  6.903754 12.326804 20.989742
 1.824931  3.241649  7.389339  6.416021 11.986719 19.141318
 1.911456  3.351416  7.731995  6.316885 11.948577 21.058565
 1.775827  3.581601  7.870509  6.314734 11.442820 18.981610
 2.010887  3.203536  8.047795  6.273624 13.251506 19.791332
 1.813110  3.799232  8.762533  6.455892 11.722960 19.635669
 1.937125  3.502670  7.777779  6.180291 11.574837 18.849972
 1.909723  3.437901  7.781712  6.547401 12.214088 18.531808
 1.809906  3.336906  7.646931  6.115944 10.809637 20.286315
 1.746038  3.571865  8.574078  5.529357 12.688590 20.828405
 2.108095  3.638758  7.948846  6.309916 12.869887 21.205431
 1.988650  3.814838  6.891874  6.358868 12.390342 18.776159
 1.934520  3.420933  8.587783  6.458404 12.647743 18.150763
 1.679815  3.295187  7.753334  5.919593 11.276996 19.293455
 1.570483  3.276356  7.102285  6.312663 12.127015 20.967394
 1.883473  3.338885  8.943243  6.212953 11.909131 19.256737
 1.758909  3.199170  8.294192  5.904093 10.821647 18.582474
 1.714806  3.421075  7.611520  6.038570 11.834107 18.653606
 1.644330  3.026780  7.626705  5.656382 10.641259 19.599978
 2.017037  2.942952  7.784313  5.635043 12.620663 18.859191
 1.772856  3.113964  7.149023  6.848177 13.419262 17.915165
 1.843908  3.252008  8.871217  5.892869 12.141527 18.579357
 2.040975  3.525124  8.582232  5.905976 12.428099 19.142592
 1.668280  3.440055  7.754081  5.545989 11.730326 19.742571
 1.896895  3.073236  8.478102  6.295376 12.683035 19.328598
 2.086951  3.723240  7.458199  6.294302 11.900989 20.467551
 1.787162  3.303535  7.905848  6.184938 11.489536 19.888063
 1.736405  3.378016  8.510608  5.971780 11.232230 19.030089
 1.754238  3.850153  8.422440  5.803816 12.045096 18.952608
 1.892284  3.023584  7.961785  5.183002 11.311272 18.920635
 1.941373  3.288451  8.520680  6.113824 12.974108 19.140914
 1.853261  3.325134  8.096581  5.610334 11.373329 20.997609
 2.121078  3.531430  8.354941  6.937776 12.372628 19.319681
 1.924657  3.171074  7.129682  6.511396 12.995410 19.751829
 1.913230  3.245682  8.277292  6.386004 11.355448 22.069185
 1.792867  3.642908  7.218761  5.645307 11.977134 19.938446
 1.979455  3.511037  8.247425  6.666393 11.287954 20.519633
 1.812770  4.066705  7.980913  6.020176 11.128702 21.286051
 1.789646  3.162408  8.532807  6.180530 11.355066 21.820114
 1.708268  3.479060  7.705516  5.997196 12.219928 18.487012
 1.632121  3.710540  7.700548  6.466571 12.935179 17.956696
 1.967215  3.142440  7.503860  5.769216 12.213833 19.485158
 1.892695  3.909188  8.527230  6.352520 12.158864 21.754702
 1.771839  3.244062  8.465710  6.782417 11.851200 19.812186
 1.857499  3.082044  8.326549  5.752152 10.785941 17.541654
 2.053853  3.240339  8.746892  5.915613 11.715193 17.120453
 1.918743  3.570884  8.089158  6.785584 11.841806 18.053614
 1.692457  3.662483  7.937715  5.982477 12.691163 20.643014
 1.753587  3.749474  8.506936  6.210924 12.321641 20.838291
 1.706647  3.353755  8.317591  6.138795 13.007270 19.857490
 2.051825  3.533361  8.186826  6.118852 12.463321 20.870481
 2.107754  3.549180  9.151115  6.560768 12.124394 19.516657
 2.052762  3.575799  8.615826  6.913633 13.256670 20.431325
 2.044522  3.396990  8.539102  6.513878 13.255138 22.532085
 2.000755  3.935523  8.509340  6.264578 12.716912 18.857458
 1.788011  3.501638  8.559467  5.898980 12.062101 18.521860
 1.805768  3.632582  7.790566  6.434189 12.452469 18.870161
 1.947467  3.537603  7.873671  6.314420 11.712093 22.616122
 1.874018  3.733686  8.913744  6.661474 12.976559 20.923813
 1.917127  3.415620  7.569911  6.135868 12.782946 21.291372
 2.127656  3.857026  8.746521  6.061976 12.447956 21.504407
 1.706547  3.325680  8.554096  6.401035 12.315837 20.220210
 1.844078  3.584995  8.343957  5.781876 10.917034 17.806382
 1.806805  3.600779  8.314724  6.004633 13.136108 19.920059
 1.526537  3.500593  7.381935  6.052371 11.873125 19.535440
 1.818414  3.078091  9.414251  5.983520 12.589902 19.706607
 2.009125  3.950833  9.293322  6.710303 12.748805 18.482425
 1.844488  3.294988  8.132702  5.780990 12.258747 21.622955
 1.884717  3.389728  8.704713  6.089187 11.474195 20.436625
 1.877543  3.577440  8.391169  6.491483 12.531941 21.369576
 1.916328  3.709657  8.584870  6.869371 11.686407 20.774743
 2.282620  3.487396  7.601898  6.679125 12.700769 20.920932
 1.792295  3.339931  8.107230  6.443498 11.919827 19.487334
 1.926172  3.510171  7.550153  5.955061 12.256385 20.085713
 1.680176  3.463202  7.921057  6.371103 13.198542 20.701161
 1.883639  3.440716  7.878571  6.245679 11.841780 19.652981
 2.048988  3.537595  8.493644  7.106002 12.171352 19.656247
 1.921993  3.574145  7.914632  6.382592 12.613999 19.110457
 1.804161  3.225581  8.143539  6.098957 11.659457 19.944002
 1.938167  3.564331  8.483904  6.069227 12.479864 21.024362
 1.973596  3.596392  7.655144  6.794059 11.751197 19.581797
 2.053125  3.841181  9.592245  6.096730 12.393481 18.829920
 1.855115  3.355368  7.931137  6.567814 12.939487 22.252984
 1.762110  3.571079  7.326636  6.537745 10.830571 19.211882
 1.772630  3.500345  8.071326  5.590120 11.580608 18.178143
 2.141844  3.107664  7.922042  6.822963 11.231554 19.131110
 1.792658  3.479150  8.378005  6.076942 11.234900 21.198750
 1.891753  3.257829  8.606821  6.207296 10.882117 17.955947
 1.874964  2.936611  7.709045  7.165822 12.471609 20.929662
 1.780701  3.264705  8.420719  5.871795 12.378935 18.023203
 1.811365  3.591002  8.512035  5.975140 11.711300 18.725343
 1.840302  3.453257  8.221840  6.532578 12.372371 22.678268
 1.775245  3.580713  7.963426  6.006860 10.511972 19.937669
 1.964821  3.175811  7.853125  6.468078 12.666216 20.578536
 1.954967  3.697120  8.446022  5.933643 12.214133 20.674247
 1.757437  2.994418  7.778396  6.201327 12.687208 19.347058
 1.913859  3.853005  7.401866  6.120596 12.814322 19.455204
 1.997747  3.365366  7.609506  6.381455 11.922488 19.806178
 2.052101  3.432304  8.380283  7.039671 12.627406 20.178879
 1.840260  3.189343  7.994560  6.467456 11.904385 19.680886
 2.100937  3.784350  8.975735  5.728620 11.526297 20.957528
 1.800972  3.631240  9.059251  6.016078 12.227927 23.022469
 1.980128  3.591715  7.674690  6.370633 12.632737 21.053647
 1.729235  3.420518  7.951588  5.710777 10.748541 19.870281
 1.867866  3.548334  7.555456  5.910589 11.873538 17.959491
 1.868207  3.226987  7.543926  6.386904 11.082893 19.894680
 1.953766  3.022932  7.802749  5.731007 11.068294 17.973197
 1.667327  3.287631  8.897888  6.378063 11.310574 20.727708
 2.011542  3.618485  7.662789  6.904036 11.138326 19.597707
 1.836578  3.297515  8.734703  6.371840 13.411976 18.073596
 1.788088  3.263636  7.800963  6.709962 11.804529 18.474397
 1.775640  3.419673  8.322286  6.018744 12.266136 20.660845
 1.909045  3.660414  7.618551  6.034140 11.891540 19.461249
 1.996715  3.706460  7.855808  5.449552 12.402910 19.904021
 2.040066  3.436366  7.926325  6.192921 12.832861 20.695271
 1.838230  3.538114  8.142976  5.631166 11.782398 20.009528
 1.783256  3.289724  7.669273  5.568023 11.700804 18.809411
 1.900393  3.325480  8.731743  6.227364 11.025964 19.628786
 1.589047  2.933768  7.824904  5.588905 11.593923 18.866935
 1.920128  3.890587  8.462917  5.505901 12.090255 22.149799
 2.021342  3.494478  7.742796  6.536987 12.665513 21.723249
 1.903220  3.400358  7.728201  5.913645 11.458772 19.648316
 1.952705  3.325926  8.362741  5.429117 11.682332 21.772517
 1.868927  3.554951  7.341344  6.020457 11.822540 18.010213
 1.591536  3.511368  8.062585  6.145639 13.419859 21.206097
 1.741816  3.531168  7.850079  5.877581 12.339657 19.930045
 1.869587  3.368769  7.641630  6.026570 11.787065 18.811668
 1.896833  3.278789  7.649749  6.229935 12.389895 18.839972
 1.846189  3.661179  8.446852  6.864316 11.777636 19.801227
 1.737365  3.072550  7.725471  5.680715 10.336995 19.693642
 1.787095  3.022017  7.619449  6.526516 11.327503 18.315559
 1.802473  3.381689  7.513293  5.830009 11.577300 17.288530
 2.117157  3.193494  7.111297  6.212289 12.730959 20.750079
 1.815315  3.517136  7.442654  5.480046 11.576413 19.009579
 1.815408  3.315601  8.239697  6.473980 12.197566 20.581460
 1.646662  3.447595  7.916818  5.990962 13.498017 19.478373
 1.753311  3.039074  7.205114  5.435695 11.582436 21.382830
 1.798654  3.517389  8.364407  6.369460 11.331877 21.213900
 2.000660  3.168197  7.913382  5.939084 12.202943 21.505731
 2.017586  3.557304  7.009139  6.401295 11.873652 21.085547
 1.924560  3.213603  8.113112  6.155730 13.043448 20.178600
 1.737244  3.176263  7.655212  6.590106 12.833672 19.895922
 1.646195  3.231286  8.295372  5.723750 11.888393 19.936936
 1.646211  3.243592  7.573444  5.935200 11.157735 19.374507
 1.973137  3.261395  7.300389  6.543692 11.831608 21.743184
 1.992972  3.808431  8.946042  6.876179 13.158151 19.132982
 2.104984  3.672068  8.839319  6.680828 10.754706 21.868739
 2.093130  3.386713  7.580905  6.391580 12.261001 20.992867
 1.787145  3.699338  7.871781  6.101553 11.319522 21.313835
 1.791968  3.402714  7.180481  5.814883 11.864210 19.682658
 1.911308  3.613146  7.454168  5.814038 11.316325 19.463548
 2.202309  3.354580  7.369115  5.809753 11.349401 22.014859
 1.832315  3.191449  7.672559  5.916113 12.313437 18.205976
 1.590260  3.470367  8.498443  5.953936 12.348924 21.476646
 1.949708  3.405505  7.535568  6.230513 11.921952 18.938167
 1.778573  3.459171  8.786716  6.215354 12.334437 19.013634
 2.006752  3.615792  8.684829  6.392135 13.601688 18.289783
 2.038370  3.620218  7.794634  6.373064 13.405976 21.434585
 2.049665  3.737591  9.691178  6.535968 12.435538 21.325403
 1.963320  3.393838  7.922073  6.566585 11.682591 20.105896
 1.965402  3.698922  8.237863  6.622046 13.247963 21.000776
 1.886256  3.727984  8.688561  6.616516 11.865162 18.396556
 1.770717  3.636454  9.146710  6.802837 12.710890 21.628478
 1.930182  3.585911  8.000451  6.689503 12.510047 22.071394
 1.931524  3.489094  7.727040  5.513236 11.106266 19.693568
 2.005131  3.389402  7.991163  5.947060 12.920551 20.860252
 1.874950  3.752304  7.391582  5.556716 11.270778 16.972836
 1.866807  3.550711  7.672532  6.237094 12.256034 19.185539
 1.914033  3.425096  7.804315  5.537932 11.227187 20.610144
 1.687253  3.145436  7.761768  6.132014 10.302257 19.446088
 1.865672  2.992818  8.036943  5.733464 11.378153 17.840715
 1.900376  3.782869  6.964469  5.906708 11.400933 20.785792
 1.812964  3.064926  9.052778  5.808388 12.296590 18.691325
 1.913945  3.117450  7.598813  5.508722 13.057708 17.574414
 1.565016  3.354301  7.936247  5.582395 11.702298 17.839886
 1.700053  3.511569  8.331125  6.188452 10.742893 21.148793
 1.664197  3.522586  7.984583  5.595279 12.047547 19.585394
 1.600807  3.137501  7.250159  5.657035 10.650095 18.036664
 1.715033  3.105938  6.994395  6.117180 11.175124 19.710815
 1.908219  3.057474  7.354612  5.735074 10.330280 18.027899
 1.844941  3.852090  8.131589  6.236226 11.053495 20.359888
 1.786297  3.261687  7.547872  6.143187 11.842597 19.096201
 2.031742  3.124187  7.726155  6.078087 11.441111 19.534279
 1.923252  3.465656  8.348174  6.223030 11.255390 19.508229
 1.873720  3.633864  8.182225  5.834346 12.083665 19.517184
 1.923987  3.807019  8.507496  6.369052 12.638326 21.833980
 1.662791  3.221772  7.635769  5.299621 12.601226 18.599716
 1.641769  3.420537  7.771931  6.133778 11.679640 19.707433
 1.563187  2.994444  8.054615  5.982888 12.075614 18.047126
 1.712579  3.488005  7.623198  5.974466 12.389519 19.364742
 1.714585  3.679874  7.371358  6.563701 12.349195 19.940486
 1.705472  3.175353  8.346472  6.147275 12.702049 19.575233
 1.867440  3.471804  7.617677  5.820898 12.759663 20.887919
 2.159373  3.078258  8.123600  6.040426  9.967454 20.353895
 1.712871  3.437498  7.836727  6.427686 13.300769 20.216893
 1.843022  3.410170  7.487186  6.289889 12.376661 18.864373
 1.857178  3.361255  8.013459  6.197251 11.807394 18.136537
 1.733708  3.594512  8.325240  6.751360 12.586521 22.269482
 1.774258  3.329598  7.864928  5.310178 11.846423 19.785975
 2.035441  3.466270  7.760658  5.671173 11.784221 18.487235
 1.781598  2.899197  7.873246  5.700116 12.361709 19.344429
 1.702599  3.529119  7.046312  5.692777 11.687355 18.280858
 1.779738  3.421004  7.610153  6.086775 12.242849 21.971398
 1.913271  3.685652  7.786347  5.721297 11.692287 21.011904
 1.627596  3.371991  7.556646  5.995983 11.560834 20.685460
 1.813220  3.756764  7.223891  6.327197 11.208515 20.999082
 2.107888  3.595014  8.441330  7.168717 12.214490 20.124284
 1.802509  3.392103  8.883339  6.347612 11.502164 21.349962
 1.759121  3.603515  7.741419  5.994911 12.062664 19.691929
 1.895339  3.388652  8.868002  6.430520 11.992381 20.498631
 1.981491  3.554878  9.032136  6.862132 12.780225 18.396043
 1.667608  3.045033  8.622788  5.547715 12.055683 17.798385
 1.718605  3.246460  7.684322  6.121148 11.202970 19.421585
 1.768413  3.279179  8.130876  5.496551 12.336243 20.116173
 1.770855  3.197898  7.795433  6.280588 11.951128 19.943516
 1.712623  3.396957  8.245237  5.924140 12.533804 18.746453
 1.885410  3.257710  7.652727  6.481463 11.428215 19.003381
 1.773156  3.632173  7.863880  6.069373 11.692577 18.361319
 1.842588  3.696710  8.878500  6.022978 12.127120 19.439225
 1.841795  3.245821  7.976962  6.177618 11.909441 16.991024
 1.926469  3.505603  8.261979  6.159546 11.773638 18.090621
 1.845771  3.552475  7.878589  6.152142 11.718619 19.783660
 1.863598  3.648277  7.875203  6.358549 11.625498 20.898393
 2.076848  3.396013  8.077639  6.298603 12.310026 19.850195
 2.004326  3.749648  8.510400  6.200068 13.112861 20.583685
 1.828990  3.507856  8.226724  6.317139 12.193109 19.874957
 1.916857  3.369937  7.467428  6.126543 12.190902 22.168537
 1.840037  3.511515  8.437112  6.099970 11.760805 19.534560
 1.742170  3.143260  8.494485  6.276033 11.585479 20.760815
 1.924275  3.466203  8.297548  6.523336 11.484295 19.311256
 1.998785  3.648136  7.804343  5.881968 12.540176 24.620388
 1.967046  3.465835  7.733598  5.799566 11.646191 21.881228
 1.846150  3.393396  8.005454  6.366486 14.248575 20.551143
 2.013622  3.481706  9.029443  6.784523 13.035303 21.838308
 1.865775  3.400343  7.980132  5.882037 12.483705 20.525373
 1.899496  3.592351  8.532263  6.806160 12.159164 22.268982
 1.903545  3.437458  8.645046  6.432760 12.899967 20.845921
 2.129404  4.126266  7.689662  6.680783 12.875915 20.744546
 1.879366  3.502905  8.321680  6.375896 12.214022 20.353514
 1.760674  3.501700  7.644956  6.194004 11.393924 19.212654
 2.136350  3.320894  8.254366  6.641081 11.996490 20.541325
 2.005201  3.797454  9.338488  6.540832 11.723562 18.502726
 1.877435  3.706251  8.826166  6.722193 12.399443 20.381163
 1.935400  3.278078  8.265539  6.487518 12.771152 19.656910
 1.882050  3.213705  7.950781  5.936064 11.801215 18.342651
 1.829357  3.030506  7.700361  6.486278 11.682162 19.621732
 1.843580  3.145541  7.398954  6.876373 12.364591 20.790419
 1.969664  3.631635  7.583734  5.714983 12.532647 19.326916
 1.600041  3.524777  7.948867  5.852253 12.057543 19.308305
 1.830102  3.332815  8.209895  5.796781 10.610441 17.384057
 1.851962  3.438672  7.565866  6.388380 12.166659 19.427039
 1.880508  3.661009  8.631700  5.943156 11.319245 21.107094
 1.840310  3.427666  8.419954  6.527878 12.550724 19.946481
 1.922614  3.476069  8.328316  6.235930 10.941957 21.132242
 1.958300  3.571139  7.937563  6.556036 12.857680 21.397983
 1.798224  3.363612  8.193885  6.175836 10.858441 19.075879
 1.565651  2.815622  7.742455  5.664599 10.111960 18.617080
 1.616472  3.637747  8.848848  6.719262 12.939261 19.823994
 1.809128  3.205973  7.898555  6.893679 12.757025 20.757599
 1.856149  3.241395  8.242197  6.402119 12.057976 19.795244
 2.071299  3.653348  9.086057  6.407702 13.204017 22.061254
 2.073894  3.257064  7.830156  6.249823 12.021672 18.875941
 2.036012  3.479591  8.552587  6.551424 11.704245 19.979294
 2.001421  2.993441  8.239721  6.488107 11.865528 21.185314
 1.790757  3.331795  7.669884  6.728120 11.890824 19.969938
 1.720256  3.574167  7.911044  6.465910 11.265917 20.833530
 1.937598  3.528525  7.484228  5.938853 12.356339 20.310914
 1.666127  3.025610  7.719427  6.048311 11.867226 18.884289
 1.876739  3.824636  7.563129  6.551597 11.727932 18.845358
 2.030246  3.498876  8.093907  6.276276 13.330086 23.965493
 1.936242  3.393303  7.927110  6.374424 10.714951 19.470223
 1.905469  3.776295  9.315890  5.868222 13.121795 17.432898
 1.852647  3.451621  7.961783  6.020349 12.550226 18.392554
 1.781197  3.453856  7.748406  5.732530 11.823696 20.392166
 2.111441  3.433122  7.768387  6.096759 11.573880 21.347826
 1.927667  3.228857  7.324413  5.707355 11.936469 18.109551
 1.992355  3.466188  8.133331  6.366238 12.792370 19.982843
 1.747751  3.477825  8.464448  6.008315 11.792431 20.282589
 1.992536  3.608812  7.965306  6.489457 11.378381 22.143009
 1.776424  3.210997  8.447758  6.051159 12.426911 22.442777
 1.962419  3.791259  8.142003  6.113246 12.165531 19.440790
 1.771666  3.342245  8.363466  5.865508 12.742456 19.107532
 1.783697  3.359031  7.970108  5.932884 11.784771 19.296287
 1.562154  3.494100  7.939956  5.810054 12.063396 18.647674
 1.745928  3.483911  7.750895  5.785551 10.905922 17.899444
 2.049268  3.242806  8.597065  5.976347 12.625260 20.154443
 1.635219  3.134725  7.075876  5.821266 13.039481 20.810495
 1.732689  3.516829  7.953703  6.311792 12.554314 18.033421
 1.879498  3.226391  7.535167  5.897343 10.408227 20.966742
 1.902591  3.252231  7.497950  5.429192 11.661418 18.353734
 1.760116  3.144955  6.849337  6.208420 11.047100 18.398767
 1.838559  3.456049  7.204975  5.350602 12.127730 18.903231
 1.698984  3.389487  6.955301  6.633561 11.902253 19.061703
 1.893861  3.441827  8.911359  6.158958 11.051092 18.499075
 1.779358  3.841240  8.101070  6.269026 11.662954 19.429608
 1.777631  3.525197  7.963305  6.628909 11.546361 21.087630
 1.882376  3.585084  8.017891  5.892709 13.262169 21.900781
 1.844517  3.290215  7.762003  5.877389 11.362242 20.656597
 1.847219  3.691309  7.896962  5.858369 12.488593 18.776071
 1.914085  3.570615  8.570179  6.149694 12.455998 20.264463
 1.915304  3.282194  7.863884  6.469468 11.203550 20.725872
 1.827809  3.267555  7.779325  6.382689 11.754752 19.585021
 1.728833  3.079531  7.529312  5.677607 11.389734 18.647805
