-33.411420 151.919864
-31.699455 152.987937
-40.064047 148.484108
-32.430848 152.553611
-35.667857 150.497944
-33.216719 152.069589
-38.749913 149.964335
-37.441629 149.911177
-41.983184 148.240952
-37.794135 148.927289
-40.223636 148.437695
-31.126222 152.991014
-35.476608 150.868413
-31.143199 152.728584
-42.023810 147.351871
-40.196417 148.018081
-38.383033 149.401759
-31.934455 152.763017
-36.229858 150.224588
-41.238546 147.793651
-37.300850 149.853437
-40.952270 149.198896
-41.223289 148.750619
-37.761198 149.934633
-41.709859 148.021642
