0.000000 0.016715
0.000000 0.020599
0.000000 0.041124
0.000000 0.014486
0.000000 0.037548
0.000000 0.027004
0.000000 0.019180
0.000000 0.048866
0.000000 0.038116
0.000000 0.032767
0.000000 0.031148
0.000000 0.025455
0.000000 0.056898
0.000000 0.020364
0.000000 0.015441
0.000000 0.015990
0.000000 0.016085
0.000000 0.031005
0.000000 0.026908
0.000000 0.025469
0.000000 0.014042
0.000000 0.028397
0.000000 0.022585
0.000000 0.015185
0.000000 0.031522
0.000000 0.032630
0.000000 0.017673
0.000000 0.023503
0.000000 0.033635
0.000000 0.081906
0.000000 0.022197
0.000000 0.035609
0.000000 0.045877
0.000000 0.025832
0.000000 0.023722
0.000000 0.015560
0.000000 0.021836
0.000000 0.063388
0.000000 0.031631
0.000000 0.024753
0.000000 0.017298
0.000000 0.041089
0.000000 0.024621
0.000000 0.049943
0.000000 0.036498
0.000000 0.023526
0.000000 0.020055
0.000000 0.027207
0.000000 0.020890
0.000000 0.027159
0.000000 0.016890
0.000000 0.023517
0.000000 0.018314
0.000000 0.019657
0.000000 0.024402
0.000000 0.016810
0.000000 0.023576
0.000000 0.019156
0.000000 0.031909
0.000000 0.022669
0.000000 0.023768
0.000000 0.028565
0.000000 0.021811
0.000000 0.030293
0.000000 0.037279
0.000000 0.033048
0.000000 0.049186
0.000000 0.056113
0.000000 0.033261
0.000000 0.028467
0.000000 0.026894
0.000000 0.030893
0.000000 0.026054
0.000000 0.017729
0.000000 0.043149
0.000000 0.022966
0.000000 0.023187
0.000000 0.043040
0.000000 0.022846
0.000000 0.026600
0.000000 0.015022
0.000000 0.022832
0.000000 0.026386
0.000000 0.027019
0.000000 0.016719
0.000000 0.023945
0.000000 0.019959
0.000000 0.016712
0.000000 0.016519
0.000000 0.026016
0.000000 0.014642
0.000000 0.021725
0.000000 0.018203
0.000000 0.013347
0.000000 0.012302
0.000000 0.023807
0.000000 0.021070
0.000000 0.014250
0.000000 0.057914
0.000000 0.049177
0.000000 0.024445
0.000000 0.067768
0.000000 0.033716
0.000000 0.021393
0.000000 0.024858
0.000000 0.016894
0.000000 0.016560
0.000000 0.032295
0.000000 0.076571
0.000000 0.020575
0.000000 0.012202
0.000000 0.012124
0.000000 0.021282
0.000000 0.052092
0.000000 0.036290
0.000000 0.025617
0.000000 0.023701
0.000000 0.036291
0.000000 0.047039
0.000000 0.042311
0.000000 0.033719
0.000000 0.058918
0.000000 0.023084
0.000000 0.030382
0.000000 0.030021
0.000000 0.015163
0.000000 0.013951
0.000000 0.020227
0.000000 0.019696
0.000000 0.046037
0.000000 0.015961
0.000000 0.040193
0.000000 0.069395
0.000000 0.043486
0.000000 0.042281
0.000000 0.066166
0.000000 0.064275
0.000000 0.040514
0.000000 0.028857
0.000000 0.020166
0.000000 0.098914
0.000000 0.107874
0.000000 0.053966
0.000000 0.040562
0.000000 0.025312
0.000000 0.028681
0.000000 0.024920
0.000000 0.035078
0.000000 0.019960
0.000000 0.030112
0.000000 0.021369
0.000000 0.018733
0.000000 0.024651
0.000000 0.018780
0.000000 0.020960
0.000000 0.030232
0.000000 0.029719
0.000000 0.033119
0.000000 0.025556
0.000000 0.026112
0.000000 0.035979
0.000000 0.043878
0.000000 0.037107
0.000000 0.019457
0.000000 0.024240
0.000000 0.041958
0.000000 0.024156
0.000000 0.024510
0.000000 0.021190
0.000000 0.022391
0.000000 0.024097
0.000000 0.014441
0.000000 0.022135
0.000000 0.021773
0.000000 0.021339
0.000000 0.020488
0.000000 0.033986
0.000000 0.023034
0.000000 0.042217
0.000000 0.026466
0.000000 0.017825
0.000000 0.017170
0.000000 0.013006
0.000000 0.019075
0.000000 0.012821
0.000000 0.028263
0.000000 0.027148
0.000000 0.028420
0.000000 0.028531
0.000000 0.012309
0.000000 0.020281
0.000000 0.023863
0.000000 0.017622
0.000000 0.027739
0.000000 0.028589
0.000000 0.021855
0.000000 0.051844
0.000000 0.018605
0.000000 0.020775
0.000000 0.020695
0.000000 0.027138
0.000000 0.055242
0.000000 0.027140
0.000000 0.030225
0.000000 0.030879
0.000000 0.041810
0.000000 0.029992
0.000000 0.043755
0.000000 0.044365
0.000000 0.019093
0.000000 0.026464
0.000000 0.025876
0.000000 0.034770
0.000000 0.025350
0.000000 0.037495
0.000000 0.032942
0.000000 0.029333
0.000000 0.026715
0.000000 0.049269
0.000000 0.043287
0.000000 0.027244
0.000000 0.016018
0.000000 0.037871
0.000000 0.027241
0.000000 0.018752
0.000000 0.071664
0.000000 0.035333
0.000000 0.019032
0.000000 0.024345
0.000000 0.040281
0.000000 0.042056
0.000000 0.022348
0.000000 0.023451
0.000000 0.016280
0.000000 0.020618
0.000000 0.019554
0.000000 0.021110
0.000000 0.018430
0.000000 0.020301
0.000000 0.015579
0.000000 0.028197
0.000000 0.016600
0.000000 0.016313
0.000000 0.015878
0.000000 0.018866
0.000000 0.017078
0.000000 0.036535
0.000000 0.022509
0.000000 0.015024
0.000000 0.016389
0.000000 0.014473
0.000000 0.022494
0.000000 0.027677
0.000000 0.022887
0.000000 0.015924
0.000000 0.027175
0.000000 0.032087
0.000000 0.017761
0.000000 0.035421
0.000000 0.025043
0.000000 0.016903
0.000000 0.023953
0.000000 0.015545
0.000000 0.026990
0.000000 0.010799
0.000000 0.020907
0.000000 0.015932
0.000000 0.014852
0.000000 0.020531
0.000000 0.016936
0.000000 0.013156
0.000000 0.011044
0.000000 0.014811
0.000000 0.022583
0.000000 0.022728
0.000000 0.021355
0.000000 0.016423
0.000000 0.019178
0.000000 0.026786
0.000000 0.032604
0.000000 0.022056
0.000000 0.028377
0.000000 0.026061
0.000000 0.029417
0.000000 0.039930
0.000000 0.039488
0.000000 0.056901
0.000000 0.035069
0.000000 0.024726
0.000000 0.021263
0.000000 0.017465
0.000000 0.015732
0.000000 0.024914
0.000000 0.013671
0.000000 0.017739
0.000000 0.032229
0.000000 0.017603
0.000000 0.019187
0.000000 0.027148
0.000000 0.022857
0.000000 0.028378
0.000000 0.026830
0.000000 0.045701
0.000000 0.047927
0.000000 0.044879
0.000000 0.020983
0.000000 0.019687
0.000000 0.028546
0.000000 0.048069
0.000000 0.032001
0.000000 0.028550
0.000000 0.038012
0.000000 0.024740
0.000000 0.014672
0.000000 0.022016
0.000000 0.069825
0.000000 0.044688
0.000000 0.073575
0.000000 0.034998
0.000000 0.041013
0.000000 0.045695
0.000000 0.030009
0.000000 0.022732
0.000000 0.018504
0.000000 0.045153
0.000000 0.012009
0.000000 0.015895
0.000000 0.019082
0.000000 0.014765
0.000000 0.017970
0.000000 0.023571
0.000000 0.024348
0.000000 0.027772
0.000000 0.025572
0.000000 0.020153
0.000000 0.049486
0.000000 0.023370
0.000000 0.019659
0.000000 0.031164
0.000000 0.016429
0.000000 0.020977
0.000000 0.035132
0.000000 0.027874
0.000000 0.029457
0.000000 0.017504
0.000000 0.020911
0.000000 0.033443
0.000000 0.118684
0.000000 0.027974
0.000000 0.018951
0.000000 0.020320
0.000000 0.049496
0.000000 0.030488
0.000000 0.046219
0.000000 0.018956
0.000000 0.036536
0.000000 0.056135
0.000000 0.022393
0.000000 0.031242
0.000000 0.022588
0.000000 0.043862
0.000000 0.028112
0.000000 0.016432
0.000000 0.018087
0.000000 0.023048
0.000000 0.030001
0.000000 0.017312
0.000000 0.042343
0.000000 0.044612
0.000000 0.036375
0.000000 0.022246
0.000000 0.021071
0.000000 0.024493
0.000000 0.027290
0.000000 0.021315
0.000000 0.042195
0.000000 0.011833
0.000000 0.021925
0.000000 0.012182
0.000000 0.013628
0.000000 0.018196
0.000000 0.018534
0.000000 0.019915
0.000000 0.019980
0.000000 0.034279
0.000000 0.067654
0.000000 0.025277
0.000000 0.022492
0.000000 0.022254
0.000000 0.030050
0.000000 0.044489
0.000000 0.038600
0.000000 0.026007
0.000000 0.020085
0.000000 0.023339
0.000000 0.018246
0.000000 0.026204
0.000000 0.029367
0.000000 0.037984
0.000000 0.027606
0.000000 0.019239
0.000000 0.024297
0.000000 0.058797
0.000000 0.026588
0.000000 0.026206
0.000000 0.024890
0.000000 0.034586
0.000000 0.033414
0.000000 0.026860
0.000000 0.025996
0.000000 0.033092
0.000000 0.042308
0.000000 0.030365
0.000000 0.025987
0.000000 0.032552
0.000000 0.029605
0.000000 0.046878
0.000000 0.039535
0.000000 0.035322
0.000000 0.039061
0.000000 0.043288
0.000000 0.043985
0.000000 0.022145
0.000000 0.017268
0.000000 0.035104
0.000000 0.057339
0.000000 0.062170
0.000000 0.042609
0.000000 0.017837
0.000000 0.051486
0.000000 0.032846
0.000000 0.018562
0.000000 0.016159
0.000000 0.021148
0.000000 0.022363
0.000000 0.030822
0.000000 0.034670
0.000000 0.022121
0.000000 0.025604
0.000000 0.045316
0.000000 0.030420
0.000000 0.023788
0.000000 0.035474
0.000000 0.039105
0.000000 0.022222
0.000000 0.029529
0.000000 0.011895
0.000000 0.024682
0.000000 0.023450
0.000000 0.033874
0.000000 0.023366
0.000000 0.030458
0.000000 0.035135
0.000000 0.038233
0.000000 0.035369
0.000000 0.056038
0.000000 0.019874
0.000000 0.047134
0.000000 0.063085
0.000000 0.027103
0.000000 0.029643
0.000000 0.056854
0.000000 0.044570
0.000000 0.017069
0.000000 0.023442
0.000000 0.021909
0.000000 0.025096
0.000000 0.069102
0.000000 0.042531
0.000000 0.082084
0.000000 0.026700
0.000000 0.020810
0.000000 0.031238
0.000000 0.041509
0.000000 0.024138
0.000000 0.022503
0.000000 0.016383
0.000000 0.030029
0.000000 0.026928
0.000000 0.018735
0.000000 0.028395
0.000000 0.062662
0.000000 0.127320
0.000000 0.046400
0.000000 0.056761
0.000000 0.034907
0.000000 0.033643
0.000000 0.015585
0.000000 0.021717
0.000000 0.022445
0.000000 0.045707
0.000000 0.028765
0.000000 0.043000
0.000000 0.042518
0.000000 0.022317
0.000000 0.034304
0.000000 0.036369
0.000000 0.027705
0.000000 0.034962
0.000000 0.032151
0.000000 0.089065
0.000000 0.030178
0.000000 0.018348
0.000000 0.024907
0.000000 0.022173
0.000000 0.045637
0.000000 0.024607
0.000000 0.023961
0.000000 0.023078
0.000000 0.024642
0.000000 0.020685
0.000000 0.040791
0.000000 0.016848
0.000000 0.023142
0.000000 0.047714
0.000000 0.041516
0.000000 0.020019
0.000000 0.074260
0.000000 0.027354
0.000000 0.024040
0.000000 0.034137
0.000000 0.078213
0.000000 0.037046
0.000000 0.031147
0.000000 0.033209
0.000000 0.074584
0.000000 0.019156
0.000000 0.030940
0.000000 0.021180
0.000000 0.020218
0.000000 0.013011
0.000000 0.013419
0.000000 0.010752
0.000000 0.015068
0.000000 0.015301
0.000000 0.018791
0.000000 0.014356
0.000000 0.028308
0.000000 0.021781
0.000000 0.040113
0.000000 0.029865
0.000000 0.029812
0.000000 0.065965
0.000000 0.032109
0.000000 0.019147
0.000000 0.025481
0.000000 0.023776
0.000000 0.045868
0.000000 0.044611
0.000000 0.061306
0.000000 0.047759
0.000000 0.017484
0.000000 0.022934
0.000000 0.029512
0.000000 0.032077
0.000000 0.024360
0.000000 0.019051
0.000000 0.025636
0.000000 0.022146
0.000000 0.030482
0.000000 0.023610
0.000000 0.019879
0.000000 0.026116
0.000000 0.021824
0.000000 0.016718
0.000000 0.028758
0.000000 0.014559
0.000000 0.019144
0.000000 0.024796
0.000000 0.024822
0.000000 0.034021
0.000000 0.033853
0.000000 0.024560
0.000000 0.027804
0.000000 0.023011
0.000000 0.025754
0.000000 0.038322
0.000000 0.052651
0.000000 0.024477
0.000000 0.020086
0.000000 0.039851
0.000000 0.026912
0.000000 0.038606
0.000000 0.023986
0.000000 0.029280
0.000000 0.019521
0.000000 0.033611
0.000000 0.018336
0.000000 0.060343
0.000000 0.019962
0.000000 0.043027
0.000000 0.027329
0.000000 0.016937
0.000000 0.014371
0.000000 0.045231
0.000000 0.025769
0.000000 0.024650
0.000000 0.037935
0.000000 0.018573
0.000000 0.022512
0.000000 0.015445
0.000000 0.020915
0.000000 0.018335
0.000000 0.032057
0.000000 0.016929
0.000000 0.021914
0.000000 0.012287
0.000000 0.016984
0.000000 0.026418
0.000000 0.023176
0.000000 0.033413
0.000000 0.018852
0.000000 0.058974
0.000000 0.026710
0.000000 0.032325
0.000000 0.026194
0.000000 0.024526
0.000000 0.022177
0.000000 0.030160
0.000000 0.011649
0.000000 0.017725
0.000000 0.020226
0.000000 0.042278
0.000000 0.016673
0.000000 0.033071
0.000000 0.018061
0.000000 0.021537
0.000000 0.022794
0.000000 0.024748
0.000000 0.021711
0.000000 0.017073
0.000000 0.017427
0.000000 0.021665
0.000000 0.015079
0.000000 0.036036
0.000000 0.054369
0.000000 0.020292
0.000000 0.019765
0.000000 0.026330
0.000000 0.031923
0.000000 0.017601
0.000000 0.025472
0.000000 0.035164
0.000000 0.070269
0.000000 0.048625
0.000000 0.051781
0.000000 0.021676
0.000000 0.026785
0.000000 0.032790
0.000000 0.062888
0.000000 0.028668
0.000000 0.015121
0.000000 0.017567
0.000000 0.034883
0.000000 0.030785
0.000000 0.037218
0.000000 0.032402
0.000000 0.059619
0.000000 0.032727
0.000000 0.020985
0.000000 0.020724
0.000000 0.026248
0.000000 0.017177
0.000000 0.020212
0.000000 0.017600
0.000000 0.010176
0.000000 0.012863
0.000000 0.014567
0.000000 0.013868
0.000000 0.018520
0.000000 0.016345
0.000000 0.014237
0.000000 0.013800
0.000000 0.013668
0.000000 0.013682
0.000000 0.016699
0.000000 0.019271
0.000000 0.018842
0.000000 0.011777
0.000000 0.012403
0.000000 0.009738
0.000000 0.010649
0.000000 0.014380
0.000000 0.013643
0.000000 0.015985
0.000000 0.020519
0.000000 0.017872
0.000000 0.017929
0.000000 0.016202
0.000000 0.039086
0.000000 0.041340
0.000000 0.033637
0.000000 0.019131
0.000000 0.028665
0.000000 0.014563
0.000000 0.016503
0.000000 0.014185
0.000000 0.027102
0.000000 0.018641
0.000000 0.021377
0.000000 0.020853
0.000000 0.026973
0.000000 0.016260
0.000000 0.023947
0.000000 0.021146
0.000000 0.024633
0.000000 0.016407
0.000000 0.016592
0.000000 0.025572
0.000000 0.022330
0.000000 0.018200
0.000000 0.016878
0.000000 0.019362
0.000000 0.036288
0.000000 0.014703
0.000000 0.029157
0.000000 0.026649
0.000000 0.031394
0.000000 0.051150
0.000000 0.035471
0.000000 0.025628
0.000000 0.036213
0.000000 0.052160
0.000000 0.038406
0.000000 0.025125
0.000000 0.069550
0.000000 0.018943
0.000000 0.028233
0.000000 0.036861
0.000000 0.031043
0.000000 0.020398
0.000000 0.017568
0.000000 0.027418
0.000000 0.032432
0.000000 0.027940
0.000000 0.031343
0.000000 0.021142
0.000000 0.023417
0.000000 0.018171
0.000000 0.029351
0.000000 0.021564
0.000000 0.027332
0.000000 0.023078
0.000000 0.023237
0.000000 0.019386
0.000000 0.028817
0.000000 0.023873
0.000000 0.014487
0.000000 0.015702
0.000000 0.015839
0.000000 0.011361
0.000000 0.013444
0.000000 0.034596
0.000000 0.048346
0.000000 0.021236
0.000000 0.029538
0.000000 0.045203
0.000000 0.018481
0.000000 0.026693
0.000000 0.014244
0.000000 0.034772
0.000000 0.027111
0.000000 0.023075
0.000000 0.050710
0.000000 0.035042
0.000000 0.022543
0.000000 0.031524
0.000000 0.026433
0.000000 0.067633
0.000000 0.034073
0.000000 0.031748
0.000000 0.032973
0.000000 0.033323
0.000000 0.027845
0.000000 0.020419
0.000000 0.025079
0.000000 0.031237
0.000000 0.024837
0.000000 0.022608
0.000000 0.015996
0.000000 0.027094
0.000000 0.017833
0.000000 0.060301
0.000000 0.021604
0.000000 0.036520
0.000000 0.141982
0.000000 0.035620
0.000000 0.017134
0.000000 0.012785
0.000000 0.020620
0.000000 0.015262
0.000000 0.018043
0.000000 0.017650
0.000000 0.015449
0.000000 0.019495
0.000000 0.023555
0.000000 0.020153
0.000000 0.023873
0.000000 0.067245
0.000000 0.087764
0.000000 0.031439
0.000000 0.026483
0.000000 0.028863
0.000000 0.017377
0.000000 0.016567
0.000000 0.020466
0.000000 0.023705
0.000000 0.021568
0.000000 0.035308
0.000000 0.031927
0.000000 0.020638
0.000000 0.015121
0.000000 0.021971
0.000000 0.022566
0.000000 0.014339
0.000000 0.035987
0.000000 0.037258
0.000000 0.021290
0.000000 0.018069
0.000000 0.029304
0.000000 0.045050
0.000000 0.032391
0.000000 0.041731
0.000000 0.034158
0.000000 0.112766
0.000000 0.030337
0.000000 0.020820
0.000000 0.030471
0.000000 0.042669
0.000000 0.025441
0.000000 0.022696
0.000000 0.020817
0.000000 0.050123
0.000000 0.039802
0.000000 0.023400
0.000000 0.025057
0.000000 0.037439
0.000000 0.033288
0.000000 0.024391
0.000000 0.024952
0.000000 0.014845
0.000000 0.018608
0.000000 0.015590
0.000000 0.024199
0.000000 0.020497
0.000000 0.028773
0.000000 0.038513
0.000000 0.025632
0.000000 0.029919
0.000000 0.055392
0.000000 0.066369
0.000000 0.023961
0.000000 0.029492
0.000000 0.033498
0.000000 0.022441
0.000000 0.037169
0.000000 0.072714
0.000000 0.017902
0.000000 0.029010
0.000000 0.042811
0.000000 0.054527
0.000000 0.031991
0.000000 0.028711
0.000000 0.021742
0.000000 0.023355
0.000000 0.022416
0.000000 0.030635
0.000000 0.021697
0.000000 0.016733
0.000000 0.021735
0.000000 0.014357
0.000000 0.021953
0.000000 0.030099
0.000000 0.014650
0.000000 0.029046
0.000000 0.018128
0.000000 0.022584
0.000000 0.033846
0.000000 0.018809
0.000000 0.025862
0.000000 0.022792
0.000000 0.018275
0.000000 0.013890
0.000000 0.021819
0.000000 0.037286
0.000000 0.011957
0.000000 0.020777
0.000000 0.020362
0.000000 0.028163
0.000000 0.038961
0.000000 0.034598
0.000000 0.021108
0.000000 0.027688
0.000000 0.015583
0.000000 0.024712
0.000000 0.051904
0.000000 0.039087
0.000000 0.034445
0.000000 0.024201
0.000000 0.025150
