 -43.556  147.014
-43.3818  147.014
-43.2076  147.014
-43.0334  147.014
-42.8592  147.014
-43.6431  147.191
-43.4689  147.191
-43.2947  147.191
-43.1205  147.191
-42.9463  147.191
-42.7721  147.191
 -42.598  147.191
-42.4238  147.191
-43.7302  147.369
 -43.556  147.369
-43.3818  147.369
-43.2076  147.369
-43.0334  147.369
-42.8592  147.369
 -42.685  147.369
-42.5109  147.369
-42.3367  147.369
-42.1625  147.369
-41.9883  147.369
-43.6431  147.546
-43.4689  147.546
-43.2947  147.546
-43.1205  147.546
-42.9463  147.546
-42.7721  147.546
 -42.598  147.546
-42.4238  147.546
-42.2496  147.546
-42.0754  147.546
-41.9012  147.546
 -41.727  147.546
-41.5528  147.546
-43.7302  147.723
 -43.556  147.723
-43.3818  147.723
-43.2076  147.723
-43.0334  147.723
-42.8592  147.723
 -42.685  147.723
-42.5109  147.723
-42.3367  147.723
-42.1625  147.723
-41.9883  147.723
-41.8141  147.723
-41.6399  147.723
-41.4657  147.723
-41.2915  147.723
-41.1173  147.723
-43.6431    147.9
-43.4689    147.9
-43.2947    147.9
-43.1205    147.9
-42.9463    147.9
-42.7721    147.9
 -42.598    147.9
-42.4238    147.9
-42.2496    147.9
-42.0754    147.9
-41.9012    147.9
 -41.727    147.9
-41.5528    147.9
-41.3786    147.9
-41.2044    147.9
-41.0302    147.9
 -40.856    147.9
-40.6818    147.9
 -43.556  148.077
-43.3818  148.077
-43.2076  148.077
-43.0334  148.077
-42.8592  148.077
 -42.685  148.077
-42.5109  148.077
-42.3367  148.077
-42.1625  148.077
-41.9883  148.077
-41.8141  148.077
-41.6399  148.077
-41.4657  148.077
-41.2915  148.077
-41.1173  148.077
-40.9431  148.077
-40.7689  148.077
-40.5947  148.077
-40.4205  148.077
-40.2463  148.077
-40.0721  148.077
-43.4689  148.255
-43.2947  148.255
-43.1205  148.255
-42.9463  148.255
-42.7721  148.255
 -42.598  148.255
-42.4238  148.255
-42.2496  148.255
-42.0754  148.255
-41.9012  148.255
 -41.727  148.255
-41.5528  148.255
-41.3786  148.255
-41.2044  148.255
-41.0302  148.255
 -40.856  148.255
-40.6818  148.255
-40.5076  148.255
-40.3334  148.255
-40.1592  148.255
 -39.985  148.255
-39.8108  148.255
-39.6366  148.255
-39.4624  148.255
-43.3818  148.432
-43.2076  148.432
-43.0334  148.432
-42.8592  148.432
 -42.685  148.432
-42.5109  148.432
-42.3367  148.432
-42.1625  148.432
-41.9883  148.432
-41.8141  148.432
-41.6399  148.432
-41.4657  148.432
-41.2915  148.432
-41.1173  148.432
-40.9431  148.432
-40.7689  148.432
-40.5947  148.432
-40.4205  148.432
-40.2463  148.432
-40.0721  148.432
-39.8979  148.432
-39.7237  148.432
-39.5495  148.432
-39.3753  148.432
-39.2011  148.432
-39.0269  148.432
-38.8527  148.432
-43.1205  148.609
-42.9463  148.609
-42.7721  148.609
 -42.598  148.609
-42.4238  148.609
-42.2496  148.609
-42.0754  148.609
-41.9012  148.609
 -41.727  148.609
-41.5528  148.609
-41.3786  148.609
-41.2044  148.609
-41.0302  148.609
 -40.856  148.609
-40.6818  148.609
-40.5076  148.609
-40.3334  148.609
-40.1592  148.609
 -39.985  148.609
-39.8108  148.609
-39.6366  148.609
-39.4624  148.609
-39.2882  148.609
 -39.114  148.609
-38.9398  148.609
-38.7656  148.609
-38.5914  148.609
-38.4172  148.609
-42.5109  148.786
-42.3367  148.786
-42.1625  148.786
-41.9883  148.786
-41.8141  148.786
-41.6399  148.786
-41.4657  148.786
-41.2915  148.786
-41.1173  148.786
-40.9431  148.786
-40.7689  148.786
-40.5947  148.786
-40.4205  148.786
-40.2463  148.786
-40.0721  148.786
-39.8979  148.786
-39.7237  148.786
-39.5495  148.786
-39.3753  148.786
-39.2011  148.786
-39.0269  148.786
-38.8527  148.786
-38.6785  148.786
-38.5043  148.786
-38.3301  148.786
-38.1559  148.786
-37.9817  148.786
-41.9012  148.963
 -41.727  148.963
-41.5528  148.963
-41.3786  148.963
-41.2044  148.963
-41.0302  148.963
 -40.856  148.963
-40.6818  148.963
-40.5076  148.963
-40.3334  148.963
-40.1592  148.963
 -39.985  148.963
-39.8108  148.963
-39.6366  148.963
-39.4624  148.963
-39.2882  148.963
 -39.114  148.963
-38.9398  148.963
-38.7656  148.963
-38.5914  148.963
-38.4172  148.963
 -38.243  148.963
-38.0688  148.963
-37.8946  148.963
-37.7205  148.963
-37.5463  148.963
-41.2915  149.141
-41.1173  149.141
-40.9431  149.141
-40.7689  149.141
-40.5947  149.141
-40.4205  149.141
-40.2463  149.141
-40.0721  149.141
-39.8979  149.141
-39.7237  149.141
-39.5495  149.141
-39.3753  149.141
-39.2011  149.141
-39.0269  149.141
-38.8527  149.141
-38.6785  149.141
-38.5043  149.141
-38.3301  149.141
-38.1559  149.141
-37.9817  149.141
-37.8076  149.141
-37.6334  149.141
-37.4592  149.141
 -37.285  149.141
-40.6818  149.318
-40.5076  149.318
-40.3334  149.318
-40.1592  149.318
 -39.985  149.318
-39.8108  149.318
-39.6366  149.318
-39.4624  149.318
-39.2882  149.318
 -39.114  149.318
-38.9398  149.318
-38.7656  149.318
-38.5914  149.318
-38.4172  149.318
 -38.243  149.318
-38.0688  149.318
-37.8946  149.318
-37.7205  149.318
-37.5463  149.318
-37.3721  149.318
-37.1979  149.318
-37.0237  149.318
-36.8495  149.318
-40.2463  149.495
-40.0721  149.495
-39.8979  149.495
-39.7237  149.495
-39.5495  149.495
-39.3753  149.495
-39.2011  149.495
-39.0269  149.495
-38.8527  149.495
-38.6785  149.495
-38.5043  149.495
-38.3301  149.495
-38.1559  149.495
-37.9817  149.495
-37.8076  149.495
-37.6334  149.495
-37.4592  149.495
 -37.285  149.495
-37.1108  149.495
-36.9366  149.495
-36.7624  149.495
-36.5882  149.495
-39.8108  149.672
-39.6366  149.672
-39.4624  149.672
-39.2882  149.672
 -39.114  149.672
-38.9398  149.672
-38.7656  149.672
-38.5914  149.672
-38.4172  149.672
 -38.243  149.672
-38.0688  149.672
-37.8946  149.672
-37.7205  149.672
-37.5463  149.672
-37.3721  149.672
-37.1979  149.672
-37.0237  149.672
-36.8495  149.672
-36.6753  149.672
-36.5011  149.672
-36.3269  149.672
-39.3753  149.849
-39.2011  149.849
-39.0269  149.849
-38.8527  149.849
-38.6785  149.849
-38.5043  149.849
-38.3301  149.849
-38.1559  149.849
-37.9817  149.849
-37.8076  149.849
-37.6334  149.849
-37.4592  149.849
 -37.285  149.849
-37.1108  149.849
-36.9366  149.849
-36.7624  149.849
-36.5882  149.849
 -36.414  149.849
-36.2398  149.849
-36.0656  149.849
-35.8914  149.849
-38.9398  150.027
-38.7656  150.027
-38.5914  150.027
-38.4172  150.027
 -38.243  150.027
-38.0688  150.027
-37.8946  150.027
-37.7205  150.027
-37.5463  150.027
-37.3721  150.027
-37.1979  150.027
-37.0237  150.027
-36.8495  150.027
-36.6753  150.027
-36.5011  150.027
-36.3269  150.027
-36.1527  150.027
-35.9785  150.027
-35.8043  150.027
-35.6301  150.027
-38.3301  150.204
-38.1559  150.204
-37.9817  150.204
-37.8076  150.204
-37.6334  150.204
-37.4592  150.204
 -37.285  150.204
-37.1108  150.204
-36.9366  150.204
-36.7624  150.204
-36.5882  150.204
 -36.414  150.204
-36.2398  150.204
-36.0656  150.204
-35.8914  150.204
-35.7172  150.204
 -35.543  150.204
-35.3688  150.204
-37.8946  150.381
-37.7205  150.381
-37.5463  150.381
-37.3721  150.381
-37.1979  150.381
-37.0237  150.381
-36.8495  150.381
-36.6753  150.381
-36.5011  150.381
-36.3269  150.381
-36.1527  150.381
-35.9785  150.381
-35.8043  150.381
-35.6301  150.381
-35.4559  150.381
-35.2817  150.381
-35.1075  150.381
-34.9333  150.381
-37.4592  150.558
 -37.285  150.558
-37.1108  150.558
-36.9366  150.558
-36.7624  150.558
-36.5882  150.558
 -36.414  150.558
-36.2398  150.558
-36.0656  150.558
-35.8914  150.558
-35.7172  150.558
 -35.543  150.558
-35.3688  150.558
-35.1946  150.558
-35.0204  150.558
-34.8462  150.558
 -34.672  150.558
-36.8495  150.735
-36.6753  150.735
-36.5011  150.735
-36.3269  150.735
-36.1527  150.735
-35.9785  150.735
-35.8043  150.735
-35.6301  150.735
-35.4559  150.735
-35.2817  150.735
-35.1075  150.735
-34.9333  150.735
-34.7591  150.735
-34.5849  150.735
-34.4107  150.735
-34.2365  150.735
-36.2398  150.913
-36.0656  150.913
-35.8914  150.913
-35.7172  150.913
 -35.543  150.913
-35.3688  150.913
-35.1946  150.913
-35.0204  150.913
-34.8462  150.913
 -34.672  150.913
-34.4978  150.913
-34.3236  150.913
-34.1494  150.913
-33.9752  150.913
-35.6301   151.09
-35.4559   151.09
-35.2817   151.09
-35.1075   151.09
-34.9333   151.09
-34.7591   151.09
-34.5849   151.09
-34.4107   151.09
-34.2365   151.09
-34.0623   151.09
-33.8881   151.09
-33.7139   151.09
-35.0204  151.267
-34.8462  151.267
 -34.672  151.267
-34.4978  151.267
-34.3236  151.267
-34.1494  151.267
-33.9752  151.267
 -33.801  151.267
-33.6268  151.267
-33.4526  151.267
-33.2784  151.267
-34.5849  151.444
-34.4107  151.444
-34.2365  151.444
-34.0623  151.444
-33.8881  151.444
-33.7139  151.444
-33.5397  151.444
-33.3655  151.444
-33.1913  151.444
-33.0172  151.444
-34.1494  151.621
-33.9752  151.621
 -33.801  151.621
-33.6268  151.621
-33.4526  151.621
-33.2784  151.621
-33.1042  151.621
-32.9301  151.621
-32.7559  151.621
-33.7139  151.799
-33.5397  151.799
-33.3655  151.799
-33.1913  151.799
-33.0172  151.799
 -32.843  151.799
-32.6688  151.799
-32.4946  151.799
-32.3204  151.799
-33.4526  151.976
-33.2784  151.976
-33.1042  151.976
-32.9301  151.976
-32.7559  151.976
-32.5817  151.976
-32.4075  151.976
-32.2333  151.976
-32.0591  151.976
-33.0172  152.153
 -32.843  152.153
-32.6688  152.153
-32.4946  152.153
-32.3204  152.153
-32.1462  152.153
 -31.972  152.153
-31.7978  152.153
-31.6236  152.153
-32.7559   152.33
-32.5817   152.33
-32.4075   152.33
-32.2333   152.33
-32.0591   152.33
-31.8849   152.33
-31.7107   152.33
-31.5365   152.33
-31.3623   152.33
-31.1881   152.33
-32.4946  152.507
-32.3204  152.507
-32.1462  152.507
 -31.972  152.507
-31.7978  152.507
-31.6236  152.507
-31.4494  152.507
-31.2752  152.507
 -31.101  152.507
-30.9268  152.507
-30.7526  152.507
-32.2333  152.685
-32.0591  152.685
-31.8849  152.685
-31.7107  152.685
-31.5365  152.685
-31.3623  152.685
-31.1881  152.685
-31.0139  152.685
-30.8397  152.685
-30.6655  152.685
-30.4913  152.685
-31.7978  152.862
-31.6236  152.862
-31.4494  152.862
-31.2752  152.862
 -31.101  152.862
-30.9268  152.862
-30.7526  152.862
-30.5784  152.862
-30.4042  152.862
  -30.23  152.862
-30.0558  152.862
-31.5365  153.039
-31.3623  153.039
-31.1881  153.039
-31.0139  153.039
-30.8397  153.039
-30.6655  153.039
-30.4913  153.039
-30.3171  153.039
-30.1429  153.039
-29.9687  153.039
-31.2752  153.216
 -31.101  153.216
-30.9268  153.216
-30.7526  153.216
-30.5784  153.216
-30.4042  153.216
  -30.23  153.216
-30.0558  153.216
-29.8816  153.216
-30.8397  153.393
-30.6655  153.393
-30.4913  153.393
-30.3171  153.393
-30.1429  153.393
-29.9687  153.393
