  1   6
  1   7
  1   2
  2   7
  2   8
  2   3
  3   8
  3   9
  3   4
  4   9
  4  10
  4   5
  5  10
  5  11
  6  14
  6  15
  6   7
  7  15
  7  16
  7   8
  8  16
  8  17
  8   9
  9  17
  9  18
  9  10
 10  18
 10  19
 10  11
 11  19
 11  20
 11  12
 12  20
 12  21
 12  13
 13  21
 13  22
 14  25
 14  15
 15  25
 15  26
 15  16
 16  26
 16  27
 16  17
 17  27
 17  28
 17  18
 18  28
 18  29
 18  19
 19  29
 19  30
 19  20
 20  30
 20  31
 20  21
 21  31
 21  32
 21  22
 22  32
 22  33
 22  23
 23  33
 23  34
 23  24
 24  34
 24  35
 25  38
 25  39
 25  26
 26  39
 26  40
 26  27
 27  40
 27  41
 27  28
 28  41
 28  42
 28  29
 29  42
 29  43
 29  30
 30  43
 30  44
 30  31
 31  44
 31  45
 31  32
 32  45
 32  46
 32  33
 33  46
 33  47
 33  34
 34  47
 34  48
 34  35
 35  48
 35  49
 35  36
 36  49
 36  50
 36  37
 37  50
 37  51
 38  54
 38  39
 39  54
 39  55
 39  40
 40  55
 40  56
 40  41
 41  56
 41  57
 41  42
 42  57
 42  58
 42  43
 43  58
 43  59
 43  44
 44  59
 44  60
 44  45
 45  60
 45  61
 45  46
 46  61
 46  62
 46  47
 47  62
 47  63
 47  48
 48  63
 48  64
 48  49
 49  64
 49  65
 49  50
 50  65
 50  66
 50  51
 51  66
 51  67
 51  52
 52  67
 52  68
 52  53
 53  68
 53  69
 54  72
 54  55
 55  72
 55  73
 55  56
 56  73
 56  74
 56  57
 57  74
 57  75
 57  58
 58  75
 58  76
 58  59
 59  76
 59  77
 59  60
 60  77
 60  78
 60  61
 61  78
 61  79
 61  62
 62  79
 62  80
 62  63
 63  80
 63  81
 63  64
 64  81
 64  82
 64  65
 65  82
 65  83
 65  66
 66  83
 66  84
 66  67
 67  84
 67  85
 67  68
 68  85
 68  86
 68  69
 69  86
 69  87
 69  70
 70  87
 70  88
 70  71
 71  88
 71  89
 72  93
 72  73
 73  93
 73  94
 73  74
 74  94
 74  95
 74  75
 75  95
 75  96
 75  76
 76  96
 76  97
 76  77
 77  97
 77  98
 77  78
 78  98
 78  99
 78  79
 79  99
 79 100
 79  80
 80 100
 80 101
 80  81
 81 101
 81 102
 81  82
 82 102
 82 103
 82  83
 83 103
 83 104
 83  84
 84 104
 84 105
 84  85
 85 105
 85 106
 85  86
 86 106
 86 107
 86  87
 87 107
 87 108
 87  88
 88 108
 88 109
 88  89
 89 109
 89 110
 89  90
 90 110
 90 111
 90  91
 91 111
 91 112
 91  92
 92 112
 92 113
 93 117
 93  94
 94 117
 94 118
 94  95
 95 118
 95 119
 95  96
 96 119
 96 120
 96  97
 97 120
 97 121
 97  98
 98 121
 98 122
 98  99
 99 122
 99 123
 99 100
100 123
100 124
100 101
101 124
101 125
101 102
102 125
102 126
102 103
103 126
103 127
103 104
104 127
104 128
104 105
105 128
105 129
105 106
106 129
106 130
106 107
107 130
107 131
107 108
108 131
108 132
108 109
109 132
109 133
109 110
110 133
110 134
110 111
111 134
111 135
111 112
112 135
112 136
112 113
113 136
113 137
113 114
114 137
114 138
114 115
115 138
115 139
115 116
116 139
116 140
117 118
118 144
118 119
119 144
119 145
119 120
120 145
120 146
120 121
121 146
121 147
121 122
122 147
122 148
122 123
123 148
123 149
123 124
124 149
124 150
124 125
125 150
125 151
125 126
126 151
126 152
126 127
127 152
127 153
127 128
128 153
128 154
128 129
129 154
129 155
129 130
130 155
130 156
130 131
131 156
131 157
131 132
132 157
132 158
132 133
133 158
133 159
133 134
134 159
134 160
134 135
135 160
135 161
135 136
136 161
136 162
136 137
137 162
137 163
137 138
138 163
138 164
138 139
139 164
139 165
139 140
140 165
140 166
140 141
141 166
141 167
141 142
142 167
142 168
142 143
143 168
143 169
144 145
145 146
146 147
147 172
147 148
148 172
148 173
148 149
149 173
149 174
149 150
150 174
150 175
150 151
151 175
151 176
151 152
152 176
152 177
152 153
153 177
153 178
153 154
154 178
154 179
154 155
155 179
155 180
155 156
156 180
156 181
156 157
157 181
157 182
157 158
158 182
158 183
158 159
159 183
159 184
159 160
160 184
160 185
160 161
161 185
161 186
161 162
162 186
162 187
162 163
163 187
163 188
163 164
164 188
164 189
164 165
165 189
165 190
165 166
166 190
166 191
166 167
167 191
167 192
167 168
168 192
168 193
168 169
169 193
169 194
169 170
170 194
170 195
170 171
171 195
171 196
172 173
173 174
174 175
175 199
175 176
176 199
176 200
176 177
177 200
177 201
177 178
178 201
178 202
178 179
179 202
179 203
179 180
180 203
180 204
180 181
181 204
181 205
181 182
182 205
182 206
182 183
183 206
183 207
183 184
184 207
184 208
184 185
185 208
185 209
185 186
186 209
186 210
186 187
187 210
187 211
187 188
188 211
188 212
188 189
189 212
189 213
189 190
190 213
190 214
190 191
191 214
191 215
191 192
192 215
192 216
192 193
193 216
193 217
193 194
194 217
194 218
194 195
195 218
195 219
195 196
196 219
196 220
196 197
197 220
197 221
197 198
198 221
198 222
199 200
200 201
201 202
202 225
202 203
203 225
203 226
203 204
204 226
204 227
204 205
205 227
205 228
205 206
206 228
206 229
206 207
207 229
207 230
207 208
208 230
208 231
208 209
209 231
209 232
209 210
210 232
210 233
210 211
211 233
211 234
211 212
212 234
212 235
212 213
213 235
213 236
213 214
214 236
214 237
214 215
215 237
215 238
215 216
216 238
216 239
216 217
217 239
217 240
217 218
218 240
218 241
218 219
219 241
219 242
219 220
220 242
220 243
220 221
221 243
221 244
221 222
222 244
222 245
222 223
223 245
223 246
223 224
224 246
224 247
225 226
226 227
227 228
228 249
228 229
229 249
229 250
229 230
230 250
230 251
230 231
231 251
231 252
231 232
232 252
232 253
232 233
233 253
233 254
233 234
234 254
234 255
234 235
235 255
235 256
235 236
236 256
236 257
236 237
237 257
237 258
237 238
238 258
238 259
238 239
239 259
239 260
239 240
240 260
240 261
240 241
241 261
241 262
241 242
242 262
242 263
242 243
243 263
243 264
243 244
244 264
244 265
244 245
245 265
245 266
245 246
246 266
246 267
246 247
247 267
247 268
247 248
248 268
248 269
249 250
250 251
251 272
251 252
252 272
252 273
252 253
253 273
253 274
253 254
254 274
254 275
254 255
255 275
255 276
255 256
256 276
256 277
256 257
257 277
257 278
257 258
258 278
258 279
258 259
259 279
259 280
259 260
260 280
260 281
260 261
261 281
261 282
261 262
262 282
262 283
262 263
263 283
263 284
263 264
264 284
264 285
264 265
265 285
265 286
265 266
266 286
266 287
266 267
267 287
267 288
267 268
268 288
268 289
268 269
269 289
269 290
269 270
270 290
270 291
270 271
271 291
271 292
272 273
273 274
274 294
274 275
275 294
275 295
275 276
276 295
276 296
276 277
277 296
277 297
277 278
278 297
278 298
278 279
279 298
279 299
279 280
280 299
280 300
280 281
281 300
281 301
281 282
282 301
282 302
282 283
283 302
283 303
283 284
284 303
284 304
284 285
285 304
285 305
285 286
286 305
286 306
286 287
287 306
287 307
287 288
288 307
288 308
288 289
289 308
289 309
289 290
290 309
290 310
290 291
291 310
291 311
291 292
292 311
292 312
292 293
293 312
293 313
294 295
295 296
296 315
296 297
297 315
297 316
297 298
298 316
298 317
298 299
299 317
299 318
299 300
300 318
300 319
300 301
301 319
301 320
301 302
302 320
302 321
302 303
303 321
303 322
303 304
304 322
304 323
304 305
305 323
305 324
305 306
306 324
306 325
306 307
307 325
307 326
307 308
308 326
308 327
308 309
309 327
309 328
309 310
310 328
310 329
310 311
311 329
311 330
311 312
312 330
312 331
312 313
313 331
313 332
313 314
314 332
314 333
315 316
316 317
317 336
317 318
318 336
318 337
318 319
319 337
319 338
319 320
320 338
320 339
320 321
321 339
321 340
321 322
322 340
322 341
322 323
323 341
323 342
323 324
324 342
324 343
324 325
325 343
325 344
325 326
326 344
326 345
326 327
327 345
327 346
327 328
328 346
328 347
328 329
329 347
329 348
329 330
330 348
330 349
330 331
331 349
331 350
331 332
332 350
332 351
332 333
333 351
333 352
333 334
334 352
334 353
334 335
335 353
335 354
336 337
337 338
338 339
339 356
339 340
340 356
340 357
340 341
341 357
341 358
341 342
342 358
342 359
342 343
343 359
343 360
343 344
344 360
344 361
344 345
345 361
345 362
345 346
346 362
346 363
346 347
347 363
347 364
347 348
348 364
348 365
348 349
349 365
349 366
349 350
350 366
350 367
350 351
351 367
351 368
351 352
352 368
352 369
352 353
353 369
353 370
353 354
354 370
354 371
354 355
355 371
355 372
356 357
357 358
358 374
358 359
359 374
359 375
359 360
360 375
360 376
360 361
361 376
361 377
361 362
362 377
362 378
362 363
363 378
363 379
363 364
364 379
364 380
364 365
365 380
365 381
365 366
366 381
366 382
366 367
367 382
367 383
367 368
368 383
368 384
368 369
369 384
369 385
369 370
370 385
370 386
370 371
371 386
371 387
371 372
372 387
372 388
372 373
373 388
373 389
374 375
375 376
376 392
376 377
377 392
377 393
377 378
378 393
378 394
378 379
379 394
379 395
379 380
380 395
380 396
380 381
381 396
381 397
381 382
382 397
382 398
382 383
383 398
383 399
383 384
384 399
384 400
384 385
385 400
385 401
385 386
386 401
386 402
386 387
387 402
387 403
387 388
388 403
388 404
388 389
389 404
389 405
389 390
390 405
390 406
390 391
391 406
391 407
392 393
393 394
394 395
395 409
395 396
396 409
396 410
396 397
397 410
397 411
397 398
398 411
398 412
398 399
399 412
399 413
399 400
400 413
400 414
400 401
401 414
401 415
401 402
402 415
402 416
402 403
403 416
403 417
403 404
404 417
404 418
404 405
405 418
405 419
405 406
406 419
406 420
406 407
407 420
407 421
407 408
408 421
408 422
409 410
410 411
411 412
412 425
412 413
413 425
413 426
413 414
414 426
414 427
414 415
415 427
415 428
415 416
416 428
416 429
416 417
417 429
417 430
417 418
418 430
418 431
418 419
419 431
419 432
419 420
420 432
420 433
420 421
421 433
421 434
421 422
422 434
422 435
422 423
423 435
423 436
423 424
424 436
424 437
425 426
426 427
427 428
428 439
428 429
429 439
429 440
429 430
430 440
430 441
430 431
431 441
431 442
431 432
432 442
432 443
432 433
433 443
433 444
433 434
434 444
434 445
434 435
435 445
435 446
435 436
436 446
436 447
436 437
437 447
437 448
437 438
438 448
438 449
439 440
440 441
441 442
442 451
442 443
443 451
443 452
443 444
444 452
444 453
444 445
445 453
445 454
445 446
446 454
446 455
446 447
447 455
447 456
447 448
448 456
448 457
448 449
449 457
449 458
449 450
450 458
450 459
451 452
452 453
453 462
453 454
454 462
454 463
454 455
455 463
455 464
455 456
456 464
456 465
456 457
457 465
457 466
457 458
458 466
458 467
458 459
459 467
459 468
459 460
460 468
460 469
460 461
461 469
461 470
462 463
463 464
464 472
464 465
465 472
465 473
465 466
466 473
466 474
466 467
467 474
467 475
467 468
468 475
468 476
468 469
469 476
469 477
469 470
470 477
470 478
470 471
471 478
471 479
472 473
473 474
474 481
474 475
475 481
475 482
475 476
476 482
476 483
476 477
477 483
477 484
477 478
478 484
478 485
478 479
479 485
479 486
479 480
480 486
480 487
481 482
482 490
482 483
483 490
483 491
483 484
484 491
484 492
484 485
485 492
485 493
485 486
486 493
486 494
486 487
487 494
487 495
487 488
488 495
488 496
488 489
489 496
489 497
490 491
491 492
492 499
492 493
493 499
493 500
493 494
494 500
494 501
494 495
495 501
495 502
495 496
496 502
496 503
496 497
497 503
497 504
497 498
498 504
498 505
499 500
500 508
500 501
501 508
501 509
501 502
502 509
502 510
502 503
503 510
503 511
503 504
504 511
504 512
504 505
505 512
505 513
505 506
506 513
506 514
506 507
507 514
507 515
508 509
509 518
509 510
510 518
510 519
510 511
511 519
511 520
511 512
512 520
512 521
512 513
513 521
513 522
513 514
514 522
514 523
514 515
515 523
515 524
515 516
516 524
516 525
516 517
517 525
517 526
518 519
519 529
519 520
520 529
520 530
520 521
521 530
521 531
521 522
522 531
522 532
522 523
523 532
523 533
523 524
524 533
524 534
524 525
525 534
525 535
525 526
526 535
526 536
526 527
527 536
527 537
527 528
528 537
528 538
529 530
530 531
531 540
531 532
532 540
532 541
532 533
533 541
533 542
533 534
534 542
534 543
534 535
535 543
535 544
535 536
536 544
536 545
536 537
537 545
537 546
537 538
538 546
538 547
538 539
539 547
539 548
540 541
541 551
541 542
542 551
542 552
542 543
543 552
543 553
543 544
544 553
544 554
544 545
545 554
545 555
545 546
546 555
546 556
546 547
547 556
547 557
547 548
548 557
548 558
548 549
549 558
549 559
549 550
550 559
550 560
551 552
552 561
552 553
553 561
553 562
553 554
554 562
554 563
554 555
555 563
555 564
555 556
556 564
556 565
556 557
557 565
557 566
557 558
558 566
558 567
558 559
559 567
559 568
559 560
560 568
560 569
561 562
562 563
563 570
563 564
564 570
564 571
564 565
565 571
565 572
565 566
566 572
566 573
566 567
567 573
567 574
567 568
568 574
568 575
568 569
569 575
570 571
571 572
572 573
573 574
574 575
