567
567
567
567
567
567
567
567
567
567
567
567
567
567
567
567
567
567
567
567
567
567
567
567
567
567
567
567
567
567
567
567
567
567
567
567
567
567
567
567
567
567
567
567
567
567
567
567
567
567
542
542
542
542
542
542
542
542
542
542
542
542
542
542
542
542
542
542
542
542
542
542
542
542
542
542
542
542
542
542
542
542
542
542
542
542
542
542
542
542
542
542
542
542
542
542
542
542
542
542
501
501
501
501
501
501
501
501
501
501
501
501
501
501
501
501
501
501
501
501
501
501
501
501
501
501
501
501
501
501
501
501
501
501
501
501
501
501
501
501
501
501
501
501
501
501
501
501
501
501
469
469
469
469
469
469
469
469
469
469
469
469
469
469
469
469
469
469
469
469
469
469
469
469
469
469
469
469
469
469
469
469
469
469
469
469
469
469
469
469
469
469
469
469
469
469
469
469
469
469
459
459
459
459
459
459
459
459
459
459
459
459
459
459
459
459
459
459
459
459
459
459
459
459
459
459
459
459
459
459
459
459
459
459
459
459
459
459
459
459
459
459
459
459
459
459
459
459
459
459
458
458
458
458
458
458
458
458
458
458
458
458
458
458
458
458
458
458
458
458
458
458
458
458
458
458
458
458
458
458
458
458
458
458
458
458
458
458
458
458
458
458
458
458
458
458
458
458
458
458
457
457
457
457
457
457
457
457
457
457
457
457
457
457
457
457
457
457
457
457
457
457
457
457
457
457
457
457
457
457
457
457
457
457
457
457
457
457
457
457
457
457
457
457
457
457
457
457
457
457
447
447
447
447
447
447
447
447
447
447
447
447
447
447
447
447
447
447
447
447
447
447
447
447
447
447
447
447
447
447
447
447
447
447
447
447
447
447
447
447
447
447
447
447
447
447
447
447
447
447
419
419
419
419
419
419
419
419
419
419
419
419
419
419
419
419
419
419
419
419
419
419
419
419
419
419
419
419
419
419
419
419
419
419
419
419
419
419
419
419
419
419
419
419
419
419
419
419
419
419
371
371
371
371
371
371
371
371
371
371
371
371
371
371
371
371
371
371
371
371
371
371
371
371
371
371
371
371
371
371
371
371
371
371
371
371
371
371
371
371
371
371
371
371
371
371
371
371
371
371
349
349
349
349
349
349
349
349
349
349
349
349
349
349
349
349
349
349
349
349
349
349
349
349
349
349
349
349
349
349
349
349
349
349
349
349
349
349
349
349
349
349
349
349
349
349
349
349
349
349
 16
 16
 16
 16
 16
 16
 16
 16
 16
 16
 16
 16
 16
 16
 16
 16
 16
 16
 16
 16
 16
 16
 16
 16
 16
 16
 16
 16
 16
 16
 16
 16
 16
 16
 16
 16
 16
 16
 16
 16
 16
 16
 16
 16
 16
 16
 16
 16
 16
 16
