-35.054681 150.630752
-35.060441 150.378487
-32.275752 152.540305
-30.852555 153.194587
-40.823521 147.969221
-43.128013 147.500320
-30.001078 153.192321
-33.156873 151.555153
-33.914727 151.581067
-38.671442 149.821659
-38.421989 148.570963
-40.012401 148.815103
-36.908605 150.546123
-43.537234 147.773069
-42.099907 147.820729
-42.463294 148.722743
-38.812709 148.877111
-42.223302 148.336566
-35.210480 151.093091
-39.107467 149.028931
-43.365593 147.493786
-38.588443 149.949008
-42.920560 147.896919
-36.920284 149.507886
-30.630032 153.448880
-42.692319 147.258166
-40.038691 149.204412
