-38.898417 149.755367
-33.997757 151.068625
-30.456477 153.347600
-34.876351 151.160009
-36.577585 149.775565
-34.245209 150.846262
-37.530248 149.819017
-39.917956 148.589154
-31.891549 152.303974
-36.034884 150.766530
-33.540494 151.893700
-40.699138 148.065571
-30.291591 152.774935
-37.480763 149.150401
-43.346014 147.439439
-41.529133 148.419690
-31.398302 152.842067
-41.649543 147.917161
-42.344392 147.288980
-38.177429 149.177334
-39.349239 149.311322
-42.392203 147.327005
-38.836911 150.003453
-30.293502 153.019732
-43.487092 147.118016
-38.240650 149.413696
-40.180920 148.279364
-37.046820 149.948983
-37.784971 150.302668
-41.205146 149.130036
-37.526655 149.428349
-41.052217 148.347065
-31.071932 152.840077
