0.000000 0.043222
0.000000 0.015686
0.000000 0.018951
0.000000 0.013725
0.000000 0.074296
0.000000 0.029497
0.000000 0.014810
0.000000 0.016072
0.000000 0.027396
0.000000 0.025663
0.000000 0.038357
0.000000 0.038087
0.000000 0.024080
0.000000 0.025447
0.000000 0.017622
0.000000 0.028014
0.000000 0.022217
0.000000 0.041783
0.000000 0.014625
0.000000 0.025988
0.000000 0.016543
0.000000 0.022498
0.000000 0.054201
0.000000 0.034696
0.000000 0.028686
0.000000 0.021382
0.000000 0.022641
0.000000 0.029883
0.000000 0.029323
0.000000 0.014510
0.000000 0.014846
0.000000 0.021063
0.000000 0.026896
0.000000 0.035905
0.000000 0.034795
0.000000 0.014624
0.000000 0.026732
0.000000 0.020319
0.000000 0.025801
0.000000 0.042313
0.000000 0.061465
0.000000 0.039758
0.000000 0.035841
0.000000 0.032787
0.000000 0.018008
0.000000 0.027782
0.000000 0.029321
0.000000 0.022382
0.000000 0.030918
0.000000 0.023128
0.000000 0.024292
0.000000 0.037079
0.000000 0.016805
0.000000 0.014358
0.000000 0.047558
0.000000 0.020647
0.000000 0.014608
0.000000 0.036453
0.000000 0.028859
0.000000 0.032826
0.000000 0.025924
0.000000 0.024695
0.000000 0.021839
0.000000 0.025657
0.000000 0.062138
0.000000 0.029115
0.000000 0.029996
0.000000 0.032168
0.000000 0.059891
0.000000 0.023863
0.000000 0.038145
0.000000 0.024996
0.000000 0.032663
0.000000 0.017742
0.000000 0.019370
0.000000 0.048356
0.000000 0.016848
0.000000 0.023002
0.000000 0.039506
0.000000 0.023474
0.000000 0.040077
0.000000 0.040749
0.000000 0.018330
0.000000 0.020624
0.000000 0.020979
0.000000 0.071775
0.000000 0.030202
0.000000 0.018257
0.000000 0.038240
0.000000 0.045664
0.000000 0.031067
0.000000 0.029571
0.000000 0.042706
0.000000 0.022502
0.000000 0.049317
0.000000 0.025939
0.000000 0.018538
0.000000 0.025917
0.000000 0.022853
0.000000 0.047329
0.000000 0.020991
0.000000 0.021137
0.000000 0.024919
0.000000 0.096698
0.000000 0.021851
0.000000 0.018080
0.000000 0.014233
0.000000 0.012847
0.000000 0.018454
0.000000 0.027107
0.000000 0.044910
0.000000 0.037756
0.000000 0.018584
0.000000 0.020253
0.000000 0.033998
0.000000 0.035611
0.000000 0.037630
0.000000 0.020751
0.000000 0.027543
0.000000 0.027895
0.000000 0.022174
0.000000 0.017980
0.000000 0.069296
0.000000 0.027317
0.000000 0.024745
0.000000 0.046372
0.000000 0.018332
0.000000 0.017300
0.000000 0.045938
0.000000 0.015758
0.000000 0.026160
0.000000 0.016778
0.000000 0.039647
0.000000 0.027801
0.000000 0.042730
0.000000 0.032924
0.000000 0.020341
0.000000 0.019720
0.000000 0.033439
0.000000 0.018598
0.000000 0.041876
0.000000 0.024366
0.000000 0.058015
0.000000 0.023190
0.000000 0.034962
0.000000 0.015001
0.000000 0.047548
0.000000 0.035375
0.000000 0.019842
0.000000 0.022896
0.000000 0.014589
0.000000 0.031032
0.000000 0.020169
0.000000 0.075867
0.000000 0.047008
0.000000 0.021769
0.000000 0.030568
0.000000 0.015874
0.000000 0.034270
0.000000 0.017937
0.000000 0.030889
0.000000 0.026543
0.000000 0.037855
0.000000 0.025053
0.000000 0.027867
0.000000 0.018243
0.000000 0.029310
0.000000 0.021301
0.000000 0.013638
0.000000 0.018166
0.000000 0.025403
0.000000 0.046039
0.000000 0.035093
0.000000 0.024322
0.000000 0.045652
0.000000 0.023266
0.000000 0.022385
0.000000 0.048828
0.000000 0.018053
0.000000 0.040585
0.000000 0.024266
0.000000 0.044096
0.000000 0.037602
0.000000 0.145317
0.000000 0.022651
0.000000 0.042334
0.000000 0.041389
0.000000 0.014188
0.000000 0.055208
0.000000 0.046452
0.000000 0.027921
0.000000 0.031465
0.000000 0.025387
0.000000 0.036483
0.000000 0.046448
0.000000 0.030261
0.000000 0.024423
0.000000 0.062809
0.000000 0.016791
0.000000 0.015607
0.000000 0.080436
0.000000 0.022914
0.000000 0.020893
0.000000 0.030996
0.000000 0.036770
0.000000 0.024215
0.000000 0.026519
0.000000 0.028264
0.000000 0.065135
0.000000 0.021674
0.000000 0.072462
0.000000 0.026898
0.000000 0.025091
0.000000 0.034903
0.000000 0.029764
0.000000 0.035901
0.000000 0.092820
0.000000 0.020422
0.000000 0.018999
0.000000 0.021300
0.000000 0.016355
0.000000 0.052294
0.000000 0.018719
0.000000 0.023551
0.000000 0.026541
0.000000 0.030303
0.000000 0.030268
0.000000 0.030377
0.000000 0.030508
0.000000 0.029391
0.000000 0.028829
0.000000 0.024585
0.000000 0.020903
0.000000 0.021448
0.000000 0.015111
0.000000 0.019245
0.000000 0.026230
0.000000 0.034150
0.000000 0.025198
0.000000 0.022466
0.000000 0.018575
0.000000 0.036813
0.000000 0.040832
0.000000 0.017364
0.000000 0.014697
0.000000 0.027337
0.000000 0.022493
0.000000 0.017859
0.000000 0.029627
0.000000 0.015364
0.000000 0.013579
0.000000 0.026563
0.000000 0.026525
0.000000 0.076761
0.000000 0.031255
0.000000 0.023062
0.000000 0.034510
0.000000 0.023063
0.000000 0.026121
0.000000 0.053280
0.000000 0.029234
0.000000 0.040760
0.000000 0.033747
0.000000 0.033912
0.000000 0.019830
0.000000 0.013826
0.000000 0.041359
0.000000 0.025007
0.000000 0.020726
0.000000 0.022540
0.000000 0.018332
0.000000 0.018026
0.000000 0.019843
0.000000 0.016595
0.000000 0.046232
0.000000 0.033366
0.000000 0.024897
0.000000 0.040371
0.000000 0.043477
0.000000 0.053726
0.000000 0.031917
0.000000 0.036041
0.000000 0.037428
0.000000 0.031202
0.000000 0.011512
0.000000 0.028500
0.000000 0.018887
0.000000 0.021077
0.000000 0.020090
0.000000 0.012946
0.000000 0.046802
0.000000 0.034092
0.000000 0.026207
0.000000 0.017101
0.000000 0.025928
0.000000 0.037826
0.000000 0.022781
0.000000 0.059443
0.000000 0.065212
0.000000 0.019542
0.000000 0.022896
0.000000 0.027358
0.000000 0.032517
0.000000 0.023555
0.000000 0.028454
0.000000 0.015636
0.000000 0.052449
0.000000 0.023972
0.000000 0.026920
0.000000 0.023132
0.000000 0.068388
0.000000 0.031411
0.000000 0.018250
0.000000 0.017999
0.000000 0.019257
0.000000 0.024363
0.000000 0.063536
0.000000 0.027867
0.000000 0.022393
0.000000 0.042645
0.000000 0.026243
0.000000 0.034646
0.000000 0.030772
0.000000 0.021628
0.000000 0.027629
0.000000 0.051026
0.000000 0.025210
0.000000 0.039448
0.000000 0.028337
0.000000 0.025457
0.000000 0.025735
0.000000 0.012359
0.000000 0.036031
0.000000 0.018707
0.000000 0.029088
0.000000 0.018216
0.000000 0.044523
0.000000 0.029184
0.000000 0.019439
0.000000 0.023585
0.000000 0.026498
0.000000 0.016218
0.000000 0.035432
0.000000 0.016874
0.000000 0.027871
0.000000 0.031246
0.000000 0.026158
0.000000 0.020468
0.000000 0.029751
0.000000 0.065102
0.000000 0.045571
0.000000 0.028146
0.000000 0.060562
0.000000 0.017662
0.000000 0.032486
0.000000 0.029708
0.000000 0.018565
0.000000 0.031735
0.000000 0.021839
0.000000 0.017767
0.000000 0.022253
0.000000 0.024097
0.000000 0.023113
0.000000 0.031817
0.000000 0.016461
0.000000 0.059126
0.000000 0.030884
0.000000 0.017476
0.000000 0.020049
0.000000 0.018719
0.000000 0.034346
0.000000 0.021205
0.000000 0.021801
0.000000 0.019140
0.000000 0.020681
0.000000 0.052187
0.000000 0.044653
0.000000 0.018048
0.000000 0.032013
0.000000 0.016063
0.000000 0.025932
0.000000 0.022668
0.000000 0.036225
0.000000 0.029317
0.000000 0.061927
0.000000 0.017466
0.000000 0.047793
0.000000 0.022132
0.000000 0.034049
0.000000 0.025983
0.000000 0.027208
0.000000 0.021617
0.000000 0.050514
0.000000 0.028900
0.000000 0.030784
0.000000 0.016238
0.000000 0.016711
0.000000 0.033049
0.000000 0.019943
0.000000 0.021804
