 1.033795  1.524166
 0.951048  0.800773
 0.671020  0.848686
 0.349921  0.505914
 0.760843  0.995680
 1.218654  1.198608
 1.111199  0.628729
 0.991182  0.822975
-0.099703  0.252607
 0.412914  1.103131
 0.578628  0.483622
 0.978518  0.744127
 0.782109  0.531470
 0.133185  0.785643
 0.171860  0.757776
 0.694861  1.232941
 0.204710  0.895843
 1.247738  0.552387
 0.507102  0.476553
 0.295782  1.148329
 0.805222  0.813315
 0.450033  0.248798
 0.233240  0.820722
 1.085464  0.744720
 1.143655  0.975634
 0.545262  0.453106
 0.297914  0.456750
 0.740694  0.634216
 0.569089  0.739000
 0.643433  0.297774
 0.939535  0.808237
 1.551987  1.243907
 0.931277  0.711780
 0.787880  1.013544
 0.834055  0.811191
 0.830705  0.703910
 0.254029  0.653585
 0.682677  0.653900
 0.471371  1.396423
 0.620820  1.107965
 0.630111  0.815551
 1.230829  0.794457
 0.775023  0.420632
 0.771838  0.897277
 0.701953  0.472992
 0.327567  0.851777
 0.697438  0.305893
-0.153015  0.483714
 0.183347  0.223054
 0.621479  3.570747
 1.004202  1.242188
 0.390236  0.971512
 0.978557  1.284925
 0.629005  0.849367
 0.915295  1.067907
 0.665787  0.877022
 0.210192  0.855115
 1.288763  0.872577
 0.927515  0.724524
 0.900470  2.447449
 1.235059  1.050033
 0.206402  0.423203
 0.664951  0.529584
 0.759972  0.642035
 0.630799  0.926621
 0.908212  1.182816
-0.008979  1.131833
 0.358940  0.341346
 0.588308  0.924806
 0.463425  0.603376
 0.494158  0.912998
 0.487065  1.828503
 0.811370  1.102094
 0.512201  0.356724
 1.069376  0.781051
 0.563408  0.585874
 1.028133  0.553921
 0.991554  1.337476
 0.925267  0.988757
 0.474722  0.553011
 0.564758  0.851148
 0.781604  0.912832
 0.430041  1.260596
 0.798539  0.930652
 0.432512  1.024398
 0.202887  0.726574
 0.687089  0.672083
 0.900439  0.558954
 0.314360  0.336892
 0.642638  0.831812
 0.680452  1.614915
 0.512534  1.087166
-0.280285  0.573903
 0.711223  0.362533
 0.668006  0.818784
 0.297641  0.948671
 0.602798  0.758421
 0.894410  0.578174
-0.101564  0.540358
 0.281796  1.355006
 0.695804  0.537599
 0.259282  1.092574
 1.116716  1.199478
 0.610229  0.737677
 0.633188  0.620201
 0.774968  0.887021
 0.730363  0.627688
 1.044026  0.710472
 0.406363  0.786438
 0.855602  1.042656
 0.392004  0.693003
 0.623920  0.456237
 0.857225  0.976885
 0.690335  0.414311
 0.506646  0.600003
 1.080730  0.755694
 0.611582  0.817922
 0.190053  0.359371
 0.471130  0.738571
 0.478443  0.323172
 0.913316  1.020974
 0.876838  1.051516
 0.653580  1.030101
 0.412200  0.561880
 0.191309  1.101694
 0.734786  1.354067
 0.595536  1.241361
 0.355222  0.616044
 0.464189  0.801133
 0.911759  0.780968
 0.945738  0.475627
 1.424726  0.662697
 0.808953  0.634779
 0.891409  0.407412
 0.209343  0.832588
 0.519903  1.020366
 1.126634  0.583339
-0.032837  0.528203
 0.678189  0.873467
 1.092621  1.858084
 0.292597  0.739999
 0.557000  0.770559
 0.425815  1.141221
 0.750162  0.975795
 0.299144  0.711972
 0.447015  0.468527
 0.924671  0.891801
 1.018879  0.788188
 0.250310  0.833533
 0.902053  2.613669
 0.398927  0.430691
 0.110480  0.810490
 0.568098  1.130380
 0.299425  0.604757
 0.556392  0.453973
 0.765657  1.335685
 0.586299  0.898660
 0.785705  1.393450
 0.596998  1.114290
 0.633779  1.171512
 0.715593  0.803924
 0.422116  0.605711
 0.612874  0.791885
 0.642938  0.473348
 1.147519  1.186413
 0.211816  0.419473
 0.249507  1.967774
 0.739522  1.187215
 0.500870  0.868689
 0.092175  0.462894
 0.891905  0.554425
 0.390823  1.080658
 0.561188  0.459566
 0.544066  0.807630
 1.289561  0.805085
 0.451178  1.042585
 1.058587  0.746970
 0.777221  0.680275
 0.824359  0.590797
 0.200248  0.425877
 0.178337  0.409597
 0.660586  1.263376
 0.667951  0.893400
 0.670892  2.348752
 0.941374  1.142182
 1.209008  1.241892
 0.772109  0.454184
 0.400611  0.916138
 1.103268  0.781548
 0.820458  1.562605
 0.391950  0.242562
 0.555905  0.748325
 0.452699  0.546081
 0.934473  0.659562
 0.550918  0.559955
 0.805193  1.114860
 0.645554  1.025211
 0.281479  0.492039
 0.739718  0.492390
 0.493987  0.969972
 0.674513  1.016609
 0.252302  0.820273
 1.329181  2.311223
 0.744059  0.684403
 0.829153  0.986012
 0.075073  0.517922
 0.555901  0.598440
 0.288735  1.756378
 1.067834  0.584985
 0.344936  0.702370
 0.809143  0.943299
 0.709522  0.799815
 0.593792  0.982336
 0.281539  0.756178
 0.762254  0.729424
 0.781973  0.719407
 0.796202  1.303160
 0.917668  3.159011
 0.394172  0.424054
 0.291633  0.626365
 0.818175  0.349831
 0.542182  0.992787
 0.961081  1.071695
 0.724613  1.394545
 0.481321  0.439796
 0.546964  0.684299
 0.383397  0.418457
 0.415954  1.640181
 0.791184  2.195354
 0.386474  1.259039
 0.574874  0.286018
 1.579483  1.497415
 0.491674  0.929584
 1.348641  1.691140
 0.813075  0.648273
 0.533390  0.734352
 0.680556  0.794421
 0.788929  0.485016
 0.678993  1.034689
 0.991625  0.790463
 0.621361  0.555226
 0.913654  1.172634
 0.383393  0.963821
 0.528452  0.850706
 0.713962  0.757799
 0.740063  0.799185
 0.451512  0.632075
 0.547912  0.369390
 1.173019  1.314384
 0.731215  1.099325
 0.623864  1.562968
 0.619942  0.858758
 0.959097  0.603582
 0.254045  0.596356
 0.456328  0.810904
 0.718067  0.887105
 0.357710  0.372241
 0.929444  1.176653
 0.680777  1.038278
 0.345884  0.683676
 0.218042  0.719355
 0.381308  1.744226
 0.725254  1.407910
 0.663430  0.421243
 0.700155  1.263174
 0.292421  0.658633
 0.968559  1.378009
 0.937783  1.043613
 1.102803  1.634290
 0.951046  0.582498
 1.072237  0.666933
 0.287545  0.908990
 0.521995  2.782344
 0.551564  0.888636
 1.245411  0.859085
 0.749890  0.341550
 0.552241  0.276403
 0.380756  0.350077
 0.719802  0.761133
 1.175026  1.031010
 0.597354  0.763439
 0.437251  0.579122
 0.664607  0.403109
 0.528741  0.557647
 1.740004  4.745795
 0.699923  0.602381
 0.584326  0.822121
 0.430122  1.035175
 0.511738  0.789285
 1.049474  0.389070
 0.775207  1.040838
 0.927853  0.775707
 0.452975  0.458554
 0.560943  0.827425
 0.627437  0.828611
 1.015265  1.154497
 0.582289  0.344220
 0.461360  0.611507
 1.005915  1.009497
 0.674208  0.652930
 0.407835  0.749030
 0.432401  1.484170
 0.604026  0.266897
 0.814637  1.349355
 0.424738  0.969530
 0.944397  0.870152
 0.222473  0.448987
 1.036618  0.673745
 0.781529  0.352021
 0.741985  0.816307
 0.355695  0.427757
 0.613599  0.644054
 1.357873  1.708339
 0.971593  1.001642
 0.852455  0.558354
 0.138290  0.663566
 1.079502  1.159230
 0.942612  1.959330
 0.432304  0.994392
 0.453973  1.239753
 0.791027  0.986728
 0.220866  0.760749
 0.280518  0.921136
 0.793397  0.481048
 0.541402  0.826132
 0.590773  0.680519
 0.858858  1.067249
 0.201950  1.141186
 0.553281  0.814637
 0.536135  0.213545
 1.188065  1.103145
 0.844523  0.623950
 0.589100  0.739285
 0.738383  1.231860
 0.031535  0.679078
 0.908380  1.098488
 0.551468  0.428576
 1.382358  1.494176
 0.843797  0.267062
 0.582765  1.798765
 0.495752  0.576049
 0.541920  1.190290
 0.550732  0.686441
 0.301459  1.420598
 0.323191  0.452933
 0.846735  0.652258
 0.686490  0.902366
 1.106557  0.713029
 0.793964  1.449073
 1.275126  1.239972
 0.305112  0.530718
 0.194574  0.639754
 0.784337  0.457025
 0.702121  0.523500
 0.608856  0.427476
 0.482696  0.291786
 0.487753  0.526051
 0.244998  0.254304
 0.794752  1.012785
 1.102112  0.903766
 0.218580  0.378673
 0.384645  1.073562
 0.426298  0.877185
 0.339176  0.486874
 1.029870  0.708566
 0.898879  0.758442
 0.666995  0.822877
 0.514512  0.976858
 0.807679  0.680562
 0.749962  0.761147
 0.640198  0.899574
 0.668916  0.585586
 0.819527  0.596885
 0.510626  0.952262
 0.351073  0.988789
 1.173517  0.606758
 0.861203  1.148919
 0.509792  0.668841
 0.676309  0.373441
 0.215504  0.526853
 0.764684  0.567773
 0.570453  0.899430
 0.309962  0.634222
 0.517786  0.419345
 0.109676  0.727149
 1.159741  0.827628
 0.914015  0.678252
 0.828170  1.165824
 0.682980  0.675088
 0.407562  0.795561
 0.075451  0.551675
 0.423817  0.700035
 0.242944  0.684599
 0.988779  0.923841
 0.417491  0.291380
 0.516198  0.830321
 1.230504  1.207562
 0.712816  1.344997
 0.773154  0.918367
 0.547666  0.784958
