 2.004907  4.080366  7.929876  6.537746 11.807649 22.019251
 1.724656  3.541437  7.995174  6.159566 10.995460 19.230581
 1.835206  3.431023  8.253520  5.585099 11.625885 17.675211
 1.821491  3.713654  8.974725  6.498502 11.765670 19.905548
 1.812043  3.442299  8.601325  7.213297 11.352527 20.970078
 1.656891  3.273444  7.552396  5.913240 11.698084 19.064613
 1.853203  3.240689  8.531883  6.081167 10.497011 18.428259
 2.013536  3.622399  8.335506  5.711074 10.709271 19.702788
 1.803111  3.259290  7.680672  5.164704 11.182170 19.884289
 1.886111  3.395135  9.177742  6.445010 12.798628 20.268326
 1.908087  3.314730  7.770950  6.203661 12.616275 19.969013
 1.837063  3.621198  8.384450  5.614581 12.968871 23.116718
 2.323151  3.440927  7.669337  6.009322 12.820988 21.411218
 1.814986  3.546385  7.983719  5.543657 12.638847 17.416613
 2.161470  3.627138  9.037881  6.830910 11.636686 23.556865
 1.964533  3.543640  7.633174  6.349702 11.520723 20.983513
 1.675999  3.129196  7.004078  5.938595 12.476102 21.919547
 1.645817  3.097057  8.455703  5.423854  9.901787 18.247814
 1.949646  3.378552  7.599362  5.742033 11.960569 20.105834
 2.036866  3.405227  7.811171  6.470606 10.979051 19.951320
 1.959050  3.939327  7.844974  6.342911 12.157699 22.702411
 2.026211  3.555494  7.501532  5.896332 11.373923 20.641191
 1.752118  3.480971  7.899130  5.785438 12.338110 19.670239
 1.882298  3.662264  7.986738  6.623314 12.824353 17.760543
 1.938091  3.307884  8.210230  6.375075 11.128694 21.121714
 1.668496  2.953011  8.374722  5.466822 11.342312 18.881872
 1.963259  3.778718  8.582018  6.177290 12.685740 21.055492
 2.057182  3.595587  8.383493  6.402793 13.064865 18.722188
 1.854791  2.895652  8.542919  6.368301 13.377294 19.168044
 1.886335  3.501003  7.735226  5.836759 11.021713 21.032451
 1.755697  3.547732  8.143923  5.629583 11.347428 21.953361
 1.740779  3.247434  7.509673  5.683775 10.978199 18.411436
 1.582635  3.184498  7.299200  5.407646 11.226840 19.581557
 1.636873  3.124030  8.203902  5.371247 12.222787 16.675197
 2.001885  3.501278  7.817478  6.546755 12.411789 19.545515
 1.931716  3.536178  8.190155  6.586421 11.796618 20.406252
 1.853548  3.377606  7.910440  5.387440 11.240476 21.560420
 1.983760  3.763152  8.869816  5.968772 11.756632 20.459308
 1.876286  3.363679  9.032368  5.764903 11.202400 20.155072
 1.962661  3.415312  7.570667  6.346522 11.560544 21.153730
 1.946118  3.525327  8.165804  7.205965 13.631918 21.188566
 1.804562  3.697461  8.231633  6.227597 11.343407 18.295166
 1.870906  3.398199  8.804052  6.923714 12.987919 20.443855
 2.100164  3.176541  8.450006  6.041445 12.702633 19.223423
 1.901207  3.669166  8.238595  6.111706 11.044249 20.108774
 1.797240  3.509619  7.321730  5.796684 12.961568 19.273264
 1.835015  3.282181  8.733951  5.847604 12.309363 19.694612
 1.694406  3.162932  7.949009  5.475516 10.911110 16.748052
 1.897486  3.531245  7.626096  6.407131 12.492940 19.823430
 1.920109  3.530442  7.690574  6.092376 11.086932 18.425509
 1.751533  3.332698  8.392048  5.576311 11.934354 21.992105
 1.771860  3.428886  8.623646  6.055364 13.191025 19.007543
 1.723318  3.155015  7.427520  5.861778 11.437215 18.608265
 1.809846  3.375472  7.899283  5.999369 10.662716 18.888189
 1.809885  3.462823  7.984543  6.281903 12.319034 19.302494
 1.746001  3.228486  7.417763  5.720035 11.527458 18.597908
 2.144382  3.274487  7.813412  6.033279 12.450292 18.960928
 1.916894  3.501515  8.615779  6.253113 11.933693 20.663894
 1.978231  3.727611  8.265334  6.792914 12.809355 19.564617
 1.597017  3.689833  8.094556  5.381553 11.756779 20.078776
 1.643898  3.389060  7.132828  5.591157 11.447724 20.768915
 1.762667  3.569153  8.085518  6.013046 11.023608 19.495517
 1.670105  3.521352  7.738717  5.885040 12.024069 18.145489
 1.727162  3.730648  7.464359  6.524827 12.907622 17.155832
 1.903820  3.321766  7.429427  5.775989 14.382438 21.496031
 1.909060  3.503723  8.565233  5.679332 12.693942 19.208432
 1.769424  3.116606  7.519189  5.565231 11.397074 19.384138
 1.786840  3.725829  7.138221  6.090904 12.510148 19.970803
 1.915666  3.382148  7.745130  6.877131 11.189042 20.346354
 1.953383  3.423662  7.929904  5.729908 12.801296 20.230627
 1.820986  3.085598  7.459670  5.869712 12.685734 20.904872
 1.897963  3.725615  8.141515  6.201768 11.716470 19.026471
 1.977878  3.405612  7.916224  5.599376 12.821943 21.635484
 1.985934  3.484726  8.127973  6.265165 11.747959 20.848114
 2.052993  3.341103  7.704173  6.477637 11.454367 21.179691
 1.806557  3.575915  7.545974  7.145442 12.336111 21.648424
 1.742502  3.167520  8.258820  5.981528 11.553670 20.936957
 1.932772  3.551268  7.221482  6.305415 13.018717 20.425252
 1.921586  3.322832  7.754277  6.517460 12.037959 18.919446
 1.859314  3.365033  8.378354  6.123052 13.416393 19.068766
 1.831708  3.058489  7.266471  6.163975 12.692875 18.490202
 1.821218  3.341188  8.077490  6.411687 11.973355 21.589282
 1.832009  3.756449  7.724372  5.600800 12.301134 21.724024
 1.980265  3.237890  6.925228  5.704257 11.490363 21.389585
 1.850878  3.466199  8.349696  5.921803 12.579561 20.357318
 1.789721  3.631397  8.291302  6.102097 11.245807 19.596808
 1.786026  3.674850  8.676164  6.070731 13.706001 20.316844
 1.773169  3.366878  8.436086  6.621466 12.394071 22.870955
 1.916985  3.616136  8.760627  6.592157 12.602712 19.684493
 1.838510  3.179956  7.298918  5.559205 11.313185 20.247583
 1.996449  3.856907  7.992545  6.532530 11.779150 21.228647
 1.876244  3.327252  7.244646  5.827594 10.925882 19.620688
 1.936810  3.114881  8.298801  6.316747 12.729524 20.917431
 1.949774  3.011570  7.539307  6.113917 12.849814 19.332957
 1.701353  3.153986  7.456625  6.741524 13.823515 18.145779
 1.811689  3.285262  7.743491  6.196761 11.394313 19.078610
 1.907447  3.351533  7.391469  6.682893 11.919112 19.150464
 1.808291  3.565150  8.222182  7.059297 11.675327 21.189628
 1.895060  3.041411  7.760532  5.533240 10.365856 17.491159
 1.864702  3.168522  7.298044  5.677008 11.711652 17.658266
 1.856435  3.388175  8.011192  5.687749 11.929756 20.792011
 1.851136  3.517310  8.653610  6.592950 12.153818 17.880050
 1.773341  3.204659  7.427803  5.536124 11.762807 19.350487
 1.810925  3.717199  7.184104  6.308294 11.353955 23.320454
 1.663666  3.284495  7.759575  5.761768 10.894812 18.349689
 1.929932  3.358561  6.997426  5.643570 10.501052 22.854004
 1.905862  3.476400  7.579790  6.606079 12.878290 19.364843
 1.998713  3.242510  8.556659  6.533820 12.252954 21.384048
 1.875438  3.309746  7.992479  6.129766 11.486687 19.251540
 1.906408  3.376933  7.735373  6.415224 12.355981 21.317030
 1.976762  3.654184  7.924954  6.278069 12.467048 22.941133
 1.779756  3.375225  8.823713  6.155458 13.292583 19.805745
 1.801510  3.516569  8.578597  6.644008 12.198204 19.801810
 1.895810  3.527559  7.856854  6.536173 11.446614 19.510050
 1.845977  3.409769  7.591002  6.159156 11.684608 18.801880
 1.667306  3.374847  8.900656  6.147737 11.486220 21.144748
 1.907538  3.269206  7.600327  6.736839 11.391394 19.654981
 1.592332  3.243998  7.725212  5.631308 12.132582 19.370460
 1.858145  3.607128  7.881635  6.584176 12.189273 20.516519
 1.836728  3.390073  8.256169  6.443554 13.075681 21.257753
 1.974312  3.537218  8.345672  5.623846 11.927279 23.458049
 1.799029  3.453851  8.072872  6.111659 12.631321 19.434097
 1.863326  3.468202  8.091957  7.215003 11.959685 19.592620
 1.734773  3.224201  8.269735  6.124339 11.865972 18.774337
 1.999066  3.694067  8.467701  5.991533 11.465898 19.331038
 1.853723  3.421468  7.925557  6.498011 12.345959 21.712181
 1.902678  3.418146  8.765472  6.061434 11.975727 19.816833
 2.172980  3.329513  9.061881  6.067261 11.597204 20.628840
 1.906943  3.537483  8.099439  6.576649 12.721022 22.601168
 1.861952  3.176466  8.280232  5.967628 12.427392 21.710588
 1.849151  3.169748  9.210116  5.740132 12.356297 19.050059
 1.902066  3.528937  7.831803  5.829597 12.552492 18.741296
 1.813601  3.118996  8.123845  5.970961 11.935207 19.297367
 1.763065  2.986218  7.918001  5.634509 13.270594 18.510285
 2.027230  3.387601  7.906469  6.659789 13.084105 21.331566
 1.705094  3.344313  7.659964  5.954814 11.507186 19.954606
 1.757899  3.390718  7.948388  6.284905 12.998468 18.753921
 1.990782  3.381231  7.895635  5.961745 11.920829 20.324826
 1.974769  3.588605  8.283036  6.201990 12.539341 21.554157
 1.948169  3.155350  7.320527  6.972177 12.114995 19.128440
 1.911566  3.136482  8.119453  6.235077 11.264455 19.741433
 1.774016  3.292673  7.616534  6.435033 12.666676 21.049621
 1.696150  3.590105  7.923902  5.569117 12.155682 21.735977
 1.887012  3.547620  9.312419  6.101136 11.506869 22.877696
 1.782024  3.900988  7.371989  6.577704 12.991396 19.740930
 1.765981  3.498108  7.531176  6.206022 11.510141 20.215797
 2.004242  3.217109  7.841330  6.125356 10.449900 20.911839
 1.773731  3.207864  8.240974  5.908588 12.973319 19.399679
 2.193304  3.595259  8.685325  7.019981 12.465644 17.759231
 1.864361  3.107800  7.999079  5.842089 13.655328 19.807390
 2.096137  3.507083  7.861109  6.998903 11.843256 21.566780
 1.755458  3.225699  8.058229  5.775542 11.166747 18.229656
 1.734666  3.329909  7.688528  6.077578 11.068924 18.494246
 2.039110  3.676513  8.009719  6.815647 10.607393 18.688918
 1.788794  3.751288  8.032327  6.205434 11.784662 19.300848
 2.078369  3.563062  8.873678  6.274491 12.298565 18.715104
 1.955880  3.109302  7.746121  5.643091 13.014493 21.475084
 1.706613  3.857544  8.781116  6.559361 12.305371 21.425043
 1.848723  3.645771  7.852672  6.851695 13.175881 20.778111
 1.857571  3.243412  8.802268  6.126587 11.641489 20.000491
 1.737321  3.361560  7.007102  6.319027 12.239909 22.731615
 1.879926  3.197367  8.480962  5.926031 13.268885 19.520842
 2.001424  3.421664  8.604112  6.202502 13.548329 20.403274
 1.784464  3.422065  7.657570  5.584906 12.682196 19.347072
 2.056973  3.201547  8.049635  6.493015 12.697728 21.214722
 1.784827  3.366133  8.138184  6.496877 11.043463 20.622516
 2.117871  3.995945  7.771813  6.636380 12.370174 21.124722
 1.973789  3.452685  7.964455  5.924660 11.812336 18.562265
 1.988841  3.334859  7.936831  6.307861 12.634749 20.887532
 1.822564  3.392152  8.962771  6.781291 13.043237 19.975590
 1.908863  3.870341  8.271866  6.095775 12.448033 19.307192
 1.872267  3.675172  7.965504  6.124201 11.151199 20.287058
 1.980169  3.417406  8.374793  6.222996 11.091456 18.650313
 1.743795  3.541437  8.360950  6.041611 11.645772 22.815644
 2.011410  3.581754  8.114142  6.181243 12.437045 20.578648
 1.697763  3.335036  7.941645  5.462342 11.803111 17.977663
 1.920281  3.778890  9.016312  6.790917 12.708540 22.198155
 1.920755  3.449773  8.433004  6.239040 11.090977 22.303539
 1.853269  3.170928  8.400169  5.936021 11.291839 20.231686
 1.758503  3.128499  8.239430  6.001132 11.687249 19.432621
 1.742113  3.265812  7.711177  5.586670 10.922097 19.441802
 1.936480  3.655416  7.974571  6.583696 11.230551 17.906227
 1.855057  3.698685  8.097302  5.471942 11.777974 20.903073
 2.036376  3.908596  8.528179  6.662967 12.257113 22.696462
 2.041791  3.363212  8.016737  6.073064 11.277520 19.148415
 2.120586  3.337540  8.054963  5.884937 12.003290 22.759473
 2.081054  3.721674  8.175426  7.205596 11.439082 19.453974
 2.182688  3.805901  8.279592  6.588621 13.774948 21.669635
 2.101839  3.377941  8.822343  6.083535 12.420297 17.644060
 1.688414  3.521256  8.941262  6.602341 12.001149 17.230867
 1.877190  3.366962  9.217773  7.106031 12.512471 20.256546
 1.698816  3.567223  7.272904  5.675163 11.957156 19.234905
 2.045353  3.854696  8.875038  6.300243 12.814292 21.157622
 1.812297  3.669470  7.149899  7.132040 12.845910 22.543428
 1.984063  3.457235  8.288044  5.866332 13.607950 19.269598
 1.786298  3.635094  8.259525  5.854740 12.590877 21.016148
 1.925508  3.434735  8.357184  5.773195 12.417200 20.769544
 1.823241  3.556962  9.120658  6.748564 12.016100 20.000126
 1.800702  3.456119  8.450537  6.401795 12.232854 19.673648
 1.908125  3.584891  8.918470  6.286671 12.618780 20.856073
 2.037374  3.723041  7.834733  6.323283 11.978555 22.928465
 1.914268  3.445837  7.305575  6.289152 11.960172 17.865840
 1.816456  3.441485  8.117997  6.612925 12.511905 20.453712
 1.930551  3.497798  8.037119  6.136654 12.225251 21.671057
 1.700994  3.449935  7.706803  5.737261 10.990140 18.344683
 1.993800  3.400106  7.413538  6.072102 12.095598 21.891414
 1.866760  3.644363  8.670324  6.234710 11.371381 19.910444
 1.722779  3.610144  8.144242  6.676622 12.022937 19.142683
 1.741798  3.313780  8.567860  5.731030 12.147449 19.459007
 1.997519  3.147474  7.716519  5.822903 11.406177 19.153551
 1.782803  3.535416  9.104242  6.020813 11.425134 19.054832
 1.836664  2.899122  8.400028  6.083159 12.170707 17.793614
 1.756888  2.949933  7.584696  5.844414 11.116552 18.573709
 1.745668  3.584569  7.330243  5.932724 12.798160 20.501441
 1.898818  3.311693  7.840626  6.420146 11.641699 18.911424
 1.811203  3.482095  8.168873  5.953309 11.241449 21.366248
 1.886120  3.299172  8.305987  5.809034 12.255794 20.084343
 1.767852  2.966667  7.769467  6.610965 12.229035 18.666880
 1.678516  3.364482  7.855000  5.586581 12.607853 17.870873
 2.064339  3.361996  7.882408  6.509431 11.283800 21.058434
 1.820559  3.304013  7.694039  5.467604 11.882757 21.836156
 2.090607  3.664838  7.754507  6.064947 10.691411 20.387495
 1.779218  3.528184  8.158276  6.083910 11.418980 19.137754
 1.943807  3.385806  8.014027  5.678186 11.867576 15.929545
 1.974725  3.182057  7.673716  5.389429 11.803563 19.957463
 1.863613  3.570445  7.716425  6.237002 11.030204 19.667121
 1.966280  3.622201  8.031194  6.204641 12.164088 18.038386
 1.863282  3.678971  7.705935  6.428675 11.249007 19.569818
 2.090144  3.663797  8.565996  6.224661 13.509680 23.156257
 2.078788  3.521844  8.408284  5.923434 12.308509 22.376337
 1.840993  3.585530  7.676974  5.959318 11.734762 21.104713
 1.712972  3.361970  7.487259  6.295796 11.449518 18.336228
 1.789818  3.756058  8.296441  6.325737 11.245011 24.852646
 2.084420  3.419985  8.542852  6.799426 10.811682 19.549685
 1.903317  3.519519  8.785037  5.905367 11.482183 19.210762
 1.878399  3.604848  8.016400  5.825676 12.461406 19.692117
 2.057364  3.726037  8.607369  6.688141 12.263135 24.053340
 1.834746  3.507067  7.840069  6.223193 12.197686 20.927632
 1.913616  3.562749  7.639687  6.587014 10.935568 19.687827
 1.918236  3.230573  8.257208  6.452258 12.303483 20.207634
 2.011729  3.280899  7.760510  6.528107 12.938344 20.766814
 1.556117  3.340713  7.483998  5.569595 11.557541 19.804840
 1.798603  3.376474  7.600942  5.851797 11.314105 19.219018
 2.013838  3.598238  7.719715  6.266953 12.548678 19.666374
 1.821620  3.345587  7.544927  5.490895 13.439920 23.257266
 1.979334  3.624550  8.504823  5.894769 12.278392 20.126664
 1.821498  3.579336  8.278694  6.442479 11.496098 19.899616
 1.998568  3.805121  8.183709  6.880740 11.970112 19.518457
 1.834639  3.425297  7.977728  6.503445 11.503524 18.825784
 1.927197  3.231790  7.320996  5.834020 11.596402 18.111436
 1.842338  3.303247  8.386522  5.964952 10.743718 17.184654
 1.817468  3.437963  7.831585  6.006879 11.737064 19.190492
 1.913500  3.118810  7.229173  6.403079 10.998856 18.185568
 1.834532  3.429570  7.125105  5.551247 13.350985 23.001876
 1.814545  3.317369  8.878607  6.620262 13.414008 21.239040
 1.756234  3.695593  8.147974  6.068067 11.763209 20.597073
 1.758738  3.386351  7.707387  5.496813 11.796351 20.895659
 1.916475  3.700330  8.596577  5.995526 13.227926 19.847453
 1.847784  3.776966  8.356196  6.661383 12.697654 19.476035
 1.758517  3.422115  8.440155  6.170229 10.884171 18.551481
 1.722964  3.300275  8.274605  5.813549 11.014135 19.848472
 1.802789  3.720806  8.168734  6.178685 12.542350 18.740550
 1.937267  3.686042  7.813329  5.852501 11.282645 20.694912
 2.054402  3.289591  8.421319  6.957785 12.575611 23.942090
 2.005081  3.457011  8.765204  6.423876 12.665081 20.912182
 1.852565  2.978875  7.523127  6.393217 12.776053 19.039989
 1.989084  3.378224  7.863896  6.284877 12.695497 21.798290
 2.012757  3.456635  8.067103  5.982001 13.134799 18.950673
 1.872064  3.180970  8.828066  5.466967 11.271536 19.268524
 1.999427  3.599836  8.572648  6.725538 14.104474 18.717710
 1.703000  3.351202  7.684017  5.862818 12.430304 20.882648
 2.003647  3.288632  8.086832  6.067627 12.346876 20.873115
 1.753242  3.424994  8.155969  6.511500 11.491963 20.626760
 1.809384  3.235484  7.938032  5.915747 10.986715 20.721671
 1.794674  3.549816  7.726696  6.349867 13.621354 19.726130
 2.144046  3.476823  8.245068  5.781011 12.724992 18.910135
 1.883652  3.403852  7.531987  6.431921 12.226914 20.252998
 1.632177  3.318041  7.324662  5.928876 11.036118 18.354963
 1.816031  3.549154  7.970929  6.572219 11.554864 20.017638
 1.784343  3.420843  7.374109  5.540278 12.722070 20.821743
 1.859614  3.416939  8.433253  6.113357 12.705016 19.651933
 1.711623  3.118620  8.629954  5.553435 11.814921 21.578590
 2.005629  3.354343  8.083031  6.552969 12.487337 19.512279
 2.054051  3.054251  7.975483  6.545566 13.644267 20.985199
 1.801489  3.650985  8.550393  6.425406 12.390025 20.563449
 2.120749  3.149443  7.930232  6.433199 12.285311 20.001060
 1.726520  3.376824  8.657657  6.097249 12.146357 21.128621
 1.758182  3.733477  8.169715  6.241364 13.222074 20.622876
 1.931831  3.649104  7.552672  6.526777 13.419232 19.029683
 1.858351  3.684029  8.372838  5.921127 12.043506 21.169839
 2.141082  3.181471  7.973290  5.605256 11.276609 21.331858
 1.788586  3.279621  8.592997  6.965148 12.865905 23.383593
 2.048278  3.443996  7.681674  6.792920 12.642056 20.642839
 1.948334  3.179791  7.767715  7.180689 10.205525 18.939833
 1.871746  3.800177  7.394316  5.896678 12.602121 22.636398
 1.659499  3.369580  7.799814  6.023717 11.140886 17.997877
 1.718136  3.398478  8.076292  6.438360 11.045326 18.024854
 2.121036  3.819385  7.131938  6.659485 11.152615 21.671480
 1.671432  3.782132  7.241120  6.588224 11.739511 19.960377
 1.951561  3.487774  8.175619  5.893413 11.285620 18.994753
 1.947068  3.607602  8.215690  6.079741 11.209259 19.815762
 1.870817  3.194444  7.280937  5.930304 11.600188 17.538263
 1.710881  3.244474  7.845133  5.882218 11.849398 20.111999
 1.854945  3.553892  8.081785  5.414974 11.483762 18.945215
 1.988062  3.743742  8.262618  7.039406 11.330190 22.209726
 1.912060  3.140964  8.562655  6.945028 11.996372 22.919717
 1.908522  3.499538  7.814002  6.650066 11.665438 22.547390
 1.671818  3.051410  7.544735  6.545863 13.090838 20.990213
 1.830976  3.387846  7.859370  6.219702 12.398455 20.059612
 1.873347  3.602649  8.174535  5.902577 12.375937 21.727584
 1.595867  3.506252  7.143819  6.161815 11.847475 18.099217
 1.880257  3.359926  8.253129  6.450078 10.817874 19.946985
 1.924395  3.398217  7.485495  5.864000 12.454327 17.055825
 1.841335  3.837557  8.318265  5.807030 11.558524 18.521572
 1.805226  3.493311  7.574468  6.550103 11.078202 19.892487
 2.057720  3.381951  8.280854  6.261155 12.456346 20.970421
 1.850094  3.361293  7.524077  6.254391 11.650022 21.858985
 1.790746  3.166081  8.014742  6.993997 11.784984 20.268428
 1.865261  3.259285  7.338555  6.027247 10.343331 19.955989
 2.024526  3.570891  8.671494  6.691649 11.893982 20.098882
 1.705046  3.314175  7.772049  5.818805 12.132751 19.027590
 1.934598  3.470281  7.727018  6.724208 12.454313 21.060092
 2.009022  3.259328  7.348193  5.667279 10.656823 20.864293
 1.974418  3.736100  8.129126  6.604394 12.171870 21.338562
 1.881778  3.274938  7.027823  5.254436 12.198136 18.670817
 1.945812  3.164616  8.642710  6.330938 11.836926 21.166401
 1.845165  3.282211  7.802831  5.975758 12.002555 21.306908
 1.974880  3.517264  8.761541  6.165639 11.570299 18.671957
 1.794293  3.249565  7.695398  6.172919 12.859784 17.693252
 1.827563  3.383735  8.068983  5.967817 11.225862 20.144556
 1.752556  3.650910  7.937367  6.522797 11.184090 20.329181
 1.881533  3.149150  7.875668  5.986762 11.867429 18.094296
 1.554569  3.549972  7.678110  5.801992 11.269578 19.415614
 1.855046  3.122042  7.459653  6.011467 11.793514 19.903865
 1.760930  3.518024  7.527945  6.374237 12.491343 22.423837
 1.836105  3.492671  7.884381  5.843216 10.691426 18.815135
 1.773158  3.197972  8.364031  6.761667 11.822733 18.479714
 1.899586  3.818576  8.062164  6.946839 11.826360 21.729966
 1.928513  3.339380  8.593829  5.545680 12.575342 19.635851
 1.937626  3.486228  8.332149  6.311989 11.651979 19.572863
 2.030230  3.569664  8.112047  6.526297 12.471182 23.187979
 1.925888  3.479682  8.685687  5.945262 11.434941 18.654985
 1.896248  3.773344  8.105785  5.386775 11.970055 19.583497
 1.822056  3.463962  8.770645  7.161547 12.320391 19.161741
 1.772857  3.232361  8.169090  5.722193 11.750528 19.711454
 1.977255  3.324149  7.935756  6.222420 12.200147 20.394381
 1.879402  3.715714  8.277730  6.114218 12.715874 19.578623
 1.739751  3.457100  7.539503  5.904769 11.762300 17.941444
 1.821543  3.369142  8.234350  5.533911 11.283545 18.007910
 1.712211  3.354148  7.228847  6.545801 10.105586 23.615422
 1.835369  3.609343  8.417806  6.620813 12.809239 20.002162
 1.899082  3.044466  7.719743  6.423502 11.693620 18.828639
 1.931844  3.414619  8.416005  6.303548 11.937105 19.367605
 1.792797  2.938894  8.077844  5.842798 11.299516 19.870146
 1.863940  3.409304  7.731159  6.377128 12.263916 22.271580
 1.918587  3.384941  7.512164  5.857898 10.583721 19.851880
 1.647614  3.391754  7.225310  5.778906 12.878310 21.292771
 1.575677  3.245318  8.425641  6.317833 11.591844 19.680583
 1.740556  3.112461  8.105651  5.858853 11.293588 19.692226
 1.706226  3.508253  8.661284  5.856001 11.335952 18.130748
 1.742053  3.442280  7.467679  6.169040 11.107673 18.078061
 1.673396  3.084554  7.842311  6.670906 13.333737 19.319259
 1.762101  3.087249  7.963800  6.034579 11.888613 19.185664
 2.001535  3.402092  8.522594  6.418751 12.315786 20.776964
 2.080860  3.478395  8.289005  6.493585 11.607147 20.601150
 1.710381  3.527141  8.342974  5.667034 10.881749 19.004876
 1.703561  3.054351  7.826970  6.363730 11.917244 18.787331
 1.995511  3.678609  8.127826  6.649448 12.455532 19.121561
 2.064400  3.701004  8.270996  6.632795 12.133515 19.411817
 1.820104  3.626239  8.480317  5.461485 11.643853 19.448422
 1.855274  3.207393  8.306328  5.733689 11.974028 19.406586
 2.109822  3.687287  8.450300  6.554181 14.566136 20.235721
 1.690705  3.130487  7.222552  6.915143 12.080628 18.437080
 1.866168  3.316951  8.350276  6.015990 12.777589 20.887972
 1.794823  3.456241  7.952201  5.985228 11.769619 18.690557
 1.887214  3.505830  8.487326  6.337758 12.123918 21.326326
 1.896826  3.413091  8.643664  6.153468 12.148786 18.566724
 1.857165  3.312535  7.400352  5.561890 11.500561 18.707398
 1.922031  3.426996  7.964329  6.161573 10.418786 19.206830
 1.974979  3.445407  8.575869  6.323054 12.795363 23.835025
 1.746252  3.245441  7.885214  5.881730 11.449259 18.858630
 1.807898  3.430941  8.006680  5.714940 13.022790 19.025405
 1.879165  3.182646  8.657602  5.707929 12.417425 17.443023
 1.611636  3.462809  8.061988  5.857839 11.104604 18.332003
 1.938792  3.183786  7.600177  6.163569 11.992982 18.459180
 1.887833  3.357003  8.857150  5.835305 11.877479 18.926639
 1.909459  3.413347  8.878666  6.224806 12.488184 20.025653
 1.906583  3.599747  8.821144  7.614469 12.971528 17.953188
 1.911224  3.334891  7.820381  6.389847 12.782264 21.692385
 1.696571  3.349521  8.940604  6.072814 12.767145 19.416518
 1.829308  3.460902  7.018477  6.239627 11.427587 18.959031
 1.764942  3.219679  7.064736  5.918079 11.352751 17.484985
 1.626744  3.266483  7.934861  6.344756 12.107174 19.793528
 1.863820  3.544847  8.390587  5.662952 12.331137 20.732738
 1.763512  3.437126  8.017578  6.653975 12.731849 21.126704
 1.979430  3.170781  7.297417  7.434708 12.620238 20.051446
 1.695282  3.507854  8.323208  5.807232 11.637307 19.299202
 1.772169  3.415259  8.142058  6.087976 12.683533 19.588391
 1.910037  3.352711  8.271890  6.047543 11.881934 17.830494
 1.989509  3.220228  8.515727  6.206692 11.634490 20.372407
