    80.017277 -27943.459292
    84.906776 -27945.152865
    72.276694 -27938.460947
    75.026339 -27944.778933
    63.886540 -27943.132798
    74.370394 -27936.629423
   110.325380 -27945.907055
   115.610791 -27946.732493
    81.225098 -27958.605311
    70.459765 -27937.139910
    62.780375 -27944.399541
    56.091044 -27944.260507
    70.921958 -27949.104724
    76.293278 -27949.313714
    80.016184 -27950.867208
    67.981006 -27939.927827
    98.395879 -27946.427660
    57.014269 -27952.959401
    92.655311 -27950.321447
    81.995481 -27950.654284
   117.098194 -27949.456763
    82.405055 -27946.894894
    73.040273 -27947.235873
   109.291332 -27954.170655
    55.694141 -27948.383574
    76.849689 -27944.447245
   125.866065 -27941.860119
    59.425430 -27943.211229
    73.358792 -27955.594338
    99.134675 -27946.050457
    77.549715 -27947.278912
    62.251690 -27943.409864
    67.153846 -27941.885253
    62.207009 -27948.773091
    91.168711 -27941.936822
    91.747036 -27946.802920
    85.638390 -27946.619895
    98.120734 -27946.617217
    54.663927 -27946.738725
    56.624293 -27942.433896
    61.762163 -27950.997128
    54.868834 -27942.349169
    76.453220 -27939.323998
    57.599044 -27945.010018
   102.658543 -27940.276266
    66.599804 -27948.258023
    91.708434 -27949.037344
    63.199537 -27952.594378
    95.179486 -27946.026059
    79.869635 -27940.734289
    72.405895 -27941.986335
    71.898996 -27950.209992
    77.216192 -27943.735855
    78.228210 -27943.113785
    49.050651 -27934.855357
    60.828467 -27945.766772
    94.991039 -27949.336015
    71.392567 -27942.769144
    76.608352 -27941.689731
    75.928768 -27941.891421
    92.285026 -27943.746495
    63.397771 -27942.036362
    67.984168 -27946.355460
   102.374101 -27947.808584
    69.526178 -27950.752781
    81.335737 -27941.737958
    68.581555 -27944.699448
    79.503842 -27945.544313
    48.359583 -27947.588157
    62.229516 -27952.807272
    65.690864 -27943.538985
    70.409582 -27948.270578
    76.077539 -27946.406158
    62.254361 -27946.042410
    85.646385 -27938.731190
    71.090636 -27944.035813
    99.545547 -27939.319410
    63.094352 -27941.825143
    78.210987 -27940.487823
    86.107117 -27938.293202
    84.191440 -27942.279608
    64.883534 -27943.383283
    77.899161 -27952.205922
    52.282293 -27949.137494
    90.042628 -27939.085228
    64.907102 -27941.986475
   104.739650 -27952.908556
    86.726492 -27939.253666
    89.514521 -27943.129907
    69.889118 -27943.144036
    83.047543 -27939.545471
    70.422798 -27951.169953
    51.685491 -27956.519709
    90.389643 -27952.962915
    60.471320 -27947.564802
    77.734864 -27949.517617
    73.536698 -27946.156358
    82.552104 -27950.500548
    73.836852 -27950.653349
    71.516429 -27944.467647
   105.732772 -27950.233399
    79.177121 -27946.796384
    56.501148 -27937.009451
    53.108465 -27956.985977
   102.062227 -27949.260189
    98.432695 -27950.230932
   134.541321 -27943.686246
   122.636661 -27942.015929
    90.360950 -27943.293315
    74.197077 -27943.070841
    42.683919 -27947.980815
    66.087236 -27946.433096
    70.624036 -27943.601243
   109.919951 -27938.826000
    76.060543 -27939.269217
    82.247069 -27949.225734
    62.343498 -27941.965624
    77.479990 -27947.231017
    72.529160 -27944.743195
    78.925674 -27939.468495
    92.326450 -27945.032604
    78.467168 -27951.838256
    58.398417 -27943.066711
    67.018260 -27934.637988
    69.480651 -27943.931397
    69.616825 -27936.587917
    80.431948 -27944.571279
    72.703625 -27940.860289
    50.829135 -27940.801619
    85.862490 -27935.014034
    73.441208 -27946.461334
   116.530634 -27944.602238
    51.886009 -27942.196239
    71.442448 -27945.793277
    63.382590 -27945.995141
    66.753592 -27940.447671
    95.996899 -27948.669879
    91.989077 -27951.464296
    58.930622 -27937.940278
    75.344693 -27943.671275
    63.237019 -27953.496822
    66.705853 -27940.930160
    73.360234 -27943.501620
    91.227565 -27941.620323
    74.721229 -27942.412606
    93.637606 -27941.657648
    73.137536 -27940.598862
    71.611424 -27942.130764
    97.223663 -27949.758916
    94.875786 -27943.408374
   122.226430 -27947.653840
    78.575541 -27948.344512
    65.259948 -27940.495638
    66.692286 -27947.367318
    71.260369 -27941.431750
    89.585407 -27941.792678
    81.180034 -27946.129717
    77.088392 -27944.253508
    99.484046 -27944.934592
    91.330549 -27941.485560
    87.295197 -27943.498294
    77.841183 -27944.724565
    67.096321 -27953.588962
    84.078771 -27941.853005
    50.937947 -27942.122740
    68.318895 -27943.925383
    75.958953 -27949.971376
    85.750599 -27934.295539
    80.762149 -27942.938591
    67.913677 -27950.956013
    63.556761 -27946.933335
    51.096622 -27940.800930
    56.393704 -27949.603217
    55.659381 -27941.588357
    46.755966 -27940.963763
    57.826073 -27943.375284
    68.290239 -27942.495869
    47.306958 -27945.724571
    74.353250 -27939.982441
    63.607410 -27949.334424
    93.957623 -27945.200086
    50.511299 -27939.971337
    42.868218 -27944.195631
    42.918155 -27943.119425
    80.990955 -27942.296159
    56.214884 -27940.377342
    67.123732 -27950.509264
    92.211020 -27942.494619
    62.809562 -27944.611242
    54.351362 -27945.314250
    72.267444 -27945.812678
    69.285262 -27941.437170
    88.769330 -27942.385447
    48.711034 -27955.156612
    70.630058 -27947.166846
    66.682199 -27937.067534
    80.835097 -27941.873310
    38.689813 -27946.986958
    72.610152 -27936.576486
    96.291618 -27940.514905
    35.604831 -27943.824858
    78.589969 -27942.402439
    80.103857 -27941.954675
    91.904441 -27946.197106
    76.051656 -27944.346742
    81.122743 -27950.995384
    73.480802 -27941.391429
    75.844090 -27944.187371
    54.798226 -27945.100790
   105.188152 -27946.997626
    68.865955 -27940.236266
    72.999765 -27946.326578
    68.827714 -27940.946499
    63.653129 -27945.663878
    52.325468 -27938.257993
    63.565172 -27949.089494
    50.035265 -27939.592903
    57.904741 -27946.695770
   101.920208 -27945.217401
    89.321662 -27948.350763
   108.700663 -27947.859463
    71.344507 -27949.210309
    94.727691 -27941.220825
    69.115133 -27947.739970
    69.954902 -27944.355957
    71.359270 -27942.587596
    73.736550 -27944.291702
    71.811856 -27944.805929
    66.394061 -27945.230291
    88.993183 -27943.005992
    86.783928 -27943.792471
    82.157337 -27935.313115
    86.654065 -27944.741377
    80.871628 -27943.520445
   108.671291 -27943.826625
    69.843449 -27947.277223
   100.786226 -27937.753610
    60.624466 -27944.303920
    69.850516 -27947.234201
    79.845385 -27941.014526
    79.389797 -27942.320614
    68.859147 -27947.403676
    72.606012 -27940.832188
    88.095866 -27942.483597
    85.943958 -27952.397485
    94.894836 -27947.310228
    96.357165 -27945.583103
    89.048667 -27941.784210
    81.279458 -27937.887167
    74.869295 -27943.231481
   104.771802 -27938.348589
    58.501078 -27943.134797
    66.562758 -27948.139643
    55.821066 -27949.059928
    91.116944 -27946.587029
    70.057569 -27942.953300
    81.804972 -27944.612065
    83.855606 -27943.812221
    81.119766 -27938.783793
    81.714800 -27941.314641
    78.701601 -27945.925230
    68.155194 -27945.492280
    84.702751 -27942.069493
    64.948422 -27947.759769
    85.018563 -27951.353102
   123.840549 -27940.275288
    49.444773 -27947.369817
    86.207632 -27942.300830
    87.435445 -27943.237061
    85.832996 -27943.840245
    87.910963 -27941.078056
    75.082507 -27941.812330
    74.847075 -27937.887622
    95.561300 -27942.739862
    74.867231 -27947.336831
    61.589645 -27950.441952
    95.077499 -27940.822302
    78.511312 -27945.838522
    57.168405 -27939.063815
    67.763756 -27945.952763
    78.577371 -27943.470198
    51.822408 -27945.465906
    70.381527 -27948.141038
    75.149020 -27946.952441
    93.276905 -27941.366214
    73.881310 -27948.631256
    88.332922 -27942.157396
    81.396271 -27949.801522
    87.286811 -27952.625101
    94.072823 -27939.624252
    53.513685 -27948.958986
    61.262366 -27950.791454
    73.621504 -27946.811039
    78.814673 -27950.122966
    72.445335 -27944.991925
    63.197083 -27951.523330
   100.116554 -27948.208535
    69.135696 -27946.302769
    55.665886 -27938.945644
    83.753791 -27937.472496
    71.491321 -27945.579036
    66.024898 -27939.032272
    73.446859 -27941.826571
    72.971196 -27943.306474
    57.386773 -27950.926093
    70.306855 -27945.090383
    60.493824 -27951.543454
    71.102329 -27950.283114
    84.089716 -27940.580361
   116.513210 -27947.908495
    82.531334 -27943.417221
    75.045356 -27941.761547
    75.416224 -27943.741527
    83.049521 -27944.779074
    70.915272 -27949.350149
    67.685508 -27945.582816
    75.938943 -27947.854106
    78.119815 -27947.797452
    90.002841 -27943.859964
    62.182453 -27938.857242
    61.673116 -27934.171411
    54.540563 -27944.838879
    61.485686 -27947.315399
    67.922846 -27943.875552
    91.919295 -27950.294293
    52.900788 -27943.959814
    75.640987 -27943.453244
    64.339082 -27937.483891
    65.093597 -27942.277766
    88.041665 -27940.011645
    67.218386 -27939.668022
    70.843941 -27937.364486
    74.772768 -27940.159157
    66.222347 -27939.871164
    91.629288 -27949.284732
    89.565869 -27943.177073
    83.513285 -27939.379138
    69.491701 -27940.834676
    68.653236 -27947.402428
   106.017280 -27942.139347
    84.123111 -27943.055590
   106.182736 -27938.491240
    74.723661 -27942.099869
   110.608273 -27948.976183
    90.691322 -27944.903478
    92.016892 -27940.562989
    70.656407 -27948.030922
    82.596280 -27943.487106
    75.461731 -27942.952835
    63.830626 -27952.094569
    61.623756 -27946.434258
    60.098994 -27939.162344
    69.182102 -27938.817386
    69.011400 -27944.658168
    72.566128 -27941.510790
    83.996906 -27955.152462
    54.344843 -27943.408697
    97.425569 -27952.414944
   102.286379 -27943.524686
   110.195794 -27939.731382
    67.431228 -27941.949616
    70.753334 -27947.296322
    86.542669 -27945.260996
    73.069323 -27943.186778
    50.856472 -27943.318392
    66.682746 -27950.205130
    95.905741 -27937.661410
    74.726665 -27948.676074
    44.367972 -27948.428347
    83.398472 -27940.712845
    77.885966 -27940.611982
    61.258829 -27942.495844
   100.829131 -27946.210739
    77.850827 -27944.140559
    95.037473 -27943.391653
    51.489241 -27947.272705
    54.441614 -27945.125683
   101.468651 -27942.107122
    76.359642 -27945.255051
    85.690129 -27947.102705
    61.738522 -27935.448441
    71.168258 -27945.214769
    64.078890 -27951.914780
    75.467842 -27942.077001
    59.095280 -27943.431362
   111.549477 -27943.300303
    81.864275 -27939.963974
    85.380781 -27953.433193
    83.337772 -27944.709877
   104.742672 -27945.328677
   104.134547 -27948.817262
    84.502237 -27942.269960
    60.330368 -27943.304993
    59.602075 -27941.819819
    87.341198 -27952.875120
    62.892173 -27947.356350
    89.708333 -27943.361652
    92.951634 -27941.203019
    80.053923 -27940.751916
    95.437242 -27940.954193
