0.870476 0.894673 1.232425 1.154933 1.218550 0.810045 1.036410 0.857288 0.795825 0.953221 0.850216 0.888071 1.193749 1.139979 1.147598 0.934984 1.194502 1.240368 1.121468 1.072903 0.888013 0.817239 0.999525 0.859110 0.911149 
1.004724 0.970651 1.246315 0.961319 1.003654 0.896885 0.861276 1.256634 1.243476 0.869141 0.842757 1.246523 1.008570 1.067578 0.864091 1.019823 0.987465 1.131038 0.889957 1.247520 0.795481 0.849430 0.845855 1.218787 0.911089 1.078759 0.805873 1.236541 0.942934 0.799040 1.191795 1.048200 1.067434 1.032817 0.835718 
1.054717 0.863874 0.911050 0.825495 1.218764 1.101509 0.802735 1.098738 0.820250 0.795594 1.191301 1.247520 1.080553 1.082121 1.168459 1.069492 0.800015 0.955499 1.004575 0.873487 1.134260 1.252047 1.064737 0.829637 0.961384 
0.964045 1.171345 1.099244 1.021593 0.799312 1.249020 1.020387 1.192254 0.840931 1.016431 0.933001 0.944126 1.253566 0.942600 0.812743 1.018760 1.217188 0.993996 0.828367 0.796110 0.851951 0.928022 1.041071 0.865494 1.140693 
0.951361 0.844863 0.894948 0.814367 1.195031 0.849864 0.796110 0.802127 0.980460 1.252306 1.247002 0.876306 0.991002 1.069805 1.028470 1.082963 
1.072331 1.246169 0.992160 0.894779 0.800057 1.013918 0.819227 0.817456 0.929338 1.188675 1.024291 1.236994 1.037696 1.158318 0.944982 1.110372 1.143379 0.849460 0.816028 1.097717 1.196579 0.881158 0.871541 0.868166 1.100410 1.176961 0.831352 
1.083552 1.254593 0.840633 1.054117 0.800057 0.913650 1.032576 0.891654 1.234724 1.035511 0.928175 0.929997 0.844620 1.104365 0.963357 0.958736 0.864435 1.077654 0.961339 1.066378 1.251981 0.885846 0.994253 0.909895 1.109100 1.134426 0.831974 1.145353 1.026423 0.855302 0.924289 1.110551 0.822608 0.917613 1.147283 1.230192 0.794825 0.801000 1.242644 1.078108 0.908851 1.041092 
1.001842 1.254593 0.814390 1.237835 0.883647 0.836997 0.878086 1.065495 0.867200 1.182930 0.905214 1.139651 1.209651 0.891711 0.894221 0.867081 0.810622 1.121203 0.996777 0.818529 0.909707 0.812885 1.184221 0.911040 0.830727 1.254078 1.213933 1.111203 0.816055 0.905436 1.142229 0.888631 1.224664 1.086239 1.013531 0.962809 1.173769 0.868532 0.960154 0.930817 1.079417 0.814340 0.987726 1.212082 
1.101231 0.799355 1.022185 1.253199 1.021578 0.947683 1.131394 1.059760 1.182462 0.969761 1.173823 0.887543 0.798403 0.858509 0.805840 0.803403 0.845776 0.980455 0.937784 0.912338 1.080879 0.981845 
1.184614 0.794912 0.804904 0.860813 0.935025 1.004346 1.223271 0.920201 0.794540 1.243861 0.929279 1.102038 1.153255 1.222009 0.816447 1.255840 1.036552 0.915359 1.258654 1.119669 0.983519 0.968466 1.089374 
1.111238 0.856497 0.804904 1.040775 1.096479 0.900636 1.243861 0.805806 1.254011 1.125674 1.133416 1.253585 1.005453 1.043953 0.987294 1.074940 1.068113 0.988279 
1.112139 0.882402 0.807530 1.175263 0.825855 1.094259 1.224497 1.120932 0.799216 0.936113 0.862489 1.214762 1.033029 1.245021 1.235822 0.868860 0.892009 
0.970921 1.233457 1.257531 0.842358 1.145752 1.189578 0.798931 1.208726 0.807398 0.909441 0.990816 1.038115 0.906348 1.253249 0.818384 0.841170 1.030158 0.940754 0.816683 0.956057 0.922993 0.974540 
0.801467 1.219975 1.257531 0.815424 0.987610 0.820355 1.149265 1.125180 1.200237 1.015081 0.873915 1.061927 0.896965 1.250304 1.224540 1.106223 0.847483 0.837604 0.992086 1.197750 1.098828 1.175191 1.011067 1.007819 
0.882923 0.836267 1.257586 0.815424 1.231911 0.838288 1.177651 0.899928 0.856544 1.172547 0.951546 0.872477 1.015399 1.029683 0.907585 0.800196 1.195186 0.825842 1.248060 1.081117 1.127624 0.813126 0.927069 1.063482 0.987348 0.999060 1.163186 1.133066 0.885198 1.143462 0.951441 0.871850 1.013821 
1.189298 1.196477 1.122981 0.945789 0.960922 1.221086 1.047792 0.804079 1.141988 0.992647 0.861845 1.243084 1.029418 0.821696 1.257300 0.833744 0.922744 1.150861 0.797057 1.198938 1.188839 0.799786 0.818890 0.968508 0.902382 0.989347 
0.822117 0.815499 1.245604 0.854195 0.902486 1.018004 0.819113 0.807556 1.207971 0.821020 1.251107 1.116637 1.136815 0.835869 0.850087 0.813565 0.840734 0.888988 1.017942 1.038731 1.137791 0.894371 0.983060 0.860598 1.119688 1.102429 0.805152 0.885109 1.226414 0.893505 0.810621 1.052187 1.115044 1.011952 0.881743 
0.835974 0.807332 0.937191 1.243371 1.151938 0.856341 0.979807 1.165461 0.962886 0.894296 1.222579 1.230941 0.814010 0.828135 0.943262 
0.977407 1.149991 1.189392 1.246476 1.017304 0.801884 1.000415 1.229962 0.807075 1.139351 1.222579 0.917859 1.252704 0.860030 1.240344 0.982723 1.103677 1.213887 0.913967 1.101221 0.869850 0.908467 1.037345 0.879869 0.804713 0.996054 0.902658 1.131367 0.806024 1.043247 1.202629 1.129019 0.989552 0.825734 1.232020 
0.818812 0.917186 0.807574 0.802788 1.258272 0.945528 1.251322 0.817542 1.186950 0.939577 1.126997 0.848291 1.131363 0.988518 1.192976 0.972425 0.814113 1.192340 0.968862 1.179325 0.877499 1.176364 0.852977 1.122149 1.151742 1.098029 
1.024709 1.182989 0.839902 1.146130 0.846799 0.872931 0.900597 1.233233 0.942126 1.245320 0.940087 0.848291 0.803006 1.163965 1.047944 0.957367 0.833904 1.239443 0.803017 0.880877 1.093349 1.199207 0.886691 1.181069 1.084761 1.253641 1.163756 1.043137 1.167912 1.163448 1.149630 0.843248 1.099066 1.104137 0.994484 1.124282 1.112507 0.884970 1.196758 1.125736 0.808442 0.924575 1.008543 
1.114804 1.049396 1.042891 0.853148 0.966275 1.054833 0.805948 0.812747 1.019969 1.244846 1.024195 1.074067 0.803006 0.993270 0.915381 0.929524 0.859793 1.239443 1.019867 1.125010 0.984677 0.875105 1.009019 1.097992 
0.833794 1.215745 0.834513 1.235754 1.098951 1.236175 0.814225 1.214141 1.095751 0.945823 1.208677 0.963015 1.005498 1.072403 0.795743 1.129934 1.030126 1.232411 0.874217 0.916265 0.811214 
1.255780 0.817440 1.157644 0.816149 0.795743 1.056292 1.027527 0.875713 1.221127 0.800524 0.833373 1.022384 1.097391 1.027729 1.079842 0.875610 1.015205 0.801487 0.897110 1.005573 1.182038 1.200156 0.953084 0.915187 1.210569 0.904066 0.905091 0.933157 1.120046 1.047970 1.220425 1.061060 1.065854 0.951969 1.033359 0.968297 
1.031203 0.956213 1.153293 0.825816 0.849634 1.067947 1.251756 1.126404 1.221127 1.023800 0.805873 0.967517 0.999600 0.821751 0.826735 
0.963635 0.898268 0.814325 0.861854 0.815769 0.870175 1.257890 0.879043 0.962846 1.015760 1.103914 0.845251 1.237617 0.884151 1.079625 0.985434 1.022573 0.844908 0.833836 1.080510 1.145264 1.181879 0.972384 1.089169 
1.139832 1.160252 1.179565 1.234870 1.236299 0.879844 1.245510 1.139498 1.218534 1.079655 0.998042 0.825486 1.237617 1.232509 0.936151 1.004140 0.814029 1.009471 0.881515 0.794920 0.806553 0.852581 0.837931 1.115976 1.073490 0.876911 0.969533 0.943473 1.049210 1.023866 0.879452 1.201561 1.181995 1.042708 0.936048 0.946220 1.093552 0.910163 1.052625 0.948201 1.127251 0.902361 1.171459 0.815470 
0.818006 0.948944 0.807753 1.230860 0.846974 1.251034 0.988833 1.249328 1.031592 1.115350 0.933499 0.955209 1.243178 0.834842 0.893258 1.146828 
0.798472 1.176873 0.801316 1.034891 0.849419 1.173710 1.017759 1.070205 1.252133 1.228341 0.943309 1.221224 1.256836 0.911987 1.256568 1.059415 1.126079 1.189080 0.958375 1.119133 1.135585 0.985411 
0.798782 0.802855 0.887374 0.820708 1.129237 0.953384 0.800076 0.998844 1.155932 1.223962 0.903628 1.230782 1.230517 1.123466 0.880381 0.806401 1.085923 1.251152 0.904039 0.834993 1.033359 0.917670 1.109069 0.803472 0.950040 0.890118 0.857753 1.076016 1.195999 1.242006 1.148949 1.032259 0.812978 1.002767 0.918298 
0.822600 1.236462 0.969985 0.851771 1.145286 0.799828 1.007865 1.251152 1.101721 1.225066 1.207987 0.796388 0.970345 0.806831 0.872889 0.977555 1.153487 1.051772 1.043509 0.993774 1.226639 0.829662 0.800107 0.904232 1.174263 1.048611 1.165314 0.823346 
0.799840 1.050132 0.955564 0.795419 1.227828 1.233136 0.857762 0.876165 1.254300 1.173150 0.817617 1.060103 0.990860 1.074087 0.899982 1.215926 0.991015 1.041454 1.169814 1.166877 
0.809061 1.247966 0.937017 0.795419 0.871783 1.203379 0.812935 1.086259 1.254300 0.933150 0.809278 1.230482 1.044279 1.089806 1.216072 0.925119 1.256619 0.871688 0.890909 0.995244 
0.835397 1.001971 0.985731 0.890685 1.119176 1.150643 1.193264 1.202824 0.813121 0.903043 1.226028 1.230482 0.851156 0.962047 0.835169 0.950132 1.023399 1.097271 0.904615 
0.816983 0.830618 0.947959 0.979200 0.812989 0.812731 1.239592 0.812180 1.103976 1.000903 0.873888 0.918914 1.164080 0.939991 1.255951 0.870526 0.948625 1.252817 1.236719 1.013211 0.852592 1.051214 1.179037 1.241002 0.827456 0.886529 0.795264 1.031979 1.087138 
0.979442 0.809457 0.867292 0.805227 0.800610 1.013924 1.005560 0.918260 1.194441 0.990221 1.103826 0.944527 0.836493 1.245125 0.868051 0.849543 1.100931 1.219245 0.961828 0.842863 0.819560 1.044568 0.835952 1.102434 0.968017 1.011404 1.000579 1.168831 1.228462 0.945592 0.822273 0.817806 0.916356 0.864100 
1.125933 1.144657 1.253730 0.806812 1.167247 0.913800 0.850574 0.886710 1.193053 0.800497 0.825366 0.846032 1.254289 0.902784 0.806331 1.031004 1.231409 1.069183 0.918230 1.202033 0.934068 1.036188 1.097074 1.070332 0.986356 1.065237 
0.873517 1.159147 1.247912 0.956552 1.200962 0.805951 0.887983 0.979111 0.832039 0.800171 1.141114 0.802313 1.146922 1.020415 1.076218 0.852490 0.951188 0.827697 1.149974 0.807599 1.249168 1.132005 1.217287 0.892411 1.150193 0.969133 0.854447 1.133635 0.824433 1.155873 1.014850 0.928037 0.951565 
1.023171 1.064630 1.247912 0.804717 1.255030 0.908238 0.795047 0.797225 0.883995 1.151893 1.072687 1.140827 1.080095 1.122870 1.128049 0.937242 
1.161151 1.169972 0.848328 1.250999 0.924575 1.064030 0.864607 0.804689 1.232469 1.051327 1.041404 0.882409 0.985355 1.228707 1.165228 1.004310 
1.186612 0.978301 0.956652 0.905999 1.157940 0.823805 1.193500 0.822400 1.230801 1.224101 0.796196 0.794516 0.914548 0.897749 0.966098 0.939760 
0.942224 1.156392 1.045657 0.796196 0.796860 1.097409 0.813118 1.109975 1.230801 1.234785 1.085103 0.806237 1.060940 0.859726 0.867390 
0.795696 1.031651 1.242166 0.952461 0.820488 1.188614 0.840710 0.820225 1.258476 1.203187 1.244274 1.080503 0.975787 1.061144 0.809577 1.190489 1.043860 0.927279 0.986776 1.015399 0.999048 0.946284 0.864135 1.133445 
0.947775 0.916703 1.157770 1.249426 1.102422 0.913770 1.030390 1.094334 1.215268 0.862872 0.840317 0.811673 0.892054 0.988225 0.933311 0.958698 
0.800549 0.999366 0.855598 1.249426 1.050179 0.993461 1.074454 1.128244 0.932541 1.226390 0.872442 0.810898 1.124964 1.028897 0.958239 1.204930 0.978275 1.032909 0.823365 0.984910 0.954832 0.894255 0.858709 0.883211 1.067059 0.861078 0.913642 1.011938 1.021792 0.910126 1.255765 1.080921 0.864083 0.979891 0.914305 
1.114123 1.234846 1.027765 1.249426 0.818653 0.996527 0.988486 1.023247 1.193257 0.810898 0.960816 1.189835 0.844049 0.924580 0.922554 0.923335 0.840603 0.843177 
1.016705 0.855262 0.838720 1.249426 0.835158 0.799370 1.175809 0.799555 1.066662 1.139714 1.109675 0.818157 1.067198 1.167518 0.998015 1.082398 0.812372 0.988074 0.842311 1.078430 0.838375 0.892353 0.969278 1.121156 0.800976 0.809208 
0.847145 0.806243 0.891827 1.249426 0.817251 1.215322 1.149664 1.199230 1.258920 0.798303 1.199995 0.927857 0.948065 1.107321 0.892879 1.083042 1.241330 
0.972607 1.252819 1.093742 1.257009 0.797533 0.929491 1.091719 1.172877 0.822393 1.143980 1.151165 1.111913 1.116431 0.817467 0.931290 0.997323 1.193735 1.056924 0.964956 0.812067 0.933117 1.158006 0.871468 1.078080 1.068606 0.941236 0.984596 
1.024591 1.245142 0.831734 0.988996 1.058975 1.039588 1.180465 1.131144 0.833210 0.802566 0.970105 1.227515 1.093014 1.141249 1.017923 1.105405 0.999786 1.197969 0.956829 0.802166 1.175539 0.909429 0.945477 0.957526 0.926697 
1.101724 0.814410 0.822784 1.238367 0.823861 1.126392 0.871723 1.108717 1.243223 0.802566 1.010009 0.869198 1.094043 0.807369 0.820090 1.081177 0.893548 0.947084 0.967302 1.194995 0.983346 1.116566 1.094413 
0.937289 1.130428 1.012836 1.257764 0.987520 0.796714 1.101561 0.801490 1.243223 0.798494 0.799193 0.836500 1.182729 0.907007 1.158449 1.033536 0.975103 0.874029 1.042824 1.182896 
0.977905 1.207828 0.798867 0.938702 1.258720 1.243637 0.900339 1.025543 0.945772 0.803505 0.941388 0.814175 0.945220 0.885426 1.037684 0.969712 1.140068 1.194771 1.023469 0.974273 1.063095 0.987866 0.864608 0.906027 1.073401 1.173141 1.072579 0.815650 1.109051 0.850683 0.949978 1.163213 
0.800217 0.870843 0.822724 0.809833 1.178616 1.255925 0.907021 0.921119 1.173490 0.841713 0.922449 0.968661 1.121794 0.852472 1.087242 1.107072 1.159672 0.881874 0.999189 0.990488 1.070334 0.915869 1.026647 1.007032 1.191231 1.053831 0.988122 
0.804191 0.806971 1.238418 1.061151 0.800935 1.255925 0.809179 1.208866 1.123585 1.132192 0.856618 0.833914 1.123088 1.121827 0.949641 
1.199828 0.836462 1.162114 0.892512 0.959309 1.244994 0.795107 1.006603 1.080737 1.069994 1.074143 0.878742 0.806485 0.867741 1.153629 0.936831 1.246486 0.804446 
1.128730 0.850494 1.256072 0.888178 1.191061 1.126617 1.087737 0.834352 0.817596 1.214617 0.879511 1.119911 0.800149 1.049251 1.095157 1.152189 1.011179 0.929747 0.953749 0.910854 0.992489 1.165054 0.949649 0.892060 1.105954 1.087436 0.957500 0.820431 0.928093 1.002504 0.984707 0.806057 1.035279 0.817389 
1.149841 1.240927 1.250496 0.810942 0.817952 0.849837 1.139207 0.800032 0.996628 0.837237 1.016151 0.933401 1.088389 1.050602 0.876074 0.859439 1.079002 1.197741 0.998315 1.103283 0.809932 
0.850325 1.221619 1.029166 0.802870 0.847524 1.223041 0.804368 0.872791 1.178037 0.915459 1.180708 0.914237 0.809153 1.138131 0.887597 1.033777 1.161140 0.815032 0.909047 1.083874 0.895507 0.938561 0.986607 1.096705 
0.971295 0.975580 0.916088 0.795702 0.845298 1.251428 1.236779 0.936938 0.944145 1.024468 1.248473 0.798508 1.126018 0.901047 0.932027 1.048309 1.004003 0.931323 1.055863 1.011454 0.842879 0.885862 1.043151 1.148622 
0.821179 1.124131 0.927090 0.795702 0.948334 1.251428 1.199053 1.112517 0.856317 1.156140 0.838754 1.251413 1.033750 0.823966 0.937944 0.901509 1.103508 1.230569 1.153745 0.862959 1.086530 0.864149 0.828234 1.210770 1.216063 1.217508 0.964894 1.038443 0.995437 1.159597 
0.881095 1.033230 1.202003 1.109742 1.105764 1.251428 1.207149 1.092982 0.808527 1.026507 0.794421 0.996189 0.942499 1.221502 0.845249 0.815409 
0.833294 0.803670 1.000291 1.258057 1.192076 1.251428 1.148815 1.194182 1.016446 0.870592 0.852874 1.203936 1.070467 0.941530 1.127207 0.855854 0.937657 1.177645 0.856558 0.856379 
1.253553 0.841638 1.217714 1.236573 0.832918 1.098523 0.963634 0.991592 0.863375 1.243164 0.802175 1.239405 1.008127 1.236551 1.141801 1.254802 0.908392 0.803276 1.037845 0.940687 0.819175 0.821523 0.924682 0.838013 0.934457 0.826271 0.982351 0.835054 1.239927 0.976973 0.921484 0.966561 1.096155 
0.914788 0.891447 0.856998 0.846554 0.835174 0.867500 1.064226 1.210620 1.068108 1.088221 0.798689 1.218168 1.098447 1.046872 0.818403 0.821119 0.923936 0.994907 0.870984 
1.231983 0.798689 1.069127 0.803385 1.004200 1.072453 1.127245 0.864674 0.823354 1.162355 1.106359 1.244253 1.082217 1.049041 0.830426 1.016890 0.841269 0.825343 1.126061 1.044620 1.076002 1.034438 0.837070 0.805526 0.909196 
1.250814 0.835489 1.258904 1.107873 1.130402 1.226610 1.030326 0.951625 0.813409 0.816543 0.817640 0.866667 1.155905 0.847115 0.896506 1.153019 0.849421 0.940500 0.957611 
0.846309 1.039947 1.027872 0.820799 0.887004 1.070267 1.222750 0.925098 1.235757 1.210336 0.794510 0.811442 0.826546 1.242954 0.827861 0.985718 1.048047 1.246196 1.030824 1.141936 0.869711 
1.223024 1.185366 1.242229 0.974331 0.811077 0.794510 1.158641 1.052200 1.228554 0.851318 0.831970 
1.165134 0.910128 1.009104 1.054183 1.023850 1.189796 0.798173 0.805578 0.862339 1.011098 0.878262 1.000163 0.955067 1.114404 0.847127 0.927295 1.232434 1.118067 0.897498 
0.802084 0.810477 0.943111 1.226857 0.888426 1.207438 1.228454 0.807921 0.798769 1.046697 0.882339 1.044655 0.841468 0.866459 0.895710 0.894412 1.074081 1.155656 1.216854 
1.037732 0.967263 0.807087 1.226857 1.052655 1.213317 1.062915 1.063017 0.813520 0.942656 0.856213 1.050333 0.804729 1.005324 0.943421 0.903230 1.116160 1.016527 1.144151 1.038120 1.042211 1.231246 1.143087 
1.167479 1.061607 0.801384 1.045075 1.235410 0.850720 1.012666 1.113041 0.857549 0.802413 0.796190 0.870337 1.251123 1.166995 1.047253 0.907103 0.955335 1.000673 0.988001 0.950175 0.834702 1.188464 
0.988806 0.876854 0.794889 1.240037 1.257630 1.205110 0.894327 1.128200 0.941143 1.003923 0.797836 0.962205 0.805044 0.914701 1.187389 0.901840 0.833881 0.873971 0.924686 
0.935573 0.825208 1.238740 0.827053 1.257630 0.942386 0.886008 1.134348 1.181930 0.796667 0.849968 0.901979 1.205370 0.976008 1.237273 1.248259 1.254324 1.015157 1.025707 1.215475 1.002146 1.011080 1.203769 1.046587 1.246703 0.847545 1.165941 0.927176 1.014859 1.079229 0.840996 0.838067 0.832927 
0.848362 1.100539 0.795786 1.135342 0.819443 0.833591 0.926341 0.999808 0.929992 0.826644 0.922010 0.912087 1.203151 0.805437 1.219516 1.010655 1.164986 0.893167 0.816231 0.863363 1.230416 0.881752 
1.227325 0.902334 0.795490 0.800182 1.102867 1.248776 1.190062 1.015153 0.976176 0.823593 1.022564 0.882666 1.256419 1.242025 0.872020 0.888663 0.813471 0.988655 1.000855 1.103897 0.883263 0.881344 1.244967 0.839663 0.800368 1.145429 1.103361 0.941535 0.953261 1.178630 0.872805 0.842165 1.225730 0.828203 0.831338 1.121717 0.867563 1.072626 
0.940319 0.827894 1.014110 1.243567 0.949680 0.833354 1.105832 0.937558 0.937717 1.005079 1.015136 0.802798 1.248800 0.803261 1.164935 1.207698 1.250834 1.053342 1.064137 
0.801639 1.050301 0.832220 0.802334 1.029051 0.920301 0.803221 1.251079 0.979410 1.214145 0.976371 1.236746 0.967280 1.169186 1.092377 1.257361 1.022830 0.930663 0.795504 1.006228 0.797709 1.112866 1.233314 
0.855273 0.893909 0.797709 0.800659 1.258924 1.111036 0.815667 1.257282 0.840472 1.188370 1.152994 1.056813 0.908126 1.132368 1.207635 1.078788 0.875797 1.030459 0.936503 1.150024 0.990564 1.007514 0.886643 1.070892 1.158827 1.241232 1.028429 0.844237 
1.079161 0.841283 0.798105 0.813912 1.231168 1.020937 1.098374 0.869799 1.096898 0.870726 1.250943 0.803939 1.221708 0.971150 0.861883 1.164033 1.017608 0.828847 1.092069 1.144983 0.878268 0.868701 1.066972 0.957025 0.818311 1.053257 1.241258 1.146636 0.983361 
1.125114 1.227588 0.797035 1.226328 0.805223 0.831297 1.228395 0.833959 1.152602 0.992250 0.949590 1.001773 0.798051 0.953213 1.147848 1.028705 0.936721 
0.969983 1.082484 1.009373 1.039609 0.795677 0.863258 1.229350 1.183339 1.215451 0.798787 0.949257 1.173176 1.044066 0.856052 1.003219 1.170232 1.203099 1.087482 0.915485 1.174055 0.929103 1.232993 0.938072 1.043167 0.957589 0.943359 0.813625 0.915880 
0.852168 0.797941 0.951719 1.002936 0.795247 1.053444 1.229350 1.085347 0.826451 0.926014 1.144386 0.820190 1.236084 0.856052 1.135922 1.111029 0.889946 0.843688 
1.088788 1.091710 1.252171 1.232404 0.795247 0.922304 1.240902 0.863426 1.225315 0.891576 1.219012 0.987057 0.997302 1.229131 0.848239 0.845569 0.814794 1.227505 1.103417 1.058495 0.851328 0.822907 1.115898 1.022175 1.199606 0.804168 1.158591 1.003726 1.027407 1.054583 
1.148682 0.796605 0.915582 0.902079 1.255492 1.158076 1.252162 0.962225 0.831453 1.232220 1.028896 0.812202 0.812191 1.040051 1.127139 1.104562 
1.107238 0.796605 1.043388 1.147226 1.256261 0.876653 0.948373 0.800793 0.863282 0.834409 0.834630 1.056588 0.928497 0.922574 0.801573 0.907085 1.063747 1.003817 0.930540 1.166117 1.091992 0.943661 0.959354 1.243854 0.836022 1.249986 0.860173 0.998806 1.082234 1.243767 0.876671 1.097625 0.893602 0.835282 
0.799606 0.796605 1.031400 1.256398 0.952813 1.199650 1.172392 1.031737 1.189127 0.925619 0.825099 0.917471 1.020727 1.087125 0.974778 1.201132 0.950984 1.243829 1.197197 1.164435 1.130295 0.967172 1.100166 1.121946 1.040168 0.912972 1.229819 0.893368 0.980211 0.931966 1.108046 0.847629 1.245842 
0.800530 0.796605 1.224247 1.247429 0.956284 1.233159 0.828920 1.255447 1.167224 0.893975 0.887214 0.926530 0.985591 1.044605 0.999442 0.913273 0.860435 0.837276 1.003914 1.211340 1.126414 0.866899 0.917460 0.861340 1.044983 1.174453 
0.799389 0.800950 1.247520 1.077922 1.030239 1.225979 0.884572 1.255447 0.842096 0.973898 1.032333 0.958655 0.977519 1.134453 0.800099 0.958185 1.069577 0.823919 0.939057 1.076227 
0.900530 0.797303 1.248365 0.842348 0.913431 0.858141 1.009609 1.255447 1.121138 0.795353 1.218550 0.917925 0.855299 0.813040 0.996552 0.908558 0.878181 0.841520 0.997433 0.846200 1.108530 1.125201 1.221710 1.004033 1.198839 1.144730 
0.880323 0.822683 1.187941 1.073166 0.971115 1.056880 0.840577 1.255607 0.797329 1.126698 1.148940 0.993377 1.136308 0.880954 1.059479 0.879867 0.819966 0.800581 1.053890 1.089587 
1.061194 0.881478 1.091006 1.227816 1.015310 0.800952 0.795772 1.255607 0.812716 1.029852 0.908427 1.087832 
0.807828 1.153142 1.093508 1.005143 0.864253 0.819256 0.804755 0.842054 1.160100 0.861420 0.944272 0.844319 0.968495 1.236624 1.234075 0.830885 1.098552 1.185074 0.861182 0.804126 0.872514 0.819112 1.138974 0.957466 1.009376 1.041118 0.834418 0.809557 
0.945047 1.151114 0.804126 1.256876 1.228271 0.918548 0.870539 0.904168 0.797803 0.980257 0.855630 0.903490 0.851113 0.998202 0.976186 0.807495 0.817967 0.919011 
0.813029 1.015395 0.804126 0.944597 1.213719 1.103162 1.208781 0.997036 1.228162 0.832900 1.162769 1.127037 1.064316 0.931034 0.898537 1.044699 0.802650 1.189585 1.240058 0.988222 1.111109 1.184609 1.129606 
0.802434 1.243588 1.047575 1.226572 0.823466 1.250352 0.957687 0.831153 1.032315 1.148390 1.079009 0.942340 1.246686 0.816212 1.153189 1.026384 0.893431 1.068826 1.203373 1.015131 1.078006 1.130864 1.151653 0.815523 
0.882718 0.841882 1.087481 0.834982 0.960852 1.231749 0.820717 0.804314 1.161302 0.813758 1.079969 0.923551 0.817457 1.148842 0.994283 0.805749 1.057381 0.838795 1.200273 0.877309 0.809684 1.137975 1.154807 1.000829 1.221289 
1.025072 0.999153 0.971602 1.212510 1.038925 1.239873 0.864901 0.806246 1.126208 0.933851 0.899207 1.129393 0.995305 1.010308 1.083562 1.133448 0.854827 1.235910 1.120061 1.072921 1.070664 0.948906 0.946313 1.047640 0.837974 
0.865502 1.210212 0.802498 1.024377 1.186552 1.223877 0.996698 0.821598 0.970585 0.863488 1.084181 0.817918 1.248663 1.082448 0.881944 1.239386 1.073273 0.963650 1.032406 1.063157 
0.808805 0.826374 0.802498 1.242408 0.844943 1.223877 0.891346 1.047684 1.195046 1.232228 0.967815 1.235792 1.209700 0.937013 0.879389 0.829550 0.866944 0.947000 0.960463 0.795270 1.017745 0.810208 1.241658 1.201896 1.205469 1.218949 0.919928 1.257797 1.253562 0.878040 0.997915 1.021493 0.857120 0.907470 1.037407 0.804451 0.888604 
0.808805 0.954897 0.820430 1.257402 1.079407 1.239706 0.967344 1.011133 0.961657 0.870805 1.258110 0.807885 1.056557 0.868146 1.175599 0.976141 1.174092 0.830665 0.987782 0.899557 0.795711 1.073244 0.866058 1.120398 1.179039 0.847322 1.101567 
0.808805 0.798193 0.979688 0.795711 1.174311 0.907844 1.043769 0.950792 1.030661 0.806309 1.258110 1.253445 1.006726 1.199277 0.896606 0.875394 0.800745 1.222914 1.225297 1.173195 
0.918771 1.021977 1.253445 1.021086 1.258285 1.134930 0.971277 1.242090 0.802645 1.215491 0.869943 1.231969 
1.007244 1.123570 0.914232 1.199437 1.224813 1.247845 0.882950 0.795719 1.173849 0.827668 0.828469 1.014176 0.953983 0.837144 1.089018 0.854941 1.171110 0.905314 1.168498 0.896870 1.184933 0.950337 1.000564 0.859013 1.194549 0.844177 0.883137 0.801414 1.159824 1.152285 1.169098 1.051418 0.937055 0.879863 0.818841 
0.917398 0.912346 1.156430 1.179203 1.248802 0.841138 0.891099 0.795915 1.126311 1.095903 1.116026 1.256245 1.088925 0.856154 0.820661 1.046981 1.016119 1.005169 0.801986 1.191194 1.241745 1.224852 0.802262 0.933249 1.009893 0.863754 1.028305 0.848677 0.979806 1.064239 1.022544 1.144578 1.028159 1.218077 
1.010477 1.107892 0.871662 1.191782 1.164554 1.006499 0.833212 1.073067 1.185202 1.257477 1.223211 1.192707 1.202702 1.219165 0.797809 0.868265 0.952899 0.797151 1.119441 1.049621 1.203860 1.160482 0.998293 0.910437 1.248467 0.956593 0.856962 0.981367 0.906254 0.972640 0.967602 1.073576 1.258471 1.060174 0.934286 0.854469 0.993000 1.027858 0.932792 1.004340 0.905274 1.167705 0.863863 0.836944 0.864754 0.799619 0.811395 1.127816 0.962652 0.866922 0.843849 1.020474 
1.040547 0.852167 0.806694 0.910607 1.258471 1.143344 0.915169 1.120330 0.922460 1.042328 1.007770 0.816165 0.955715 1.219165 0.805556 1.097090 0.886768 0.992566 0.973567 0.814339 1.041632 1.016278 0.808269 1.058915 0.973835 1.243563 0.940742 0.803987 0.948898 0.974102 0.953161 1.033447 0.911189 0.824327 1.128018 1.133341 1.112975 1.143561 0.913879 1.125100 1.221134 0.956923 1.025784 1.183133 1.117437 0.928294 1.130797 0.871322 
1.083669 0.908199 0.922353 0.856122 1.258471 0.914837 0.867766 1.003409 0.932535 1.078804 0.805219 0.968970 1.256610 1.112923 1.035969 1.086187 0.969619 0.958414 0.799222 1.163075 0.869634 0.981690 0.884401 1.043708 1.111485 0.909475 1.065951 0.802885 1.211681 1.023661 
0.822438 1.202225 0.828236 0.835572 1.258471 1.000937 0.811435 1.006201 0.883177 1.143894 1.108122 1.244351 1.210039 0.803026 0.820906 0.827928 1.035894 0.990369 0.904172 0.858288 0.823179 1.211240 1.000323 1.157475 
0.932777 1.186882 0.797446 0.919767 1.016478 0.797926 0.991646 0.825539 1.248229 1.043736 0.908737 
1.250588 0.809612 0.860820 0.853337 0.947790 1.008553 0.933686 0.799834 1.256304 1.066707 1.073718 0.939725 1.146007 0.796950 1.052449 0.934722 0.916985 
1.226700 1.244241 1.074529 1.078685 1.218830 0.832797 0.890174 0.913566 0.826099 0.804689 1.006291 0.873199 0.875756 0.821042 0.814908 1.239249 1.076180 0.810293 0.889635 1.010233 0.870994 0.878469 1.062980 
1.239438 1.057427 0.988767 1.221428 1.257745 1.145607 0.876920 0.882694 0.798274 0.986994 0.911875 1.029448 0.817786 1.102087 0.811624 1.108489 1.175052 1.048038 0.861555 1.171020 0.828273 0.826739 0.911373 1.254501 0.960600 1.029498 0.819103 0.859662 0.952676 0.917496 1.076499 1.031217 0.823505 0.897317 0.984285 1.099240 0.988224 0.839124 
1.243010 0.890005 1.075243 0.870756 1.038546 0.796045 1.058952 0.830109 0.811328 0.997959 1.011207 1.076783 1.160061 1.042961 1.023069 0.845628 0.826739 1.011573 1.207233 1.188084 1.202806 1.020807 
1.243010 1.097010 0.823181 1.106029 1.018090 0.811129 0.972040 1.140600 0.938651 1.036035 0.963449 1.201247 0.816438 0.798394 1.028686 1.027540 0.844305 1.229256 1.144413 1.074727 1.003470 0.973427 1.079378 1.134419 0.979700 
0.797784 0.955839 1.258096 1.130977 1.226750 1.243312 0.821553 1.206835 0.883053 0.830488 0.817161 1.136167 0.830479 1.228291 0.817952 0.822614 0.938577 0.808237 
0.898436 1.247641 1.258096 0.882046 0.840815 1.104307 0.803584 1.108008 0.847925 0.880332 0.881601 0.808237 0.808152 1.042268 1.248878 1.229246 1.162669 0.911224 0.836852 0.835735 1.023520 1.020005 0.887455 
1.245158 1.249518 1.190594 0.808397 0.805114 1.236654 0.931864 0.941333 0.979287 0.877064 0.878955 0.868910 0.820481 0.870952 0.800748 1.032331 1.221979 0.847540 0.808997 1.201167 0.949366 1.031583 
0.966627 0.797205 0.808997 1.069368 1.240550 1.018670 0.865112 0.971330 0.881057 1.251822 0.802304 1.027829 1.218790 0.829664 0.796086 0.972577 0.881537 1.154639 0.794419 0.866911 1.097704 1.084549 
1.239629 0.836966 0.861590 1.035431 1.253574 0.901283 0.817146 0.823591 0.798325 1.060263 0.847756 1.158629 1.242039 0.902933 1.216432 0.897578 1.011211 1.162994 0.972527 0.814768 0.833486 1.190439 0.937052 0.893044 0.957272 0.823678 1.169167 1.090624 0.829776 1.233950 0.830344 
0.867294 1.114517 1.049574 0.797354 0.855384 1.111809 0.938270 0.923754 0.798325 1.242964 1.175017 1.014112 0.888015 0.830649 1.069593 1.203445 1.056501 0.794853 0.853425 0.992594 1.247818 0.891079 0.891276 0.984093 1.139009 0.947880 0.864324 
1.255800 0.800040 1.159258 1.094297 0.808095 1.109928 0.978217 1.027172 0.993191 0.809224 1.238331 1.210909 0.875075 1.121850 1.108018 0.953960 
1.255800 0.800040 1.053971 1.250101 0.859506 0.822790 0.930039 0.977107 1.137024 0.983270 0.813058 1.216097 1.064320 1.187260 1.168797 0.866383 1.001282 1.056669 0.840453 1.040480 1.042268 
0.801481 1.015654 1.110338 0.796877 0.854312 1.255861 1.246204 1.080266 1.193989 0.850495 0.800660 1.007918 0.851272 0.903069 0.916154 0.930290 1.115371 0.857980 0.949364 0.896470 0.841501 1.037053 
0.802901 1.151878 0.888474 0.802989 0.979083 1.256953 1.093709 0.912285 1.154256 0.797005 1.246651 1.042111 0.863155 1.162881 0.904259 0.886417 0.899065 0.831401 1.133434 0.929984 
0.936066 0.796518 1.221796 0.802989 0.823932 1.256953 0.869843 0.834797 1.035615 1.134994 1.020772 1.053428 0.922671 0.877017 0.985102 1.085474 1.162797 0.900477 0.932384 0.970767 0.959033 1.179715 1.238351 0.935186 0.834595 0.859016 1.044552 0.966349 1.117113 0.831097 
1.032563 0.796518 1.088506 0.802989 0.996246 1.256953 1.004359 1.041779 1.184688 1.212601 1.243151 0.807435 0.875026 1.189855 1.237673 1.165672 1.224911 0.921296 1.209011 0.818545 1.037575 0.848225 0.956242 1.006662 
0.826956 0.795207 0.802323 0.852899 1.228439 1.256953 1.105117 1.250200 1.157071 1.099515 0.896714 0.853380 1.060323 1.032619 
1.050053 0.795534 0.802323 0.879564 1.095745 1.256992 1.258210 0.838763 0.856556 1.227027 0.871771 0.883320 0.879568 1.073082 1.026903 1.077719 1.072599 1.241383 0.919971 0.796221 0.947410 1.164610 0.834251 0.822051 1.081241 1.078812 0.906912 0.898212 1.184808 0.943530 1.011097 1.006278 
1.238137 0.810630 0.818729 1.124052 1.024404 0.954276 0.838724 1.050814 1.090289 1.070375 1.232996 0.796221 1.130408 1.155230 1.227117 0.973505 0.896896 1.025033 1.066059 0.995281 1.167563 
1.088543 1.110558 1.140585 0.912371 0.900631 0.884182 1.050857 0.813646 1.184429 1.191693 1.225605 0.812004 1.052574 0.938212 1.141886 0.849681 0.985563 1.041120 1.039048 1.161896 0.830068 0.844940 0.829588 1.073771 1.224937 0.868633 0.805140 1.006167 1.006130 1.055564 1.111579 0.881894 0.832898 0.876906 1.104529 0.854327 1.169037 0.952782 1.132621 1.048832 0.904523 0.894968 
0.807707 0.814303 0.971149 1.141228 1.023605 0.838860 1.097035 0.816602 0.861976 0.860630 1.250369 1.241413 1.215082 
0.796350 1.243817 1.185736 1.108892 0.857113 0.852786 0.838008 0.881097 1.022948 1.218493 1.242698 0.851401 1.204646 1.231031 0.926084 0.865502 1.067339 0.892078 1.012786 1.036242 
1.159838 1.210170 1.252488 0.797186 0.795811 0.984923 1.139449 1.255023 1.254549 0.859695 0.988672 0.849973 1.001191 0.824883 1.172407 0.844242 
1.215988 1.049312 0.853617 0.802750 0.795811 0.928534 0.939609 1.249074 1.155341 1.181610 1.175949 1.011916 0.923248 0.932758 0.953380 1.056992 0.859750 1.099030 0.890962 1.069910 
0.891305 0.804417 1.125713 0.902164 0.807132 0.963256 0.974148 1.237493 0.816189 1.208877 1.254639 0.962669 0.933099 1.070101 1.048373 0.908996 0.983642 1.077874 0.918313 0.799881 1.187650 0.923013 1.198713 0.930775 0.912621 0.934061 0.951153 1.167000 0.991939 0.981865 0.973810 1.229206 
1.130194 1.072906 0.853423 1.144596 0.852921 1.104014 1.026174 1.237493 0.816189 1.180727 1.254639 0.898021 0.799645 1.170318 0.841580 1.156789 1.132708 1.255465 1.067443 0.986435 0.887682 0.868223 1.040084 0.908619 1.122779 1.143050 1.126609 0.794995 0.806963 0.873266 1.015619 0.931402 
0.938696 0.945975 0.867821 1.022062 1.145090 0.898614 1.236094 1.237493 1.007791 0.919559 1.254639 0.839321 0.799645 1.155963 1.003751 0.920968 0.857688 
0.950086 1.146547 0.832093 0.799645 1.015818 1.147399 1.255416 1.155892 0.955986 1.075873 1.207844 0.820199 0.971617 1.092049 0.831465 0.795902 1.244423 0.892787 1.217253 1.184252 0.996236 0.932742 1.048102 0.796428 1.050360 1.055156 
1.153331 1.066441 0.969069 0.796584 0.864241 1.142489 1.255416 1.050354 0.841697 1.090956 1.207844 1.025967 0.876911 0.821027 0.944580 0.931298 0.968157 1.060624 0.878830 
0.799627 1.249529 1.101821 0.796584 1.066800 1.098603 1.255416 1.164206 0.865934 1.029681 1.241202 1.059782 1.087534 1.007708 0.794623 0.979569 0.832812 0.990124 1.034370 0.824933 0.944591 
1.206797 1.210457 0.953309 1.042385 0.796367 0.883961 1.255416 1.151070 1.197552 1.101528 1.241202 1.252589 0.958484 0.944507 0.795214 1.192348 0.870931 1.217678 1.016586 0.925941 
1.036867 1.190633 1.010773 0.880493 0.800985 0.992359 1.255416 0.811269 1.190641 1.149145 1.240145 1.012881 1.038028 1.203919 0.830733 1.233125 1.033658 1.094334 0.845960 1.049920 0.888269 1.075511 0.908684 0.947772 1.113723 1.029790 1.071407 0.870751 1.126228 1.174933 1.207590 1.010194 
0.901928 1.237489 1.114302 0.924230 1.225019 1.008701 0.946689 1.141695 1.035540 0.804153 1.240145 0.838801 0.894594 1.006325 1.217513 0.829983 0.931180 1.165766 0.816444 1.024669 1.244092 
1.231069 1.041188 0.949619 0.984653 1.241342 1.091159 0.830632 0.958827 0.963629 0.833318 0.846373 0.869608 1.257422 1.257323 1.076075 0.956638 0.814288 1.024404 1.230259 1.143221 1.087981 1.016350 0.966958 1.050652 1.180858 0.818875 1.105776 1.152008 0.992580 1.108374 0.935704 
0.849733 1.050217 0.798232 0.933995 0.853253 1.224389 1.231887 1.167464 1.098635 0.805120 0.952301 1.223714 1.257422 0.805806 0.917338 1.251875 1.244490 0.838709 1.050251 1.026555 
1.244897 1.065333 1.253954 0.861129 0.843774 0.914056 0.795831 1.170338 1.198742 0.805120 0.818472 0.887332 0.851192 1.025578 0.851916 1.063635 0.892624 0.949768 1.044761 1.119270 1.127491 
1.244897 1.170088 1.041885 0.854497 0.888138 0.827027 1.199708 1.195110 1.172299 0.805120 0.796114 0.823970 1.046948 1.015714 1.127636 1.186402 1.151866 0.922612 1.126047 1.007329 1.157641 1.079163 0.939858 0.972328 0.814695 0.998296 0.836569 0.821920 0.876257 1.085232 1.156385 1.055710 1.022165 
0.836252 1.226538 1.072469 0.967551 0.968137 0.835715 1.139277 0.909347 1.246876 1.073316 0.796114 0.980424 0.982211 0.864987 0.798336 1.223371 1.169972 1.097006 0.913140 1.033391 0.841532 0.815524 1.250218 1.118299 1.048633 0.951551 1.184565 1.096966 0.811482 0.840772 1.000188 1.198819 1.116857 
0.795968 0.943686 0.962935 0.921673 1.043987 0.928019 1.237269 0.893258 1.246876 1.248725 0.898111 1.085871 0.838149 0.840328 0.798336 1.255535 0.794840 0.983425 0.797790 1.127955 0.856809 1.242527 1.151375 1.171438 0.962587 1.118260 0.806354 0.855955 0.891906 1.126656 1.048840 1.120676 0.856275 1.223190 0.799859 0.891252 0.841424 0.817237 1.027018 1.124677 0.836657 0.814173 0.955278 0.994850 
1.128399 1.237704 0.832441 0.930732 1.213035 1.113698 1.020038 0.798144 1.156734 0.811120 1.251273 0.821074 1.094724 0.812014 0.971333 1.255535 0.817370 1.033816 1.016751 1.076112 0.801346 1.098623 1.064649 1.201322 
0.926747 0.858298 0.971200 1.252019 0.966405 1.154748 0.835040 1.009777 1.248464 0.918020 0.884746 0.987454 0.830402 1.156011 1.049594 0.830120 1.032964 0.987522 0.953601 0.803321 1.135746 0.908699 1.056428 
1.197476 0.813359 0.916377 0.820731 1.254642 0.848663 0.798779 1.083940 0.899385 1.184300 0.958735 1.070840 0.826003 1.058875 0.864874 1.251755 
0.811595 0.971472 0.892115 1.015362 1.100250 1.204441 0.849505 0.905925 0.801645 0.795316 0.948903 1.254349 0.806520 1.098895 1.142028 0.848196 0.803107 
0.940117 0.896670 0.818507 1.000495 0.842827 1.244177 1.121931 1.159839 1.254349 1.072928 0.927710 0.891835 0.866524 1.209553 0.916535 1.110748 1.241494 0.810451 1.100659 1.257880 1.032796 0.915642 1.148654 0.803123 1.025315 1.101829 1.216221 1.229629 0.911997 0.833775 
0.965037 1.132973 1.245059 0.825035 1.085197 1.228495 1.056022 0.796570 1.254349 1.005716 0.894581 0.860108 0.844208 1.073152 0.802686 0.838084 0.957699 0.930370 0.893901 0.933963 0.800082 1.099046 0.831083 0.859648 0.994161 0.863414 1.016679 
1.002277 0.809986 1.103842 1.119381 0.805463 0.812634 1.164398 0.824635 1.254349 0.916093 1.204472 0.838772 1.244188 1.202852 0.947778 1.107746 1.236424 1.145973 1.075542 1.069239 1.031123 0.998340 1.158705 1.069566 1.144557 1.211584 0.799487 0.935808 
0.836902 0.795985 1.253136 1.021247 0.813823 1.207934 1.150451 1.067360 1.099678 1.157702 0.870918 1.248192 0.893408 0.973623 1.013996 1.050668 1.251073 0.832236 1.229721 0.866073 0.860330 1.089077 1.178150 1.256629 0.799855 0.905490 1.105776 0.987845 1.090812 0.874615 0.916779 0.952206 0.910415 1.127807 1.197697 0.915317 
0.808855 1.170398 1.225481 1.033881 0.813823 0.944110 1.117588 1.034635 0.866607 0.820861 1.056082 0.818313 1.003870 0.819985 1.252221 0.941223 1.251073 0.965748 0.864093 0.861155 1.129266 1.167975 0.887301 0.809555 1.143808 0.927921 0.919642 0.958078 0.856810 1.137558 1.090838 1.173756 0.900172 
1.010068 1.250915 1.247660 1.052801 1.114245 0.881601 0.801929 0.867349 0.851150 0.808678 0.814888 1.240578 0.886958 0.888771 0.883210 1.022589 1.127664 0.971003 0.892388 1.130946 1.081242 0.924779 0.979358 0.917674 1.087882 0.958525 0.877556 0.981651 0.945287 1.017932 
0.935055 1.236330 1.241566 0.802504 1.194663 0.850198 0.822176 0.916205 1.120660 1.106282 0.877017 0.998209 1.115888 0.897193 1.010720 0.817238 0.968759 1.065272 1.027192 0.872146 1.106646 1.059622 0.925023 0.797052 
0.932467 1.158320 1.221755 0.884774 0.853957 1.208589 0.820927 1.014816 0.798019 1.130000 1.026294 0.876482 0.895207 1.141775 0.934483 0.971487 1.018352 1.007331 1.204437 
0.971477 1.193368 1.222971 1.014658 1.207488 1.248740 0.800818 1.101312 0.798019 0.851555 0.988821 0.956298 1.082585 0.801682 0.854156 1.085708 0.831917 1.166972 0.857482 1.199326 1.063014 0.799273 1.233610 0.862782 0.807920 1.082857 1.067661 
0.805030 0.910239 1.097851 0.815802 1.084624 1.253323 1.101065 1.127586 0.817300 0.801693 1.168179 1.257727 1.098435 0.920090 0.983522 1.176371 1.112028 
0.840044 1.168939 0.803441 0.933203 1.052009 1.253323 0.951762 0.873106 0.794949 1.063701 1.020530 1.170651 0.984446 0.846856 0.958483 0.917003 1.038259 1.177112 0.990653 0.866018 1.200651 0.920958 1.088866 1.039119 0.894974 0.983037 
1.086926 1.255796 0.839792 0.799793 0.837347 1.253323 0.808568 0.955751 1.101346 1.123107 0.799388 0.816299 0.839942 0.946228 1.225557 0.870887 0.905555 0.856665 0.884906 0.917507 1.175285 1.016429 1.010885 
1.164680 1.255796 0.908843 0.949090 0.813963 1.253323 0.819022 1.059337 0.951280 0.818561 1.016896 0.800296 0.990226 0.968033 1.182225 1.055946 1.175507 0.800402 0.910583 1.017900 0.812978 0.892205 0.894246 0.844176 0.879907 0.917493 0.897768 0.899530 1.012487 1.015808 
1.094279 0.841901 0.849985 0.863640 1.196077 1.256187 1.150424 1.191845 0.812382 0.863942 0.808581 0.795453 1.181397 1.076255 0.993663 0.806265 1.038503 1.073847 1.045919 0.884455 0.955749 0.999717 1.113967 1.123785 0.818407 0.889022 1.251757 1.018853 0.897535 1.048496 0.852683 0.800971 
0.924751 0.802792 1.053859 1.094945 1.032876 0.983456 1.149424 1.035008 0.796353 1.067541 1.244636 0.795453 1.251570 0.858421 0.899691 0.995863 0.946354 0.976794 1.159834 1.086557 
1.233709 0.909923 0.800580 1.131011 1.017108 0.837527 0.930096 1.234957 0.796465 1.004653 1.243387 0.810304 1.074207 1.086334 0.865563 1.206150 0.911590 
1.179796 1.106066 1.125377 1.219857 0.841636 1.251024 0.827004 0.983778 0.929958 0.795867 1.226191 0.958263 1.038413 1.166134 
1.214896 1.108001 0.821108 1.195609 0.797208 1.050743 0.795281 1.112773 1.089850 0.886389 0.963198 1.056866 1.091155 
1.197890 1.120765 1.028965 1.112137 0.796457 0.949798 0.795839 1.147285 0.839848 1.161105 1.181680 1.120605 0.844231 1.180568 0.813439 0.895616 1.007084 1.232208 1.171062 1.186755 
1.249392 1.208533 0.887988 1.182986 0.988793 1.176909 0.795839 1.022548 0.806312 1.126381 1.066175 
0.855322 1.256144 1.104244 0.941847 0.940587 1.200908 0.887145 1.006406 0.870165 1.230859 0.798637 0.795163 0.924379 1.177233 0.999809 1.151594 0.872794 
0.942937 1.253529 0.795163 0.807537 0.861660 1.072526 0.958945 1.183986 0.923950 0.974226 0.895004 0.862811 1.176141 1.167685 0.804984 0.819665 1.046111 1.053173 0.929008 1.152042 1.104717 1.216602 0.944761 
0.994131 1.225679 0.802805 0.934316 0.797559 0.991135 0.801187 1.219187 1.162766 1.025848 1.233722 1.181820 0.882087 
0.928832 1.250737 0.809196 1.095375 1.255187 1.012577 0.822642 0.895604 0.803289 0.799807 1.199060 0.881904 0.884781 1.107640 1.246255 0.854142 0.999176 1.149863 0.887356 0.924115 0.909745 1.116216 0.894277 0.956916 
1.233157 1.250737 0.829108 1.199117 0.887231 0.997077 1.047785 1.099491 0.813547 0.822843 1.216320 1.042079 1.226087 1.228714 0.925058 0.802356 
0.807755 1.250737 0.794636 0.873172 1.136009 1.133876 1.016440 1.254907 0.832884 1.248723 0.993681 0.822256 1.071243 0.979742 0.833359 1.134500 1.230033 1.187179 0.936874 1.043228 1.061862 1.188597 0.966591 0.878519 0.876503 0.843385 1.139669 1.142384 0.932800 1.100838 1.079234 
0.810517 0.919095 0.803518 0.902884 1.256750 1.230624 1.084935 1.087466 1.176593 0.840697 0.801330 0.815604 1.102457 0.828288 
1.177405 1.025349 0.819694 0.975812 1.249382 0.801525 1.202945 0.799942 0.806615 1.112474 0.808487 1.122020 0.999626 1.139751 1.151888 
1.182078 1.230679 0.928136 0.970378 1.232307 0.801525 0.813352 0.806615 1.213767 
1.242635 1.253513 1.156155 0.866820 1.247237 0.807919 1.031628 0.805776 0.973540 1.012865 0.989997 1.200031 0.909439 0.913559 1.219093 1.221059 1.155460 0.947097 0.799484 1.011537 0.868408 1.164041 1.057382 0.822419 1.035623 1.106694 
0.817822 1.253513 1.000415 0.885950 0.800954 0.958859 1.032954 0.857795 0.796241 1.251251 1.028693 0.879263 0.834247 0.934778 0.876384 1.185006 
0.828945 1.233679 1.041081 0.844368 1.160151 0.932357 0.955587 1.069972 0.796241 1.245396 0.985395 0.803123 1.137413 1.136983 0.925024 0.940952 0.972249 
1.205550 0.935279 0.953506 1.099270 0.853157 1.065820 0.867732 0.857091 0.796241 1.037330 0.822308 1.192551 1.022178 1.202048 0.823580 0.954884 1.165861 0.909713 0.981810 0.815882 1.160699 1.202315 0.914498 0.847422 0.999013 0.938556 1.247071 1.241040 1.222766 1.233092 0.989932 1.019177 1.009847 1.047837 0.953955 1.222329 
0.849952 0.947367 1.229442 1.045618 0.828250 0.804834 1.244363 1.233057 1.149206 0.901436 1.215605 1.218736 1.083067 1.015795 0.804342 0.906479 0.815615 
1.147655 1.103682 1.166607 0.852534 0.811869 0.806924 1.219598 1.239617 0.804156 0.990698 1.019521 0.826906 0.922161 1.257819 
0.894134 0.941117 0.857923 0.863043 0.798393 0.814299 1.238683 1.118557 1.032885 1.092448 1.099710 1.046521 1.050265 0.860791 1.060845 1.231377 0.952666 
1.136374 0.798059 1.247551 0.872280 0.881369 0.795275 1.238683 0.855166 1.130597 1.086374 0.866477 0.804106 1.053855 1.185549 1.199099 1.146892 0.927625 0.926027 0.835670 
1.183464 1.028044 1.207193 1.207775 0.799042 0.846444 1.220674 1.233584 1.171852 0.951055 0.798824 0.797574 1.127744 1.104409 1.251678 0.903834 0.860710 0.850763 0.886907 0.969163 1.066949 1.109046 1.204901 1.042812 1.176019 0.923730 0.852977 
1.155005 0.916553 1.213721 1.093746 0.811217 0.959994 1.160984 1.138627 1.055543 0.968300 0.799926 1.248877 1.004812 
1.042517 1.145278 1.255952 1.100962 0.986165 0.799926 0.883805 0.977668 0.820033 0.987924 0.907983 0.820963 0.918545 0.944783 1.183127 1.063317 1.002629 0.797664 0.839836 0.993043 0.902479 
0.922217 0.969375 1.255952 0.876691 0.808818 0.799926 0.884832 0.876495 0.950625 1.125014 1.254296 0.930884 1.087350 0.812473 0.890001 1.064844 1.068842 1.256506 0.857738 1.236774 0.919956 
1.113888 1.023032 1.240274 0.998792 0.823988 0.799926 0.813185 1.096101 1.244775 1.070422 0.883752 0.856168 1.128646 0.821045 1.245434 1.221269 1.112759 0.925910 0.940114 0.846968 0.919795 1.186757 0.818866 0.901964 0.877620 1.047056 
0.858414 0.816663 1.038481 1.239492 1.021449 0.799869 1.232600 1.258069 0.912272 0.890917 0.995867 
0.843967 0.828323 1.252385 1.239701 1.163988 1.061327 1.120938 0.799639 1.048310 1.083032 1.214992 1.102680 0.794512 1.156097 1.029781 0.999494 0.818035 0.860225 1.224845 1.012219 0.981942 1.169977 1.173212 
1.251696 0.930832 0.851132 1.098981 0.930495 0.996874 1.234262 1.250235 0.982935 0.953660 0.964220 0.879564 0.957205 0.806334 1.023024 1.121402 1.031867 0.794708 0.974052 1.178170 0.967839 0.968984 0.798906 1.184436 0.917477 0.867267 1.188075 1.149121 1.065967 0.968459 1.058691 1.247372 0.804490 1.174604 
0.846291 1.017709 1.000391 0.800554 0.794708 1.138306 1.200126 1.211609 0.923215 0.804447 1.064367 
1.234885 1.241245 0.968020 0.844128 1.104958 0.799431 1.224747 1.057779 1.100397 1.136362 0.808507 1.225060 0.848682 0.894797 0.948833 0.805244 0.805875 0.833504 0.895256 0.919652 1.045830 1.005834 0.814595 1.151261 0.801594 0.824603 
1.254406 1.239694 1.147399 0.889089 0.796092 1.245920 1.049382 1.256236 0.804554 1.112864 0.989090 0.988359 1.203979 0.865175 1.046487 0.949608 0.921317 1.248447 0.897352 1.081497 1.040474 0.818406 0.845456 0.968265 0.879629 0.922283 1.103847 
1.240937 0.872320 1.233373 1.163151 0.796092 1.111683 1.160721 0.846101 1.153513 0.809427 0.873123 0.827970 0.844811 0.958410 0.817825 0.804433 1.233894 0.962573 0.880698 1.203210 1.174877 1.216636 1.087545 1.188841 1.139487 0.996277 1.097753 0.869057 1.011826 0.817424 
0.830545 1.142621 1.253108 0.845503 0.796092 0.912623 0.942817 1.257710 0.985500 0.964113 0.819620 1.123055 0.916708 1.257290 0.950118 1.024266 1.195140 1.083803 0.909384 0.913569 0.933420 0.870595 
0.819634 1.252918 1.240438 0.815440 0.810916 1.143820 0.844100 1.192752 0.967819 0.951994 0.945459 0.998436 0.913589 1.233910 0.997644 0.802646 1.134435 0.875993 0.898593 1.009418 0.913142 0.802734 0.797916 0.962292 
0.852858 1.208710 0.998265 0.806614 1.252038 1.083136 0.858592 0.927487 0.892628 0.794362 0.982744 0.967499 1.230768 0.827700 1.001382 0.900162 1.074663 0.859381 1.216161 0.854616 0.870286 0.986897 
1.107388 0.950205 0.921446 0.819524 1.157754 0.804782 0.942258 0.802212 1.036616 1.248459 0.876119 0.817046 0.794442 1.148829 1.117146 1.231627 0.899778 0.831007 0.800362 1.037617 1.069784 1.186964 0.872463 1.065469 
1.079910 0.902351 0.827420 0.909664 1.250758 1.192888 0.960739 1.166952 0.795081 0.890024 1.210666 1.130884 0.806966 1.212405 
0.947436 1.176235 0.826766 1.250233 0.912993 1.163591 1.110008 0.923287 0.795081 1.238351 0.929690 0.886717 0.826499 0.800837 1.170233 0.868001 0.912782 1.160007 1.061547 1.148968 0.947990 0.863065 1.019554 0.998783 1.034980 1.095993 0.937664 1.087819 1.239983 1.006132 1.077892 1.092892 1.147111 1.015687 
0.838417 0.896821 1.076757 1.006167 0.869455 1.234450 0.977583 1.131360 0.795081 1.248388 0.894959 0.861866 1.006706 0.801269 0.800355 1.216721 1.009895 0.904542 1.108431 0.926776 
1.143048 0.925838 0.959924 1.182433 1.072793 1.238946 0.831549 1.236586 0.795081 0.973479 0.801269 1.162772 0.919695 0.849582 1.218561 1.012555 1.245922 1.117598 1.072024 0.979327 1.097983 1.119565 
0.933579 0.802161 0.950373 1.101316 0.894419 1.254851 1.245922 1.152766 0.795081 0.944357 1.103962 1.038962 1.112380 0.875311 0.831551 0.950233 1.051216 0.986868 1.246344 0.942051 1.070727 
1.218804 0.802161 0.941384 1.020542 0.818497 0.985419 1.245922 0.796838 0.795081 1.047069 1.067052 1.023727 0.943245 0.956382 1.056286 0.805856 0.995918 1.092861 
0.928831 0.799549 1.102883 1.238691 1.042510 0.807617 1.234176 1.009871 1.215811 1.041691 0.809690 1.171936 1.079638 0.908163 0.893825 
1.181761 0.796615 0.800466 0.962575 0.800572 1.065879 1.106357 0.886934 1.222618 0.798380 1.204668 1.084154 0.904824 1.237001 1.131837 1.021362 0.814582 0.911558 1.112474 1.150657 
1.115589 1.218644 0.872612 1.142819 0.804098 0.904034 0.799110 0.871689 1.066727 0.828981 1.254534 
0.864810 0.814234 1.120735 0.825053 0.921379 0.830157 0.920792 1.254519 1.117311 0.962693 1.090861 1.174854 0.857514 1.230357 0.866118 0.837921 0.922986 1.233531 
1.256605 1.234788 0.878091 1.167137 1.151616 1.114546 0.924611 1.083461 1.124417 1.003777 1.100993 1.127406 0.970980 1.094405 1.047408 0.805851 1.059927 1.115925 0.914784 0.944041 0.877175 0.836501 0.842470 1.233104 0.954905 0.912671 0.895424 0.865860 0.868629 0.796107 0.821844 0.897969 1.066213 0.981206 
1.256605 1.222528 1.019133 0.813858 0.836501 1.236965 0.980063 0.961623 0.851548 0.887468 1.238836 0.942514 1.206442 1.023958 0.921362 0.796708 1.086250 0.830329 0.918380 0.983470 0.800305 1.030603 0.870618 1.081924 1.012894 0.906698 0.883982 0.826768 1.164119 
1.256605 0.891971 0.798441 0.957186 0.849718 1.081016 1.125142 1.010662 1.254424 1.222684 1.232667 1.103800 0.933026 0.872815 0.899991 0.796381 0.948429 0.990901 1.011695 1.138646 0.864143 1.176852 0.973995 1.154904 1.102860 0.881040 0.801025 0.965916 1.177450 0.927450 0.931491 1.068244 0.994098 0.831914 0.831702 0.850860 1.172755 
1.256605 0.814335 0.869223 0.807983 0.835550 0.922277 1.002328 1.179849 1.041204 1.025738 1.238838 0.830108 0.862824 0.795025 1.150845 0.796381 0.833299 1.218712 1.222620 0.969269 
1.240112 0.808103 1.161518 0.797524 0.932316 0.993559 1.089652 1.186513 1.100556 1.225649 0.994118 1.169171 0.802515 0.819302 1.135733 0.920390 0.809267 0.967713 0.872066 0.933474 1.004109 1.103200 1.244697 0.859961 1.208920 1.128432 1.111169 0.826459 0.910885 0.834881 1.177305 0.858177 1.172452 
0.859243 1.062459 0.811319 1.169008 0.874037 0.868779 0.888809 1.201335 0.795372 1.210766 1.230188 0.857267 0.892698 0.967823 1.164769 1.077337 1.036056 0.840222 0.887140 0.975027 0.809896 0.978150 
1.099685 1.179289 0.811319 1.229903 1.114214 0.800051 1.235194 1.044383 0.795372 0.969030 1.252640 0.868223 0.981329 1.123770 0.998769 1.219466 1.205588 1.059624 1.132234 1.000533 1.161519 1.236329 
1.066998 0.952632 0.811319 1.206152 0.881558 1.123063 0.867004 1.008441 1.130729 1.080348 1.217084 0.862475 1.245077 1.010470 0.795800 1.238434 1.019660 0.919012 0.871932 0.942394 1.057015 1.072631 
1.155600 0.837009 0.950371 0.862958 1.055003 1.046196 1.247897 0.954835 0.972630 1.133934 1.016525 1.063642 1.245077 1.119367 0.795800 0.826260 0.874745 1.214181 0.864825 0.801384 
1.192569 1.106569 1.074018 0.795800 1.135876 0.907526 0.996486 1.044215 1.160046 0.884296 1.066166 1.182427 1.054694 0.900337 0.914687 1.171683 0.797867 1.252565 1.254590 1.153746 1.142965 1.063215 
0.825943 1.017520 0.941432 1.057584 1.164621 0.829743 1.133568 0.866076 0.974370 0.900249 1.254030 0.802371 0.819286 1.237622 0.932314 0.807813 1.042074 1.163945 0.949208 0.853505 1.098358 0.801967 
0.805401 0.979005 0.885948 1.173614 1.190355 0.908131 1.060973 1.098939 1.255458 0.898548 1.050942 0.808502 0.799026 1.228496 1.153331 0.824131 0.795659 1.222820 1.226382 0.996811 1.020089 0.825778 1.054955 0.850078 0.946839 1.247272 1.078031 1.032826 0.857255 
0.869036 1.148368 1.025601 0.968962 0.892962 1.237096 0.909541 0.820429 0.845237 0.971462 0.877733 0.847016 1.102995 1.071982 1.243341 1.197673 0.795659 0.821074 0.807863 0.917518 0.816948 0.819734 1.257661 1.003613 0.825252 0.863490 
1.054473 1.257661 1.189184 1.113099 1.065947 0.860304 0.794909 0.797916 0.993598 0.981003 0.842531 1.070499 1.255756 1.214625 1.215428 1.129512 0.910258 0.826644 1.233242 1.144001 1.208709 0.934803 0.805606 1.056860 0.852427 1.078710 1.048972 
1.224844 1.240439 1.120736 0.824539 1.216452 1.130241 0.794909 0.797916 1.124643 0.811725 0.801107 1.040715 1.212584 0.954230 0.948488 1.066756 1.068172 1.071477 1.031896 1.226533 1.081524 1.183336 0.914062 0.804759 0.989779 1.184268 0.913661 0.855869 
1.245596 0.978302 0.981787 1.101345 0.971922 1.235921 0.930934 0.797916 0.853169 1.217777 1.155626 0.827173 0.845055 0.825395 1.035974 0.914161 1.067159 0.801824 0.877855 1.143770 1.153787 0.946595 0.870414 1.105158 0.806883 1.016138 1.250454 1.026076 
0.904818 0.831800 1.180708 1.083204 0.965139 1.235921 0.954878 0.797916 0.821057 0.813246 0.881423 1.069297 1.080493 0.842445 0.868304 1.242096 0.985929 0.936943 1.034949 1.246090 1.016782 0.872625 1.182242 1.159192 1.068053 0.893108 1.069990 0.890880 0.820558 0.825403 1.096213 1.096480 0.886975 1.019667 0.873992 1.148855 1.208819 1.081447 1.244975 1.047805 0.928540 
1.150132 1.010934 1.235962 0.825403 1.240470 1.143378 0.872437 0.795088 0.967078 1.177622 1.230990 1.241459 1.078814 1.111421 0.807639 0.902865 1.157177 0.947115 0.807027 1.176321 0.875117 0.934960 
0.807027 0.961233 0.960558 0.889762 1.240470 0.936443 0.923320 0.795088 0.983715 0.862239 1.013058 1.135025 1.227006 0.823180 1.174262 1.202572 1.147092 1.002490 0.994697 1.017404 1.082898 0.835611 1.060025 0.840241 0.822287 0.985665 0.804549 0.834034 1.018363 1.136119 1.072213 1.103472 1.101250 0.846527 1.107416 
0.921131 0.955521 1.184897 0.835989 1.240470 0.866800 0.937861 0.795088 1.112208 0.815730 1.208886 1.087946 0.858699 0.954300 1.127787 1.050106 0.870808 
0.806003 1.219713 0.873675 0.798722 0.827759 0.993873 0.953306 0.903832 1.166629 0.797604 0.964689 0.981983 0.866988 0.853668 0.819679 1.069663 1.094670 1.150535 1.092962 1.158388 1.223153 
0.836450 1.205125 1.013782 1.086898 0.841597 0.801143 1.042089 1.200136 1.246632 1.140948 0.986318 0.879395 1.149388 1.112298 1.015697 0.822665 1.242803 0.841679 1.094323 1.106528 0.979638 1.019095 0.796299 0.842315 1.165717 1.174504 
0.811044 1.144938 1.202233 1.028940 1.114158 0.801143 1.080018 1.195899 0.879515 1.065225 1.246177 1.180805 0.822569 0.874934 0.798717 1.090463 1.007294 0.818304 0.876734 0.806104 1.002968 0.942356 0.891212 0.928169 1.150621 
0.801419 1.227777 0.844485 0.831095 0.831641 0.801143 0.929583 1.061475 1.245736 0.885026 1.064913 1.155684 1.231623 1.036903 1.232834 0.809803 1.079671 0.822364 0.805888 
1.256335 0.852130 1.023005 0.896244 0.961946 0.801524 1.247757 0.804834 0.813414 0.823400 0.821241 0.879779 0.905579 1.136228 1.123750 1.173770 0.996769 0.938438 1.112525 1.223129 1.227089 
0.885416 1.204753 0.909587 0.812765 0.799510 0.830445 1.253832 1.221124 0.901949 1.026244 0.821642 1.055280 0.796157 1.042552 1.088465 1.176411 1.241319 1.180109 1.042010 0.997323 0.838454 0.895698 1.022044 1.174448 1.215202 0.939280 1.089492 1.040768 0.998263 0.932193 0.890752 0.928275 0.853495 
1.021813 0.830346 1.207936 1.130970 0.919853 0.817028 1.253832 1.192954 1.063375 0.834919 1.002725 1.076352 1.188444 0.877625 0.961921 0.815803 0.894815 0.890840 0.942517 1.241925 0.968891 0.861143 0.994671 1.206583 1.024642 1.179585 0.916756 0.861751 0.826470 0.826283 1.058059 
0.828503 1.222547 0.982867 0.952790 0.879379 0.829700 1.028797 1.140038 0.926556 1.100453 1.241764 1.040960 1.170566 0.955696 1.047692 1.116098 0.875962 1.162803 0.878854 0.963572 0.932186 1.215147 1.127492 1.148609 1.095952 0.880216 0.809881 1.125412 1.192021 1.060660 1.203095 1.213122 0.858754 0.805941 
0.794896 0.906836 1.154739 0.859266 0.805137 1.243509 0.828971 1.001077 0.800463 0.795879 1.237494 0.927381 1.016986 0.883405 1.022255 0.917643 1.005989 1.173124 1.102984 0.915020 1.175580 0.982452 0.907325 1.155106 0.800477 1.061923 0.945800 1.034236 1.230684 0.877962 
0.794896 1.175952 1.030497 0.796919 0.907351 0.984084 1.064856 1.027847 0.987642 0.864109 1.257846 1.239520 1.226196 1.051687 1.222316 0.976638 1.132699 0.805677 1.020624 1.105199 0.802610 0.982066 1.118117 1.119709 0.830584 0.798860 1.115711 0.891123 0.867950 1.045590 0.968337 
0.794896 0.999415 0.941083 0.812100 0.858965 0.946738 0.938305 1.254728 0.937215 1.126784 1.170053 1.212146 0.867614 1.204423 1.035074 0.803619 1.081450 1.242643 0.923667 0.895702 0.811313 0.955991 0.927092 1.070772 0.937055 0.878760 
1.221370 1.006354 0.810061 0.804595 1.240169 1.124233 0.993776 1.211521 0.903170 0.900992 1.215232 1.210109 1.198959 1.111656 1.070621 0.802651 1.007532 1.249707 0.876717 1.037658 1.100567 0.841067 0.834820 1.213807 1.030392 0.887191 
1.245803 0.934834 1.091585 1.078348 1.257563 0.992897 1.089128 1.072119 0.885420 0.921405 1.198923 0.934746 0.880179 1.007292 0.964024 0.801239 1.199094 0.809109 0.803386 0.924571 0.863637 1.046182 1.184931 1.140217 1.010677 0.810179 1.246304 0.871786 1.196877 0.878377 0.952940 0.945532 0.886351 0.856148 1.009072 0.886466 0.813381 1.080039 1.178876 1.058706 
0.794938 0.913460 1.081780 1.077297 0.884369 1.146461 1.007923 0.804818 1.254340 1.106725 0.876066 0.945668 1.238067 1.126623 0.954192 1.032852 
0.819949 0.976589 1.036839 0.847024 1.190648 1.135704 0.886125 1.170856 1.246039 1.209338 0.902632 1.043959 1.207682 1.092168 0.856891 0.948873 0.842750 0.904110 1.008202 1.235849 1.027543 1.212093 1.024511 
0.890742 0.802695 0.883696 1.142384 0.838563 0.801532 0.868883 0.859210 1.252672 1.221458 1.032081 1.140877 0.833436 1.164372 0.972365 
0.858229 0.810073 0.973015 1.040574 0.860774 1.014218 1.251629 0.995239 1.112905 0.942030 0.832787 1.165728 1.102931 1.171218 0.819303 1.255425 1.144523 1.132932 1.128856 1.005531 1.087309 0.812934 1.071576 0.974874 0.823472 1.040942 1.157289 0.798265 0.882085 1.239001 
1.117715 1.251852 1.165597 0.854582 0.947659 1.089907 1.251629 1.032040 0.942814 0.971032 1.081987 0.944364 1.200879 0.802749 0.799696 0.859342 0.978908 0.876635 1.167506 0.958084 0.826640 1.146812 
0.853333 1.256840 1.183691 1.077639 0.870831 0.837953 1.056744 0.816400 1.218840 1.047018 0.803291 0.819241 0.918515 1.224721 0.826633 0.970556 0.912044 0.839572 0.970377 0.842633 1.255934 0.969758 0.941330 
0.918930 1.245528 0.861382 1.219106 1.104782 0.970582 1.029207 1.040203 1.010046 0.798870 0.853795 0.949343 0.888918 1.180012 0.795191 1.014622 0.825631 0.795277 1.059290 0.873406 0.797810 0.825822 1.160431 0.939870 0.820816 0.937231 1.076408 0.942526 
0.795191 0.798444 1.257599 1.213380 1.207077 1.081347 0.810010 1.029398 1.060112 1.129026 1.095993 0.846578 0.820642 0.902842 0.863508 0.864929 0.960426 1.225528 0.983219 0.897000 0.835494 1.242435 0.806165 0.830631 0.965285 0.810056 1.201686 0.804852 
0.807586 1.220835 1.251016 1.162962 0.795166 0.818580 0.804795 1.239205 1.166115 0.846577 0.979312 0.955006 0.826395 0.914824 0.873018 1.197356 1.232937 1.257375 1.048548 1.162898 0.886712 1.012589 
0.870918 0.955603 1.255652 1.011588 0.831179 0.835649 0.799250 1.154498 0.821794 1.166936 1.210161 0.825732 0.929310 0.863755 0.852532 1.152702 0.985936 1.009669 0.854832 0.882842 0.929778 0.881203 
0.979234 0.798318 1.255652 1.097110 1.056171 0.835649 0.799250 0.945214 0.875391 0.914582 1.117576 1.018301 1.230999 0.978914 1.129264 0.923127 0.874622 1.208513 
1.115502 0.794683 1.232069 1.048794 0.869881 0.981737 0.937067 0.794935 0.988340 1.234838 1.147120 1.181327 1.036042 0.961488 1.060242 0.868115 1.099096 0.914459 1.088764 1.058009 0.865309 0.844428 0.902721 1.162429 1.190173 1.006258 
1.204727 0.796031 0.861585 1.006781 1.205928 1.108910 0.804966 1.061361 0.797714 1.048353 0.938252 1.127908 1.128753 0.811034 0.971290 1.201792 
0.870846 0.950099 1.092006 0.798418 0.859393 1.059433 0.802537 1.232177 0.918553 1.228207 1.148578 0.978855 1.208477 1.256572 0.803891 1.086305 1.125184 1.189828 0.985583 1.081211 1.216915 0.965321 1.111133 1.258616 1.191348 0.950780 0.867558 1.161282 
1.157597 1.257781 0.956693 1.242502 1.197530 0.884011 0.802537 0.976078 1.201875 0.829922 0.948879 1.062920 1.202819 1.196664 1.021668 0.795002 1.102849 1.006473 0.904673 1.097504 1.226708 0.918236 0.805206 1.047846 1.230514 1.173367 1.215709 1.001867 1.258210 1.093447 0.939273 0.847448 0.794569 0.827615 1.122672 0.822680 0.823723 1.027396 0.982798 1.161648 0.978515 1.060104 0.803599 1.121066 0.994017 0.819770 0.809782 0.902430 
0.938123 0.844873 1.131979 1.224682 1.084345 0.845428 1.257894 0.870336 0.874750 1.114551 1.180933 0.800388 0.877757 0.868909 0.991390 
1.198788 1.047369 0.797837 0.905937 0.841019 0.804130 0.811934 1.237571 1.120633 0.818938 1.051567 0.800388 0.919954 0.850879 1.217579 1.241085 1.255674 1.152125 0.853963 0.862921 1.166988 1.100409 0.928170 1.078472 0.812001 0.802426 0.981347 0.869733 0.845537 
0.962471 1.022685 1.008541 1.223798 0.825408 0.872931 0.881682 1.150006 1.201487 0.910223 1.105441 1.244882 1.098384 1.067394 1.074981 1.241085 1.138611 0.795345 0.982320 0.925164 0.830954 1.228194 1.024245 1.101734 1.051296 0.950558 0.954707 0.961292 0.809666 0.795259 
1.106749 0.827961 1.235065 1.245237 1.249766 1.095805 0.802668 0.861105 0.958739 1.229855 0.866120 0.927164 1.040759 0.938645 1.238506 1.113948 0.820541 0.795259 0.820623 0.817400 0.849224 0.907532 1.172117 1.012188 0.996784 0.929974 1.141656 1.077873 1.189136 
0.840815 1.229913 1.071965 1.107888 1.232478 0.994144 0.794748 1.093281 1.134367 1.228869 0.936173 1.055407 0.858369 1.124718 0.849346 1.257206 1.180649 0.795259 1.000498 1.015101 0.801267 0.800572 0.884578 0.928685 1.001205 1.088371 1.165685 0.994268 1.153815 0.852772 
0.797882 0.971890 1.126586 0.809086 0.820081 1.212538 1.257206 1.071128 0.802393 1.245516 0.978253 0.987425 0.859376 0.978286 0.847396 1.028353 0.909418 0.815799 0.873503 0.809158 1.118072 0.817102 0.832546 1.124075 1.078823 
1.188976 0.819318 1.221280 1.055301 1.149814 0.803627 1.184927 0.841679 1.080294 1.245516 1.221247 0.834876 0.907275 1.087850 1.247198 1.188345 0.922872 1.052624 1.124499 0.872101 1.106953 0.955706 0.822548 0.918575 1.244884 1.195354 0.947281 
1.221438 0.805459 0.875233 1.180717 0.859435 0.803627 1.149398 1.139714 0.926673 0.908766 1.154165 0.945662 0.841457 0.899514 1.086613 1.096093 1.183372 1.183890 1.241678 1.009056 0.908836 0.950695 1.060773 1.257901 1.115008 0.879459 1.098910 0.915584 0.817154 0.968320 1.130670 1.033139 1.043479 1.041458 1.083932 0.969763 1.138792 1.144786 1.238192 
1.239496 1.100206 1.132062 1.110762 1.225068 0.803627 1.021533 1.213781 1.113343 0.848018 1.018857 0.820876 0.928020 0.900406 1.249697 1.192825 0.893405 1.059120 0.909170 0.868437 0.964234 1.106560 0.826538 0.885018 
1.155944 0.905640 1.206513 0.902118 1.034453 0.958577 1.024585 1.248840 0.801613 1.258427 0.976875 1.071897 1.119476 0.816229 1.053578 1.179066 
0.887326 1.014868 0.810368 0.982887 0.865913 1.115199 1.110365 0.903343 0.801613 0.965953 1.216650 1.230503 1.017638 0.794758 0.817452 1.239067 0.839885 1.041468 1.029883 0.973893 1.232086 0.853508 1.190719 1.061639 1.122654 0.800915 1.044276 1.109092 0.961237 
1.214734 1.254617 0.893453 0.813455 0.841170 0.817588 0.989307 1.183197 0.801613 0.883563 1.184936 1.137525 0.996023 0.957494 0.808508 0.973115 0.810696 1.240866 0.964126 1.191146 0.840895 1.050793 
1.030949 1.254617 0.981152 1.094625 0.862314 1.213469 1.031296 1.242754 0.970580 0.801142 0.795601 0.813965 0.803246 1.030938 0.807472 1.005011 
1.255271 1.250553 0.842457 0.934929 0.930626 1.244540 0.974188 1.252841 0.805862 0.903283 0.848380 1.136800 1.213822 1.172100 0.962235 1.094571 0.978469 1.126091 
1.249982 0.815395 1.059178 1.152457 1.098893 1.246105 1.023407 0.991657 0.805862 0.957698 0.815844 1.167483 0.891071 0.932586 1.071458 0.845400 1.174589 0.831008 1.037209 1.036895 1.154379 0.967285 0.830670 0.842168 
1.240732 0.828673 0.984386 1.247320 1.118421 1.239143 1.153062 0.815468 0.815703 0.808786 1.052248 1.030396 
0.892299 0.822540 0.914334 0.865954 0.959234 1.217575 0.873805 1.166471 0.914395 0.808786 0.848189 1.161698 1.028312 1.240753 0.935996 1.207144 0.866374 0.863111 
0.955651 1.061849 1.007688 1.199825 0.903401 0.885855 1.089788 0.866566 1.220136 0.808786 0.903811 0.943837 1.043535 1.235498 0.811830 1.151228 1.177164 0.850493 0.824267 0.878489 0.930828 1.222536 0.983893 0.969696 
0.934702 1.060566 1.149576 0.795659 1.014104 1.246056 0.855467 1.210233 0.907660 0.943818 0.866576 0.985113 1.167423 0.799409 1.141129 0.847765 0.960695 1.034885 1.174687 0.920567 0.883300 0.810435 0.805560 0.918150 1.252799 0.934244 1.067127 0.823369 0.930455 0.985390 0.947747 1.080849 1.089390 1.029817 0.987384 0.798623 
0.830512 0.966025 0.961452 0.797811 0.931402 1.003322 1.079970 1.198946 1.149718 1.213575 1.065655 0.802664 1.239359 0.838983 0.797920 1.181994 1.048434 0.801963 0.862105 1.112014 0.827075 0.945753 0.818963 
0.958571 0.952412 0.832844 0.797811 1.206875 0.879942 1.122319 1.027522 1.209726 1.149819 1.017950 0.933038 1.111761 1.020333 1.226924 0.878693 1.249360 0.925462 0.872164 1.122973 1.183736 0.988977 1.157290 1.078031 1.054143 1.224791 0.834584 1.093658 1.047122 
1.062753 0.871925 1.208988 0.822227 0.830251 0.865278 0.806688 1.186801 1.106956 0.879586 0.983475 1.020766 1.147398 1.232332 0.892232 1.111157 0.847424 1.000203 1.175464 1.109596 0.936652 1.184634 0.977219 0.836081 1.085315 0.880431 1.162240 
0.926693 1.007835 1.232332 1.172835 0.807534 0.893329 0.797408 1.258096 0.821847 1.249490 0.986098 1.024161 1.157467 1.019473 0.878116 0.894496 1.024968 0.904193 0.806098 0.840033 1.114699 0.989808 1.134620 0.882810 0.806925 0.951699 1.015290 0.958527 1.132641 
0.887458 0.868734 1.022786 0.834597 1.246146 1.134600 0.797408 1.151671 1.143694 1.253995 1.029440 1.124600 1.137063 0.802369 1.061345 0.812366 1.021375 0.812736 0.979266 0.798662 1.003040 1.015274 1.246890 1.133729 0.920218 0.864837 1.008473 1.201288 0.836837 1.127107 1.038103 0.943560 0.866037 0.902566 1.182922 1.065679 
0.807070 1.180690 1.192950 0.803171 1.056668 0.845028 0.797408 0.834600 0.867912 0.802564 1.042518 1.212309 0.885415 0.924414 0.970487 1.213597 1.123754 1.181517 
0.805208 0.807071 1.018245 0.882422 0.913017 1.046680 1.249826 0.815549 1.043165 0.950257 0.863164 1.248178 0.904457 0.810305 1.044484 0.920557 1.038462 0.849233 0.877963 1.209848 1.023264 1.129835 
1.080716 0.807071 1.037582 1.025044 0.961416 1.254046 1.249826 0.847411 0.796188 1.256281 1.036348 1.016063 1.028751 1.144144 1.212841 0.879125 0.920851 0.954388 1.203703 0.979365 
0.891271 0.807181 1.226682 0.800148 1.194457 0.810437 0.841065 1.210144 1.005724 0.880169 0.989185 1.097193 1.132625 0.970723 1.125695 0.953704 0.826197 1.223370 1.085092 0.992365 0.871875 0.970389 1.102560 1.126625 1.141058 0.799655 0.935275 0.802931 0.881984 0.994014 1.068990 1.139049 0.820444 
0.949937 1.138784 0.950274 1.090103 0.795049 1.065539 1.241387 1.217156 1.047192 0.817977 0.803579 0.900585 0.853052 0.888418 1.156956 1.035058 1.220535 0.952936 1.039485 1.135041 0.891182 0.866317 1.078451 
0.832622 1.052625 1.147379 1.114848 1.036382 0.996691 1.241387 1.196977 0.903697 0.883805 0.807922 0.829884 1.156581 0.895547 0.967780 1.070378 1.121528 0.965502 
0.909767 0.830776 0.815853 1.062028 1.216886 1.190532 1.241387 1.176447 1.207903 0.987385 0.808936 1.205220 1.210787 0.801537 1.006188 0.895288 0.986394 0.987112 0.818426 0.815290 1.015148 1.012125 0.814320 1.189660 0.903621 1.223810 0.898551 0.845523 1.120570 0.863593 0.883806 1.087001 0.914165 
0.886655 1.056767 0.799588 0.816483 1.209741 1.125169 0.930557 1.244174 0.846960 0.984419 0.798230 0.856199 1.254495 1.022983 1.250263 1.249075 1.222000 0.941063 1.211055 1.205775 
1.233677 0.801242 0.861321 1.256901 0.845765 1.074188 0.846274 1.215925 0.796493 0.833452 1.035554 1.051836 0.829604 1.199739 1.243728 
1.216585 1.183060 0.851779 1.256901 0.845765 1.110945 1.132347 1.245356 0.801053 0.915760 0.928039 1.036320 0.844887 0.961754 1.088926 1.225479 0.811691 0.998536 0.973781 1.178369 1.011368 0.907063 0.995070 1.200973 0.931485 1.254894 1.213764 1.083647 1.039312 
0.922358 1.027245 1.053214 1.041698 0.802312 0.843356 1.105373 1.193780 1.085763 0.962545 1.034994 0.817423 1.054166 1.253651 1.152022 1.016759 0.868081 1.035993 1.250202 1.127271 0.911520 
0.935150 0.904593 1.035466 1.145134 0.799182 1.156399 0.813685 1.253651 1.231511 1.258778 0.822500 1.203073 1.081166 0.814146 1.082829 1.122571 0.796223 1.241478 0.985225 0.853291 0.886802 
1.072763 0.848719 1.028974 1.121664 0.838271 0.810342 0.907019 1.253651 0.813025 1.258778 0.933494 1.022824 0.865367 1.057447 0.852401 0.872907 0.955039 1.195635 1.060296 
0.988155 0.889657 0.802932 1.064308 1.155899 0.861985 1.202331 1.230477 0.813025 0.846697 0.993820 1.176373 0.921150 0.978873 0.987980 0.812862 1.052309 0.828625 1.089518 1.242043 1.169487 0.868298 0.816090 0.840911 
0.914453 0.798814 1.138862 1.170073 0.822657 0.977290 0.908598 1.022829 1.089176 1.254255 1.184902 0.987842 1.199485 0.928159 1.021059 
0.843109 0.831904 0.804222 0.901971 1.095344 1.241264 0.903158 1.082255 0.922857 1.254255 1.047490 0.925788 1.006649 1.095584 1.189559 0.805872 1.131163 0.950770 0.932588 1.102709 0.848139 1.171291 1.095975 0.910012 1.205226 0.857723 
0.933120 1.090605 0.922741 1.256415 1.010543 0.802381 1.168170 1.128429 0.822790 1.066505 0.849415 1.162106 1.201748 0.886542 0.820750 1.241318 0.943821 
1.213307 0.915766 1.114502 1.020077 1.071434 0.845747 0.898748 1.217199 0.823671 0.867805 1.121301 0.981282 1.161961 0.805768 1.178053 1.258370 0.927387 0.826908 1.009263 0.970093 1.064189 
1.183111 1.044000 1.025888 0.812998 0.829309 1.070621 0.929078 1.254318 0.796615 1.100221 1.141580 1.029859 0.956385 0.880897 0.897190 1.253492 1.180366 1.141909 0.860848 0.940349 1.105827 0.910737 1.118888 
1.076594 1.190922 0.850589 0.993043 1.220611 1.251787 1.064720 1.231777 0.877291 0.862093 1.083549 1.217855 1.187911 0.867376 1.164864 1.039618 0.915226 0.829318 1.046627 0.979250 1.137808 0.960611 1.103562 1.020847 1.154789 0.976190 0.814188 1.076472 1.203739 1.041479 0.938650 1.045008 0.978208 0.890324 0.815616 0.877624 1.054506 1.048711 0.875790 0.907505 
1.241927 0.825092 0.838261 0.815945 1.117631 0.797554 1.247786 1.009955 0.887374 0.800684 0.816178 1.210934 0.985828 1.224030 0.975267 0.854342 1.178811 0.824059 1.254724 1.078916 0.914171 1.110166 0.799901 
1.071804 0.842459 0.846941 0.923138 1.077739 1.023903 1.230977 0.845440 0.972753 1.238696 0.900515 1.239999 1.072595 0.806061 0.918257 1.013277 1.063921 0.801898 0.949596 0.803111 0.856998 1.136519 1.068371 0.847087 
1.017394 1.089523 1.088825 1.024191 0.813320 1.212360 1.234361 0.853184 0.801371 0.874385 0.976218 1.239999 1.062711 1.087422 1.112963 0.843957 1.242165 1.233719 0.858303 0.815090 1.170446 0.820714 1.058500 1.066169 1.001666 1.175021 
1.061343 0.921898 0.916299 0.917054 0.838713 0.795707 1.234361 0.948749 1.032945 0.867816 1.141550 1.068537 1.069646 0.908411 0.915063 0.797796 1.257991 0.861006 0.871753 0.803136 1.205531 0.979745 1.239918 1.219989 1.015636 1.098529 1.245312 0.801317 1.007213 
0.952721 0.813853 0.797796 1.038566 0.946838 1.239918 1.207036 1.033723 1.246435 0.802524 1.134931 1.100041 1.151288 0.930452 0.826562 1.258268 0.856397 0.811290 1.172849 0.823746 1.175110 0.794390 
1.032334 1.177897 1.256355 0.844012 1.147948 0.833362 1.182469 0.956007 1.205713 0.841802 0.842865 1.097609 0.819408 0.939594 0.886699 0.795445 0.904222 1.236918 1.041149 0.841161 0.808012 0.885307 
0.822153 1.082821 1.252446 0.989121 1.097423 0.811286 0.819360 0.807820 1.238438 1.046686 1.029588 0.847144 0.931359 1.018317 0.805992 1.041746 1.008685 0.977486 0.839407 0.819021 0.931999 
1.141653 1.173193 1.248170 1.117581 0.849784 0.931942 0.845266 0.803796 0.997177 0.831956 1.073034 1.255533 1.030765 0.863599 0.979428 1.092287 0.957688 0.913155 1.075549 1.249963 0.819159 0.800317 0.896849 1.257517 1.229614 
1.129359 1.176959 1.249731 1.128678 1.131734 1.251974 1.078225 0.803796 1.209553 0.804739 0.927853 1.003947 0.877949 1.108743 0.910069 0.991993 1.186540 0.986801 1.078838 1.142440 1.049157 0.867025 0.846507 1.099800 0.964899 0.910089 1.114539 0.848378 1.072909 
0.897438 0.944277 1.249731 1.029766 0.806366 0.922735 0.805699 1.046288 0.800863 0.795329 1.250712 1.217121 1.239231 0.924316 0.877914 1.059440 1.214433 0.992248 
1.181661 0.858040 1.249731 1.195155 0.901920 0.949093 0.939629 1.024004 0.805768 0.795329 1.250712 1.100170 0.997632 0.815161 0.911281 1.103311 1.024625 0.880487 1.048491 
1.072869 0.891875 1.249731 1.115395 1.206340 0.800259 0.927928 0.804731 0.866202 0.965485 1.233867 1.163922 1.006324 1.202602 0.839222 
0.830429 1.220529 1.249731 0.827326 0.871056 1.196639 0.857275 0.811760 0.991929 0.894429 1.196242 0.900991 1.218452 0.931724 1.108876 0.804768 1.232176 
0.800286 1.149700 1.011584 1.257693 0.812707 0.839671 1.218755 1.246664 1.140601 0.949572 0.809856 1.069200 0.802900 0.947463 0.929085 0.947408 0.825008 1.180184 0.897128 0.803810 0.869696 
0.935164 0.809856 0.991897 1.015852 0.856479 1.054931 1.059529 1.246664 1.167233 0.827348 1.046088 1.214082 0.880672 1.022490 0.914940 0.896351 1.220737 0.894195 0.888649 1.214550 0.930702 0.870350 1.217031 1.077673 1.207063 1.074898 1.033932 0.828065 1.025922 1.160392 
0.915532 0.836692 1.220810 1.081645 0.843153 0.931187 0.896869 1.244649 1.253853 0.830656 0.949871 0.803463 0.980410 0.840865 0.973605 1.112102 
0.933490 0.799424 0.897449 1.080126 0.878615 1.250679 0.813006 1.119543 1.095559 0.809854 0.989761 1.062102 0.980874 1.252710 0.899528 0.983736 1.247010 0.843912 1.200187 0.911993 1.014894 0.815111 0.826533 1.156689 
0.941511 0.811810 1.255503 1.122862 1.257306 1.084427 1.080739 0.804010 0.895478 0.796228 1.147367 1.141250 0.911994 1.226416 0.908618 0.873160 1.056979 0.795372 0.885930 
0.795474 0.924386 0.877965 1.239026 1.257306 0.803529 1.032456 1.217449 0.913810 0.903495 1.095320 1.117578 1.146198 0.918779 0.886675 1.012305 1.010601 1.200368 1.085154 1.206664 0.809108 0.842332 0.846310 
0.795474 1.211544 0.811207 1.239026 0.959445 0.796453 1.251636 0.826985 0.825190 1.087095 1.121602 0.825131 0.953681 0.955593 0.822407 0.801999 0.914447 1.197560 1.178781 0.808514 1.012510 1.013191 1.218310 0.935353 0.957962 
1.215345 0.808240 1.087160 0.886695 1.003627 0.806505 0.903675 0.990618 1.135398 0.925779 0.918727 0.798310 1.229656 0.943772 1.097376 1.064947 1.073296 0.975274 1.246310 1.247744 
1.254587 1.102698 0.873643 1.241075 0.798310 0.806505 0.914765 1.251178 0.942844 0.924240 1.099691 1.142482 1.008940 0.858238 0.944219 0.995712 1.116439 0.797486 0.988032 0.838470 0.968878 1.181490 1.154696 0.853233 1.072501 1.072057 1.015566 1.025800 0.867043 
0.857668 0.862144 1.145022 0.802604 0.808311 1.174804 1.057046 1.257846 1.053928 1.246681 0.920218 0.895405 0.954774 0.898574 1.026919 0.824157 1.034909 1.126624 0.948403 0.865198 1.131405 
0.800467 0.838760 0.901048 0.858025 0.796778 0.921632 0.804877 1.065924 1.152951 1.246664 1.080469 1.144477 0.940481 0.945324 0.843107 0.823148 1.012181 1.211279 0.963036 1.026802 1.108160 1.016677 
0.804510 0.922813 0.834522 0.878753 0.796778 0.944084 1.204202 1.022962 1.058876 0.882338 0.875738 1.159075 0.851771 0.991606 1.228417 1.247545 1.186501 1.200997 0.820800 1.028607 0.794370 1.234408 0.969203 1.076115 0.860219 1.195388 0.897403 0.978860 
1.257390 0.864123 0.971846 0.958635 0.799588 0.998472 0.963325 0.857356 1.255025 0.820280 1.049506 1.033330 0.810606 0.943059 0.803895 1.004712 0.964742 0.795827 0.926687 0.801051 0.849722 1.180644 0.828306 0.850119 0.988400 1.135154 1.144381 0.911139 0.852385 0.869111 1.083158 0.992798 
1.206839 1.166192 0.986712 0.940121 1.149130 0.801479 1.067193 1.072854 1.252620 0.977726 1.213475 1.007583 0.898436 0.966653 0.875966 1.185367 0.873920 0.802622 0.991609 0.865441 0.978977 0.799992 0.905155 0.956932 0.995283 1.190216 
0.924102 0.794366 1.125019 1.086484 1.238790 1.190894 1.141351 1.005723 1.232415 0.984836 1.191599 1.112007 0.799911 1.120093 1.067925 0.852772 0.809886 0.833735 1.142042 1.133129 0.892856 0.980811 1.154854 
0.875796 1.000477 0.817841 0.931847 1.085804 1.240118 0.900111 1.022727 1.236052 0.831063 1.052172 1.229196 0.832521 0.887368 0.826602 1.015076 1.036450 1.027883 1.257111 
1.221365 1.004037 0.804676 0.826602 1.214075 1.255556 0.828971 1.245634 0.884262 0.910056 0.989609 0.915344 0.971081 1.258184 0.940196 1.010073 0.849100 1.209940 1.118805 0.817546 0.989447 0.909803 0.812355 1.223782 1.093088 1.188351 1.142876 0.842896 1.043823 0.870845 0.947295 0.960897 1.247258 1.025749 1.001894 1.141358 1.055776 
1.200647 0.891552 1.033002 0.826602 1.258723 1.255556 0.961666 1.180222 1.073329 0.820943 1.209451 0.796415 1.026184 1.150120 0.818957 0.829063 0.808751 1.185934 0.955092 1.252526 0.967713 1.193115 0.921225 0.973369 1.067964 0.980824 
0.831602 1.221111 1.047767 0.826602 1.252062 1.184842 1.022808 1.224897 1.006756 1.251155 1.207200 0.796415 0.920047 0.814072 1.046634 1.061229 1.228002 0.939573 0.866996 0.798346 0.828488 1.148459 1.099277 1.010879 1.145279 1.149071 0.860896 0.804320 0.975255 1.092035 0.881316 1.088897 0.864274 1.139400 0.842857 1.216098 1.020292 0.963889 1.168966 
0.932273 1.158875 0.797328 1.101505 0.983869 1.097159 0.874783 1.061594 0.988214 1.064442 1.256985 0.891338 1.060108 1.090484 1.225008 1.185015 1.226856 1.243471 0.807708 0.943009 0.834292 1.032571 0.939970 1.055892 
1.005667 0.834495 0.935075 1.025404 0.886176 0.877685 1.245726 1.001331 0.835163 1.069915 1.256985 0.993452 1.215390 0.813932 0.840845 0.982639 0.899582 0.921196 0.807708 1.142324 0.797583 1.072279 1.207282 0.802745 0.968838 0.828227 0.961324 0.929192 1.100442 0.812176 0.795333 0.975443 1.052322 0.897907 0.925659 0.844298 0.953846 1.061969 0.848421 0.994932 1.124316 0.978262 1.079322 
1.018846 1.039583 1.081251 1.186001 0.803748 0.827914 0.898937 0.829492 1.122809 1.088424 0.933927 0.879532 1.215390 0.805723 1.035748 1.174324 1.253186 1.212898 1.079501 1.155522 0.853105 0.854029 0.940551 1.188627 0.917745 0.928978 0.963753 
0.893895 1.255834 1.043511 1.025184 0.807667 0.798521 0.927314 0.878874 1.214151 1.046253 1.247267 1.178428 0.936190 0.802109 0.832164 1.227811 1.176439 0.830318 0.988465 1.152885 0.903854 0.845335 0.899037 1.169399 1.198145 1.073430 1.153785 1.025481 
1.248588 0.798313 0.848209 0.948161 0.867314 1.111717 1.109537 1.081543 1.219576 1.116992 0.977364 0.907087 0.805226 1.012471 0.993036 0.981078 0.818974 1.021732 0.887824 1.135268 
1.242357 0.800982 1.125064 1.252761 0.824739 0.916771 0.983114 1.088149 0.927907 0.809256 1.159548 1.242458 0.955081 1.157545 1.103807 0.818740 0.998599 1.234799 1.108368 1.255935 0.930629 1.063043 1.183842 0.913233 0.816548 1.224688 1.101078 
1.247388 1.192909 0.918742 1.054252 0.809439 0.838553 1.025424 0.811463 0.914156 1.104207 1.239380 0.822316 1.155854 1.253485 1.090144 1.116279 0.810532 1.109949 0.923378 0.986084 0.982850 0.885693 
1.215005 1.144753 1.075299 0.848341 1.055455 1.066244 0.847002 0.887529 0.812997 0.994932 1.224129 0.831682 0.795390 1.253485 0.841051 1.186351 0.993206 
1.254152 0.959781 0.844038 0.864698 1.220503 0.799147 0.943442 0.802517 0.867171 0.862586 1.106218 1.220799 1.056917 1.109575 
1.254152 1.001250 0.798024 0.951837 0.984949 0.798956 0.865211 0.875699 1.248934 1.124857 1.015388 0.903784 1.131214 1.099619 1.069918 0.852535 0.830642 
1.254152 0.833836 0.806205 1.112282 0.813732 1.214690 1.092762 1.059240 0.895369 1.003829 1.041112 1.039306 0.797407 1.071874 1.074769 0.833668 0.799121 0.918815 
1.254152 0.927851 0.807396 0.804313 1.080174 1.189388 0.913844 1.082475 1.254290 0.873359 0.883371 0.842815 0.854058 1.024461 1.172137 1.100034 0.909198 1.040804 0.896667 1.132274 0.960636 0.903843 
1.256792 1.206335 0.805654 0.801115 0.982728 0.895747 0.906644 0.832151 1.063582 1.029870 0.906362 1.215777 1.017236 1.078129 1.040720 0.986157 1.073824 0.940980 0.867065 
0.831225 0.972739 0.823731 0.834127 1.028466 0.804135 0.849446 0.841276 1.061349 0.900245 1.250000 1.252467 1.246728 0.891136 0.910333 1.218117 0.975572 1.243601 1.010709 0.989076 0.816825 1.056536 1.032171 0.899223 
1.239871 1.085317 0.809154 0.809660 1.247763 0.908185 0.797842 1.163322 0.802695 1.118016 0.806043 0.914916 1.061533 1.246975 0.971614 0.991526 
1.236663 0.951718 1.032287 1.128755 0.987217 0.907532 0.800970 0.795968 0.810237 0.855439 1.235124 0.944416 1.034554 0.885862 1.249187 1.231933 1.235145 1.053124 0.805643 0.894383 0.819699 0.934937 0.960503 0.802867 1.024286 0.986610 1.029507 
1.236663 1.003403 1.163888 1.241946 1.230839 1.045142 1.037937 0.948667 1.063661 0.961903 0.844238 1.160275 0.896291 1.014815 1.184523 0.925203 0.876550 1.064103 1.179951 1.244411 1.145496 0.855472 1.081447 0.978508 1.109060 0.829751 0.828481 0.919446 1.183835 1.011208 0.998009 0.860832 1.053399 1.196901 1.034277 0.883628 0.881759 
1.236663 0.926685 1.091417 1.026917 1.014480 1.240330 0.972064 0.847457 0.916618 1.020370 1.124212 1.169144 1.090901 0.822051 1.180311 1.076689 0.833712 0.851160 0.873692 1.211874 0.966328 0.842361 1.116307 1.011269 1.044733 0.806550 0.944477 1.240227 1.187363 0.806387 1.220554 1.227051 0.861632 1.080661 1.025747 1.013367 0.980978 1.163072 0.941630 1.216757 1.195813 1.038721 
0.834045 1.238977 0.887568 0.806550 1.040417 0.892527 0.807098 1.246976 1.107952 0.835899 1.024624 1.171410 1.196659 0.866542 0.842216 1.023064 0.875870 0.865642 1.206556 
0.826986 1.232644 0.907262 1.112464 0.821081 1.012113 0.944177 1.246072 0.911237 0.804339 0.906121 1.142354 1.033052 1.047603 1.187872 0.878003 1.209924 0.814413 1.116761 0.868817 0.976825 0.810171 
0.920789 1.232644 0.964783 1.221814 1.147230 1.078773 0.797159 0.971983 0.823718 0.804339 0.882899 1.199576 0.981523 0.977456 0.869082 0.981914 1.107018 0.828696 1.075668 0.974196 1.246009 1.011069 1.187899 0.900471 1.129809 0.939026 0.810853 0.891766 
0.845269 1.232644 0.843323 1.221814 1.071504 0.877606 0.864652 0.883245 0.928085 0.804308 0.906879 0.947574 1.021380 1.008174 0.802550 1.044190 1.180451 0.834547 1.022500 1.198917 1.041490 1.225129 
0.800016 0.877811 1.019074 1.061746 1.237891 0.995607 0.912215 0.889177 0.798091 1.126213 1.145451 0.960656 1.052195 1.252267 0.868646 1.051742 0.796302 1.228650 0.900812 0.999743 
1.221772 1.252509 1.037522 0.984611 0.854344 0.801649 1.059216 1.001918 0.796488 1.240694 0.841578 1.251134 1.068439 0.895464 0.922673 0.834261 1.085364 
1.252038 1.198162 0.799457 1.201423 0.845709 1.153431 0.933253 1.072657 1.090126 1.204176 0.870426 0.865490 1.041717 1.258407 0.832554 1.014129 0.796684 0.988900 1.257240 1.122011 1.250185 0.834508 1.009899 0.823134 0.897034 0.855754 0.988639 0.819370 1.033423 0.969307 0.963799 
1.126723 1.032353 0.816365 1.077120 0.795792 1.107593 0.821201 0.922911 0.871602 0.948349 1.255614 1.173121 0.797356 1.057148 1.002653 0.806781 1.145161 1.209071 1.185010 1.017358 0.987934 1.228151 1.062351 0.807976 1.080823 1.046548 1.178437 
1.213696 0.941096 1.253843 0.906041 0.809245 0.812204 0.808481 1.127527 1.004185 0.837319 1.116725 1.255230 0.873142 0.952940 1.065701 
0.911799 1.252982 1.248659 0.837441 0.864720 0.891879 0.997507 0.897732 0.859188 1.035254 1.242815 1.120385 1.061656 0.846889 0.799143 0.940189 1.114519 0.939918 1.012689 1.153418 1.005246 1.155122 1.221185 0.835157 1.046729 0.993410 0.914022 
1.070218 1.219675 1.248659 0.799143 1.122498 0.820005 0.830288 0.852214 0.796336 1.059738 1.199873 1.183801 1.256729 0.794880 1.078332 1.203559 0.971585 1.085098 1.028622 1.095709 1.183283 0.992037 0.970162 1.036613 
1.035457 1.087893 1.236760 0.799143 1.193564 1.227098 1.152102 0.820500 0.798449 1.126975 0.914368 0.951245 0.871619 1.119342 0.986127 1.134771 1.000668 1.166242 
1.098459 1.045849 1.238633 1.172607 0.934016 0.794962 0.803944 1.202147 0.798449 1.050834 1.152728 1.181965 1.018830 1.046529 1.080287 1.025447 0.978779 1.052228 1.149830 0.817702 0.924267 0.981458 0.870582 0.890909 1.110180 0.851566 1.191300 0.837086 1.056018 1.256425 0.839341 0.905085 1.169310 0.832406 1.239458 
0.865450 1.028114 0.972872 1.179842 1.226603 0.798037 0.940287 1.149160 0.798449 1.125961 1.227365 1.067112 1.152289 0.813526 0.949791 1.140050 0.970682 0.985419 0.803201 1.223172 0.864391 1.059337 0.903906 1.135841 1.036902 1.015030 
1.052415 0.859298 1.010193 0.806146 0.939104 1.094333 0.962324 1.240546 1.155782 1.136085 0.961482 1.067818 0.862420 1.127988 0.992640 1.223172 0.798371 0.915923 1.230467 1.232642 0.992633 1.041572 0.877269 1.153347 0.890851 1.023656 0.969788 1.130511 1.203420 1.229018 1.012739 0.800180 1.134463 0.946523 
1.070163 1.059034 1.249781 0.823262 0.909001 0.833403 1.235520 0.885824 0.812256 1.223871 0.879434 
1.075466 1.117690 0.845035 0.833009 0.900287 0.904552 1.235520 0.848140 1.252590 1.241564 0.852342 1.016026 0.911891 0.878608 
1.150273 0.799932 0.818790 0.796808 0.796806 0.955577 1.235520 1.003852 0.835885 1.102875 0.965543 1.165193 1.031357 1.230198 1.113610 1.176648 1.041608 1.061331 1.232766 1.243286 1.111421 0.991504 0.828800 0.795642 0.945142 0.928159 1.236885 1.115552 1.011584 1.144764 1.183151 0.947014 1.191654 1.108774 1.178871 1.154940 
0.872180 0.855739 0.827197 0.993474 0.829527 0.797659 1.226365 1.098552 1.006916 1.090136 0.839748 0.953444 0.804801 0.915782 1.043265 1.220395 1.245534 1.105609 1.211643 1.236057 0.906300 0.800413 0.924439 0.880510 
1.097547 0.796086 1.150394 0.825042 0.969298 0.797659 0.908237 0.932543 1.222251 0.864179 0.853514 0.796346 1.164116 0.892544 0.800556 1.091323 1.030701 1.001803 1.060810 1.250860 1.123999 1.027789 1.084042 0.982860 1.096341 1.188599 1.081441 1.179943 
0.939185 0.859947 0.906291 0.889819 1.242514 1.254132 0.832463 0.796486 0.817551 0.990496 1.116791 0.890155 0.939343 0.853586 1.057790 1.003420 0.915449 0.983065 1.029980 0.808736 
0.821285 0.939689 0.882417 1.089891 1.069737 0.832399 0.888416 0.796486 0.812533 1.058379 1.139967 1.214641 1.256152 0.809992 1.248352 1.103744 0.914693 0.939153 0.932644 0.867238 0.917969 1.041102 
1.025695 1.230401 0.977664 0.803302 1.101814 1.190843 0.804427 0.821847 1.252411 0.866891 1.087945 0.940612 0.890618 0.827497 1.090761 0.814409 
1.170456 0.854328 1.256198 1.083450 0.998236 0.800292 1.251871 1.211941 0.952937 0.856483 0.815521 0.863752 1.158585 0.860299 1.161514 1.116738 0.816068 1.068848 0.800140 0.917358 0.942955 
0.907806 0.863989 1.256198 1.210548 0.987228 0.800292 0.799488 0.928110 0.817219 1.198132 1.112528 1.163633 0.863891 1.245345 1.229683 1.216629 
1.155665 0.835486 1.232052 0.834295 1.250408 0.800292 0.859506 0.858231 0.885628 0.832514 0.822935 0.846556 0.817413 1.031826 0.951673 0.810430 0.813749 1.022022 1.020825 1.121691 0.798911 0.871495 0.998894 0.984807 1.064464 1.223863 0.822907 0.954740 1.054080 0.932774 0.909230 0.860801 0.866789 0.916704 1.061209 1.126285 1.005459 1.223578 1.240429 1.108544 
1.027857 1.147045 0.817960 1.215697 0.807005 0.885925 0.886189 1.246437 0.883331 1.155098 0.879527 1.212275 0.817413 0.824436 1.038342 0.997244 0.958415 0.804608 0.908881 0.838494 0.999620 1.150006 1.110746 1.119274 1.247851 
0.923545 0.888346 0.822072 1.151366 0.807005 0.800955 0.999562 1.117897 1.238379 1.124790 1.230197 1.239280 0.900794 1.070111 0.904635 1.216274 1.022230 1.119792 1.033400 0.840852 1.202249 1.001605 1.111580 1.003573 1.227091 0.897866 0.896307 1.048673 1.036162 
0.814774 1.065868 1.029076 0.868679 1.110280 1.144208 1.023627 1.189721 1.234751 0.795977 0.975005 1.231835 0.961034 1.042260 1.244061 0.807582 0.837780 0.916934 0.989206 0.870040 0.806365 1.135147 0.928180 1.255363 
0.883355 0.853618 1.226640 0.797373 1.155859 0.796654 0.902686 0.861168 1.234751 1.107286 0.957506 1.183607 1.179645 0.855099 1.216836 1.049566 0.949750 0.826461 1.106588 0.988068 0.824948 1.029589 0.860348 0.923995 0.911032 1.100871 1.009573 1.007834 0.872998 0.848827 1.247765 0.815903 0.807328 0.818201 1.013631 
1.180842 0.995407 0.828137 0.797373 1.017886 1.059597 0.828031 1.113035 1.234751 0.845851 0.964201 0.994539 1.163858 1.149202 1.250110 0.857306 1.172938 0.800513 0.941502 1.130423 1.034569 1.038141 1.009946 0.914919 1.131183 1.078126 0.848363 1.247845 0.902809 0.968845 0.967752 0.944584 1.034887 1.100483 0.886779 0.866991 
0.955800 1.062306 1.173681 0.797373 0.975315 0.814369 1.011824 0.961228 1.253671 0.974274 1.014125 0.972686 1.173437 1.234260 1.250110 0.835967 0.805784 0.802359 0.936913 0.925784 0.858936 1.035566 0.803209 1.070901 0.944098 1.004622 1.246825 1.178986 
1.180790 1.213195 0.892060 0.795230 0.869320 0.814369 1.240769 0.951616 1.253671 1.168366 0.795224 1.182894 1.114956 0.847189 1.253633 1.054533 
1.257371 0.804189 0.829648 0.972916 1.093761 1.083891 1.199693 1.181881 1.030977 1.192259 1.143034 0.930376 0.845727 1.012089 0.918157 0.990002 1.014994 
1.082899 1.229529 1.199380 1.041381 1.142633 0.802329 0.944620 1.182054 0.939615 1.258444 0.963332 0.893803 1.087926 0.897209 1.194994 1.212155 0.880140 0.838864 0.824139 0.948253 1.233850 1.138157 1.171700 
1.233334 0.935449 0.969531 0.944856 1.170975 0.807756 0.973693 1.225756 0.817945 0.875275 0.971861 0.935117 1.099566 1.090185 0.844440 1.173369 0.840751 1.157818 0.990022 
1.245489 0.823865 1.128643 0.794845 1.230754 1.090818 1.234201 0.820973 0.852533 0.986189 1.098559 0.922939 0.985843 1.013329 1.111183 1.112954 1.016404 0.845554 1.026764 1.088829 1.186113 1.210629 1.058535 1.074068 1.176081 0.848050 0.938512 0.868163 1.207235 1.016923 0.936543 0.870574 1.046176 
1.245489 0.979223 1.210336 0.794845 0.977916 0.925750 0.817783 0.837451 0.804581 1.139920 1.039419 1.033736 0.929683 1.208388 0.824951 1.228003 0.959793 1.245006 1.234490 1.133316 1.148787 1.059236 0.850651 0.834102 0.846153 1.031116 0.969387 1.089530 1.208879 1.046080 1.078553 
1.245489 0.796169 0.796616 0.870007 1.200518 0.985844 0.859511 1.036578 0.796570 1.043820 1.256320 1.250372 1.057493 1.118749 0.794482 1.051118 1.241829 1.080781 0.884397 0.806396 0.859268 1.179446 0.964026 1.033256 1.250818 
1.234426 1.004803 0.882647 0.868980 0.795872 1.204836 0.878092 1.200005 0.795506 1.254573 1.256320 0.935106 0.886716 0.987043 1.233801 1.158256 0.837412 0.881650 0.984664 0.819784 0.921400 0.946328 1.223154 0.913951 0.854770 1.132141 1.094016 1.017508 0.822946 0.850261 0.999633 0.801584 0.934680 
