0.215376 3.730916 173.992814 14.690792 2.941690 187.338436 5.320081 0.888700 51.652991 4.503974 38.529331 0.937561 0.179317 1.322507 0.243506 6.305142 0.933200 81.922215 4.799274 6.831259 1.341138 
347.144584 32.113283 0.753430 1.383618 47.018286 339.997086 174.847644 1.006391 0.359833 8.607231 35.014961 16.405394 16.837263 1.544698 39.440281 733.143550 1.750324 38.604657 9.117367 65.364433 5.424685 6.049494 91.375937 1.464051 3.284624 14.878108 0.339490 11.488057 6.258750 18.030863 0.344702 0.934083 15.598774 166.831956 62.054199 0.262701 4.672075 0.334938 11.498992 52.761549 
125.362813 2.062515 1.507698 20.550538 2.378583 3.313485 6.029988 5.963273 16.422903 1.905750 0.871435 0.330172 2.179802 1.326041 1.013404 0.922776 83.444121 36.924902 0.979046 0.112429 1.415925 0.081755 0.271127 43.906688 71.338230 7.458851 0.263077 
2.286796 2.008902 2.233409 4.128753 0.314012 1.663459 3.286738 0.159117 0.209184 1.214528 22.933645 2.915793 10.400134 1.196894 0.288431 1.962226 2.994169 41.382270 1.644340 35.169306 7.370220 1.332047 0.785093 7.356704 10.975434 12.522387 0.591614 1.094401 
76.159932 7.543965 76.587323 250.593040 0.539015 1.823978 2.534918 0.774207 23.975704 0.887147 0.843832 18.424931 
0.691160 0.700277 0.531317 308.354656 0.892624 0.365482 124.004280 197.896582 908.884030 17.299330 42.451479 419.108716 346.539539 0.263907 0.708085 0.341573 21.290862 3.061662 14.141003 134.120657 246.690905 0.907774 1609.786886 67.984165 421.052404 
2.253067 1.174333 57.609758 9.949101 83.616070 306.083015 224.975215 26.934675 1.556918 97.061976 1.892623 5.077899 243.983403 15.867160 6.642618 4.609666 83.920963 128.320016 33.362446 251.361989 2.443022 0.936651 4.396268 51.337994 1.792356 6.300381 0.984497 4.979710 
1.559649 40.119824 0.871179 0.608200 5.559877 83.446482 466.638691 14.005516 0.585169 9.874567 8.010677 3.473773 58.996088 0.567391 0.204748 616.655509 
0.167076 2.906364 2.805552 4.987578 0.458600 1.636904 2.681833 0.269346 0.640344 0.206322 0.114431 0.480350 0.901056 0.490205 5.206715 3.002966 1.211414 4.191920 0.533973 1.940339 0.298394 
59.404559 1.162942 15.797201 0.246263 0.195448 124.293970 0.388429 4.071099 4.872562 0.183550 118.758483 7.729455 4.240700 0.140318 39.075367 18.345939 2.012907 17.326119 37.037930 6.397911 0.092873 13.139946 
1.357592 2.231771 26.534472 2.111325 5.168631 10.342478 1.709491 5.371978 0.736338 22.372171 0.644407 63.424943 0.604222 0.153075 0.583326 14.530528 0.751900 1.161985 1.946887 13.604738 18.531997 150.643975 9.527497 148.751687 7.717503 63.441772 10.893019 
285.941148 81.068402 670.334763 30.106688 6.946253 5.815221 275.900881 0.674632 22.431116 31.137439 4.207953 27.997022 0.214923 35.787259 0.588154 11.774898 9.612380 1.052467 17.292183 17.771184 2.415931 72.475424 6.327045 11.360147 1.078122 2.269088 6.749086 11.547724 1.144208 0.482173 43.635054 1.434873 1.621408 9.587400 2.574540 41.208974 
35.846808 370.795538 1.237218 4.560706 28.579164 0.777787 0.783603 18.207393 1.302742 9.099375 49.272393 103.339475 25.031710 1.773955 1.048837 3.193172 131.341424 3.125859 6.724065 0.580105 23.661165 8.081839 3.984746 
11.551307 0.638743 0.385973 52.637877 17.468472 0.419171 2.316787 4.617141 96.044443 10.497414 0.622279 1.597356 4.129038 0.140276 5.378329 14.403332 0.330246 3.001546 0.254371 13.392897 1.872839 0.229067 
0.283278 0.429803 36.841824 2.200185 0.843876 1.277509 7.186168 0.841573 18.064479 0.399519 16.188288 3.451084 0.691926 0.026347 4.281087 3.007088 0.018876 74.209110 0.461229 1.333939 26.352028 11.232284 11.148262 101.458633 0.142211 1.868166 19.391222 56.783887 0.789220 18.549604 1.046240 44.133122 0.030120 0.356489 0.092567 
219.747043 29.016846 6.230615 3.579855 0.051166 130.025872 1.896525 4.406778 2.617260 0.777962 111.149769 110.813520 0.096018 0.374565 0.522596 207.677010 0.737376 7.019672 0.490677 1.383213 152.604027 0.234950 0.774942 0.994809 1.416677 57.902643 114.534566 2.669710 0.625444 3.409966 0.426906 0.546831 32.592171 333.157779 2.045338 52.017258 1.214856 11.947898 1.879750 
1.381393 0.317352 0.874252 0.235852 4.955930 0.405278 2.857495 45.415168 3.645542 45.375345 0.767509 21.449025 17.663313 0.989387 1.709000 0.941573 0.096064 111.801572 0.308774 4.022470 66.852419 0.152069 32.927731 
7.846668 7.144553 0.417043 8.959256 12.192831 53.812338 10.421619 1.686900 0.545909 39.627297 209.788825 67.353595 1.740239 15.508845 36.268972 3.173987 3.691707 59.197520 33.315354 0.363519 16.693733 4.362685 131.038196 37.820392 1.936443 5.164943 
0.207654 4.287997 2.022303 7.895002 3.114612 3.630031 0.617174 202.905371 12.492927 1.092036 44.878307 27.741894 2.133819 2.418499 58.935578 2.404993 198.276548 1.972283 1.241816 29.512615 0.157333 8.396781 8.531899 2.425992 5.590881 2.243896 0.740276 8.573184 1.231350 7.946344 0.272737 7.308579 
2.994981 45.797093 5.214385 0.233175 1.706996 0.122486 17.341811 131.032225 5.282463 12.008675 0.702728 2.672044 8.770445 7.150070 0.631574 1.915363 1.913800 5.704762 40.261115 1.580214 3.984700 
0.322094 0.899925 14.801579 5.724511 28.902532 11.742296 607.302445 91.337309 74.551239 43.204522 5.131590 3.308296 2.863592 1.677126 3.188735 15.081710 53.325761 1.175497 3.588526 7.536838 
3.703025 0.606140 29.587809 1.490642 0.247732 19.314216 0.831029 0.809447 4.111505 3.148142 2.374577 0.462938 1.934367 3.983121 3.202095 3.938377 
0.247997 1.192402 0.793510 0.713326 0.672804 0.249699 0.668704 4.013232 0.259837 38.612825 0.057106 6.958192 4.138248 0.104925 0.140207 11.690174 17.287567 1.051435 4.517389 19.339611 6.019975 6.046007 0.120006 0.244623 3.627883 1.209179 0.801569 3.204842 0.897181 5.032322 
0.657594 2.189689 0.495513 8.200312 1.810454 1.487169 9.076035 1.645713 2.949248 9.939140 0.912983 11.343369 0.419091 39.100487 6.920931 8.412267 12.985570 36.115285 2.158705 1.705478 
1.402569 0.502935 83.696384 0.476734 754.380346 3.457696 8.418171 1.297970 2.072698 9.427151 
16.001584 0.515309 1.123675 139.206894 0.359529 3.995948 5.096509 2.607896 77.161180 22.807658 1.353103 0.667492 0.452799 20.041653 2.601637 0.772243 
3.304390 21.492763 3.927476 0.928981 1.759230 1.904432 2.037640 0.628146 0.238288 3.777277 0.338425 56.989666 0.202987 12.724456 18.770253 2.003192 36.684336 1.561488 1.069333 4.794925 8.155650 2.949000 
0.908038 4.011189 14.971700 0.215179 0.228357 3.394170 10.805213 0.736488 1.209770 32.211822 5.218448 134.709616 16.003257 1.212635 36.327349 22.078372 0.559904 1.451214 8.451193 2.289027 1.247602 6.008117 5.503023 10.279459 2.634483 0.847810 
1.513803 4.944077 60.541386 25.485350 3.827858 8.328206 1.975702 7.090437 26.382652 2.540973 9.792503 21.887081 26.101538 0.372102 1.002439 0.981826 6.725398 0.214110 4.565384 9.108639 78.604754 35.399169 2.242043 0.278017 4.361705 0.219689 0.680593 6.790039 
8.744092 26.291285 2.803796 11.797692 4.118618 11.404023 2.616770 0.984814 47.592728 0.923353 1.750126 0.648431 3.161628 0.642261 13.325936 1.481989 0.631431 2.091623 10.957308 0.359037 2.007059 1.863154 1.135821 0.328530 2.519436 1.802898 3.564509 0.402068 9.482237 16.978180 
3.547465 12.249241 134.762979 14.085129 110.156942 22.796562 0.318970 1.275502 9.178646 0.411237 1.678854 320.568966 1.214049 76.662919 5.378932 48.905708 13.398210 0.123141 
12.814288 2.380050 996.979128 0.730599 2.185098 181.144979 1.122111 9.787310 3.139248 15.511916 4.521751 993.909825 7.039740 478.021936 7.199868 278.160422 3.765132 25.177197 17.158591 12.369460 2.571647 
3.218542 4.374808 14.297869 28.899881 211.402311 0.367469 14.541826 10.067464 2.511708 2.616934 14.223310 5.564717 0.862754 9.917976 0.900025 0.435229 2.298878 45.473048 0.579613 0.337016 2.318054 31.164121 6.930907 9.421298 11.961517 40.595355 155.192974 15.136657 
0.334083 17.094620 326.287486 1.362200 23.642485 6.534554 0.613797 0.211456 12.456112 5.199763 0.510458 41.425732 4.777455 502.540402 18.622185 3.338048 49.231588 2.560667 5.222892 0.571818 0.356508 9.118455 239.919562 0.323398 218.366556 
0.428091 24.242154 136.885847 0.200954 2.699634 4.447231 2.515806 151.035129 1.083881 6.153446 3.567507 1.362596 5.240171 166.849805 4.264430 4.379275 1.842939 1.950858 23.051629 1.135745 75.375024 22.743327 9.942392 4.869921 
1.031189 0.305058 1.514298 118.615020 8.591509 2.041121 1.177130 1.088705 0.760549 1.355792 2.796640 2.048755 0.491346 1.023777 1.250580 4.733873 62.999577 1.358915 2.835159 41.035527 49.841485 2.930596 10.012427 0.490540 9.774560 5.564591 5.565618 72.740453 14.126275 5.549961 1.434454 0.348027 7.404308 
7.933910 2.941013 3.063418 4.170568 5.183933 1.608763 1.555466 24.987356 1.308382 3.014522 0.741560 6.359733 0.950197 2.501360 8.081376 0.750891 0.977787 19.937791 85.840354 0.236249 0.374478 0.147713 0.635168 3.051946 
10.617332 15.147194 71.998233 6.802314 7.641417 1.512523 2.189272 3.773843 0.060818 2.690891 17.549449 5.800135 20.453703 3.042781 3.592732 1.497813 0.241686 13.372135 10.264405 4.866672 1.013829 1.051981 0.380899 
6.458620 0.630329 9.936602 0.533085 0.711009 16.891317 170.607530 6.114059 6.234490 78.007752 0.091476 2.410469 40.998449 166.122650 77.800450 0.656476 1.876312 14.940947 0.223402 24.465515 
0.282586 3.498608 21.601487 51.953999 98.591249 0.677938 5.691776 7.956462 1.850544 29.207828 36.519866 78.178385 1.346654 33.773238 5.589206 5.407441 17.362643 0.733864 0.628469 0.055435 18.230723 12.536552 0.071611 11.870863 0.256477 28.635673 
11.289160 0.265657 2.205596 80.790560 4.328458 0.259017 29.801261 1.059230 10.609685 2.671126 14.457909 17.399961 7.395730 1.238945 0.648568 2.032438 65.535066 21.025528 29.214483 0.308112 128.105722 4.950222 2.156858 
3.936806 4.031715 11.529248 1.588701 81.216502 2.509249 1.568061 25.019841 27.498844 0.286204 22.804240 35.442161 1.388721 22.845524 6.207714 25.774515 19.289382 173.752966 50.688383 28.817268 1.435271 3.597558 1.798060 23.105508 2.311340 6.543399 0.269957 32.893721 27.043606 0.698769 
14.817061 28.250235 6.632449 8.840369 55.454634 1.629210 1.821306 30.840424 0.195941 1.022901 8.834796 12.239708 10.763167 0.796734 141.865035 7.102097 0.330553 17.404035 18.436382 8.521362 0.462087 12.247430 48.675895 0.620190 23.494115 1.797732 190.563114 2.059093 
1.108522 22.778007 2.637570 0.143345 21.036498 48.496202 2.076243 55.473597 4.409393 13.194080 8.118908 472.178870 41.758302 0.238855 30.940359 0.687440 101.884678 84.515089 
2.974268 8.079039 0.911641 0.984728 0.051195 5.063815 0.474165 3.176943 0.646038 1.139506 3.820779 26.819286 33.312906 4.308874 13.441244 7.809645 11.687929 5.565994 11.180979 2.716701 0.719129 0.778364 0.787506 1.331793 3.123377 
7.668350 2.118004 8.280669 0.280623 8.721105 4.036410 6.023642 1.218964 23.178607 0.270137 0.177947 0.330225 
2.771338 1.368483 2.944455 6.727438 4.568515 2.984960 13.249284 0.856935 0.512353 2.302080 2.422098 4.741642 15.515904 20.284522 1.838655 27.961025 10.240838 0.572014 11.335825 1.916942 0.561942 6.627182 2.671823 4.743010 
1.221497 1.546680 0.396828 13.102041 0.076177 1.019713 12.899708 0.064173 0.966929 3.685281 1.146196 1.275259 0.536220 1.117583 3.683906 1.712257 1.260050 5.780090 0.434262 1.065157 
1.776923 1.744127 3.336435 2.311245 2.050195 0.366069 0.875276 0.741061 1.745807 2.097099 3.122496 10.627417 
0.921899 4.371213 17.665035 32.686041 2.832198 12.792115 3.621196 0.469161 1.088372 38.197647 102.222152 
193.048016 2.801506 0.524244 8.627921 4.655145 816.595430 25.791596 14.576452 0.177343 107.087377 45.449029 2.077065 17.113426 5.394687 0.626932 0.527446 33.250546 0.698068 
1.477589 3.958966 0.138061 4.265536 44.840595 2.737927 15.422464 38.174958 10.821599 0.139899 0.454102 3.819789 2.674727 1.498672 0.930666 0.245004 9.965564 2.008450 
0.398836 0.145855 0.116962 6.095360 6.235976 80.552356 3.881054 1.487538 10.038187 3.448434 1.432941 2.568961 97.667985 13.487690 48.820506 0.602776 2.578306 2.361580 4.168135 25.795634 0.125340 1.325407 633.136898 0.532828 1.338276 8.789804 1.586362 9.996370 25.349741 0.918103 2.328599 1.836270 50.340801 4.257152 2.280275 667.088064 4.001797 9.191433 53.853646 216.736308 2.100041 79.935471 444.794933 2.518192 
1.887806 4.688861 3.460144 5.544188 87.016115 0.511465 14.311463 75.494114 83.510756 14.193119 6.422289 11.878358 18.328768 10.033819 1.577215 7.142860 5.794942 1.573776 0.325418 2.563681 40.847951 72.846063 110.583461 
56.980112 13.590237 1.100144 1.723954 182.971995 0.506233 1.380858 1.348067 34.952000 0.491247 1.548170 10.615320 3.732768 1.462399 324.261262 132.697067 43.603570 20.918125 17.321658 62.885869 0.450358 156.279110 11.875511 6.268259 1.362458 202.311669 139.919665 0.908596 0.259895 0.965725 337.402824 18.379128 183.487186 
0.745548 71.214003 1.637197 0.281005 0.579493 140.217146 53.288429 0.780461 0.735047 7.487077 3.863562 10.030520 1.916020 0.861584 2.792089 63.037551 1.040504 6.233206 0.526626 
111.050846 0.159919 0.119261 1.074479 2.351550 2.035246 3.250256 3.996408 5.037568 3.562997 2.536077 9.131467 1.323098 2.453646 22.819779 0.154925 6.635953 0.040032 2.254799 0.753000 9.680660 
4.171898 2.343674 4.185757 36.919366 0.832975 36.019363 24.705044 0.690648 532.349451 5.415625 10.378646 8.147499 1.811001 0.642099 1.298202 25.782228 318.346056 60.323556 
2.946671 1.262196 0.251277 76.806447 1.101652 4.737317 21.865093 107.588384 84.119261 6.942209 7.243602 1.631740 1.351597 10.718731 1.461088 13.309531 101.190520 0.325658 148.777498 72.739585 5.175653 0.836025 
0.086057 0.530368 0.160569 5.234650 0.186317 3.351848 40.746687 3.951741 2.163531 367.288533 143.783315 6.283977 659.546281 6.783950 764.164342 15.208731 0.885413 52.980677 
1.361674 1.279423 66.273433 45.721355 3.579394 2.524705 0.685184 2.594073 7.800380 162.546707 0.486197 66.156541 2.132018 
0.715895 14.084473 4.622485 1.581372 0.505652 8.668436 1.809546 0.798913 0.603520 1.391433 0.454145 0.973170 1.711911 0.967629 0.230797 27.830637 3.062224 2.911568 0.594847 2.601583 27.018558 1.710950 2.057811 16.364131 5.702358 1.006616 2.898344 7.397171 2.311171 2.242961 1.298138 3.034461 0.301620 2.027843 2.921344 0.735455 0.878249 0.866615 1.077994 12.417197 0.371036 13.584367 
0.307645 0.382804 0.208367 16.814511 17.633779 0.297442 16.385647 0.621044 14.548286 11.524731 29.168435 7.774461 6.297845 1.219873 5.323275 9.088554 
4.341893 11.556571 0.658884 67.149643 38.987696 31.525914 12.951345 0.478336 0.632268 35.857361 8.287136 8.576068 2.227058 12.998721 9.723226 14.676337 14.534772 1.732560 0.978639 1.579089 
16.499163 0.067667 239.116005 1.064626 28.265496 12.890499 12.014170 90.613578 1.861411 1.960338 0.912281 0.448270 65.814594 1.637081 1.358221 1.521790 
0.777880 0.445682 44.225167 3.225637 42.634635 0.967143 2.093895 217.944959 3.974359 50.530180 1.457729 328.371838 17.847873 
4.260761 4.160167 0.195579 1.647198 0.255424 0.472241 75.421940 0.350263 1.837596 3.044339 0.430220 14.483448 0.390672 0.231859 0.646601 
0.615415 1.537692 3.155801 13.775620 0.465869 0.374985 1.639466 6.280476 5.149163 5.213598 8.809826 0.992234 5.568433 7.280106 1.705239 0.389421 5.187195 
8.009797 0.065969 0.458043 3.779199 5.861743 0.556525 1.724167 0.063058 1.640082 4.316899 18.597528 9.076455 0.472015 1.618865 12.536963 5.123356 14.723195 1.564747 1.956824 0.088307 0.659034 23.312659 
0.554724 1.283312 0.969742 8.386288 18.100577 1.159887 13.762854 0.684124 4.651831 109.578580 0.669941 2.236764 49.493811 5.294934 0.103078 8.677114 0.152860 1.484822 4.000721 16.653323 2.153601 1.792643 0.905297 1.119141 9.329130 0.772920 0.849284 1.327477 14.935388 5.730511 0.133670 16.556565 0.458391 0.453678 2.220794 3.099507 1.907687 34.646504 
0.394937 1.483132 0.144223 2.767553 33.269882 9.416474 6.473410 6.546364 135.562796 0.221063 49.511452 1.478032 28.446262 0.465978 0.295079 15.155645 7.989621 0.400836 95.051420 0.429051 2.287901 17.538397 
31.632531 3.815744 0.515704 7.417260 2.265907 5.794343 253.710891 1.249373 0.910463 0.906027 27.282376 0.079427 0.079774 29.924473 1.188398 0.072921 0.456036 3.034644 0.596602 27.073351 85.328182 31.740589 8.309760 17.935135 3.131244 
0.503379 0.331098 1.688907 18.524813 11.636883 12.241266 0.133374 7.741966 23.727193 7.756144 49.489533 0.907496 8.596008 1.947302 2.174875 
0.479926 31.542867 9.320674 5.535743 0.321271 23.251862 8.367276 18.869279 8.344140 5.917260 33.585526 10.758579 18.932938 4.217888 4.947765 0.289727 5.239403 2.255811 2.489535 31.808365 5.594482 16.746911 71.475758 6.506247 8.035608 4.529874 0.454129 2.506016 
1.012430 1.921593 0.811524 0.839122 1.807801 24.081888 2.480383 2.033939 11.453540 20.946373 2.272823 254.500168 381.208919 4.419058 4.764208 12.390188 1.058486 4.490292 0.292901 38.195367 10.465638 160.802820 88.218204 41.120674 80.160782 1.021350 3.561185 22.340020 18.254778 29.700989 0.312918 5.541400 1.366663 258.962342 0.314617 1.337416 43.189544 
1.483525 94.649492 3.358638 6.545243 5.409632 25.145279 16.208780 0.877340 10.187905 13.598798 3.231204 11.176592 0.050057 2.582138 5.162183 3.855962 43.563670 0.626707 0.834354 9.149732 0.347501 0.657829 0.137530 1.311543 2.756024 33.379769 9.658945 0.328215 5.669618 1.288701 0.917869 227.939668 1.591614 63.219773 1.976906 4.746118 2.752436 1.578669 2.113856 
1.043696 3.717193 0.995349 5.285879 0.207896 19.980021 3.091786 23.484079 28.047900 44.620421 102.820745 530.384896 26.988739 1.113194 30.095185 811.409520 2.103046 192.669469 3.907742 31.288699 168.361468 14.011577 5.068526 91.907860 10.413478 4.482015 42.745804 2.395719 10.852701 
600.159742 2.170278 0.162820 0.704115 26.635556 2.852302 2.329172 1.960843 878.508062 19.334457 1.949655 52.584933 3.206686 19.086902 
0.282500 1.420545 0.973591 110.213859 0.440020 173.320236 6.408212 36.283911 7.574158 2.758152 4.919796 13.764632 8.489238 1.496865 4.094003 87.970004 9.606682 34.522100 15.807671 0.829076 25.768048 
9.788236 0.489285 3.257094 0.478005 120.595270 146.267278 0.807902 61.789290 0.976381 2.370059 2.311650 2.290347 1.598802 22.780446 20.441131 
17.026767 50.511566 0.198983 125.814515 33.192985 9.327067 2.399362 12.337560 9.069182 17.466505 30.511489 1.268765 9.133943 0.271600 0.121198 0.499680 2.470879 0.169645 7.563979 0.952919 21.234098 35.671915 27.843499 151.069287 0.173146 5.556954 19.820666 43.003836 18.746674 3.590807 0.118564 28.067848 0.548082 
98.230651 1.199554 6.497177 15.351675 1.556307 1.770828 5.329683 3.744819 0.480279 7.039579 0.415366 3.441386 2.170468 1.184201 0.107961 
4.175537 0.185252 48.944806 6.618047 0.885700 22.166740 0.313017 0.030634 24.126952 15.532667 0.096512 0.775649 2.885421 1.905397 0.261808 0.352652 1.792887 0.032823 2.506557 2.425250 0.676164 1.189759 1.296649 57.067066 0.180474 19.916674 21.916580 0.483086 
91.279496 14.293167 30.749332 30.124213 72.202334 1.283827 3.273894 4.892231 0.280663 14.362591 0.733361 5.597789 2.873349 3.537040 8.812502 105.145738 7.856918 9.482137 0.358808 0.476961 0.101498 139.309105 89.374954 64.599378 1.556499 0.534524 44.878863 2.716024 0.387497 0.863002 65.589389 38.460866 143.724858 1.831835 
1.038588 9.683691 1.856139 4.629665 11.230519 0.939295 76.848430 7.431916 11.018500 13.020926 7.757641 0.140189 79.121876 9.952679 62.857549 1.924314 2.463589 15.195804 9.329695 1.592276 
0.805383 0.261737 3.648982 1.328350 4.933051 7.193066 1.965868 0.296783 0.072980 21.693147 115.748050 0.767939 8.360531 2.043850 1.828347 2.760691 7.889849 0.599062 0.365051 1.186550 2.323690 4.970910 
7.898888 17.051547 6.344090 3.914238 27.415873 4.601324 0.260738 10.938655 63.207795 0.267102 6.647092 0.518814 1.449811 4.321409 0.312495 8.139863 1.083391 70.457660 3.260241 6.075802 11.300327 1.316049 
23.815603 0.358859 5.172395 12.062283 444.515750 49.243457 1.919710 0.138454 0.355950 11.753695 0.924130 2.029078 0.246863 2.273723 0.957262 15.478912 2.878262 8.444556 4.801526 74.659607 0.303079 1.801112 4.246513 10.593758 16.878988 10.825794 4.133920 2.182774 1.205355 586.534942 2.211035 16.674937 
1.694788 0.774567 0.671838 6.531691 7.968559 2.730656 1.825457 36.051063 0.204756 0.247636 1.262981 3.168573 17.076718 3.186270 4.441305 
0.251544 0.365396 0.222546 5.974409 236.485336 0.303645 10.575131 7.278830 1.631824 18.280223 6.577845 6.700192 19.264021 4.034478 2.775165 1.748189 40.865674 1.914487 0.446447 0.053259 10.323084 3.589510 0.755940 2.488504 
3.634884 0.699501 28.049088 1.890225 29.927078 73.515278 0.344360 9.232071 61.345237 196.391313 0.835104 87.891638 2.607711 126.059684 2.954864 
3.620847 0.196012 4.101804 0.658781 13.087600 0.183102 0.803521 0.678386 1.791251 22.089048 26.800872 4.579933 0.369887 6.476429 3.089803 0.091028 
4.570683 0.090610 1.931150 0.066838 1.615301 1.020766 4.194620 0.779884 0.653600 0.419374 0.255613 1.519856 0.124184 0.102262 0.814537 0.379909 0.074505 0.085121 8.756101 0.849480 0.071758 0.603727 0.026670 2.040697 1.622101 0.115921 3.264646 6.308597 
14.946955 6.622201 2.544448 16.043342 21.612137 1.020355 61.639444 1.342259 2.597291 0.544865 0.784436 11.424374 9.320618 0.402353 4.054589 1.021710 3.504264 2.584878 18.179188 0.968623 2.260930 
2.567471 1.019135 1.623138 5.627353 0.419129 0.730550 79.277258 1.480863 7.281102 0.229632 25.156344 0.814543 73.938762 3.716953 0.173865 0.333914 338.381077 12.097834 23.477974 0.621055 48.933155 3.242843 30.346439 13.952562 1.838801 25.719046 1.051869 47.055440 2.370626 10.396170 3.416716 14.341364 9.872572 14.092983 140.885811 
2.302385 0.402535 0.505747 2.041764 4.507738 1.863353 0.243288 0.206739 1.819465 1.360687 4.466804 1.931131 96.942714 0.178944 2.005287 0.230889 7.029742 
0.999299 110.053115 5.274807 13.060664 2.428228 9.695615 9.312202 1.483812 50.661569 2.813683 5.502195 0.301813 1.950578 9.556808 144.708564 43.153489 2.138341 0.346874 0.815008 0.110189 8.387138 9.967400 
34.380823 0.726335 4.408101 1.752552 14.138927 4.749444 0.973851 126.871572 19.203890 3.471039 3.312489 2.126967 34.463336 0.297253 2.727470 3.522300 
0.173016 0.434534 4.658924 7.397270 3.785696 5.928739 47.648736 1.647853 2.175686 8.195611 34.184881 4.554981 1.249225 9.181455 0.373807 0.032403 1.431085 1.198003 0.127508 0.127561 0.503879 59.087382 0.087667 2.030428 
2.575775 0.489505 0.402562 3.475108 0.108094 0.942931 85.893295 2.947788 0.220802 2.045431 0.308816 14.681100 105.333938 32.671472 20.106125 0.479139 
56.544723 0.240676 7.217987 0.260473 3.346543 40.414339 0.351743 0.550952 0.804998 3.454234 0.627097 1.833360 0.983923 3.936195 3.556910 0.483768 2.766775 4.256444 33.316083 2.423349 32.627249 19.257674 
96.994696 0.653068 4.731780 10.706467 0.470609 29.523411 0.084785 0.085794 5.124182 2.558349 0.289465 31.502927 1.180306 70.705332 0.078267 3.059443 0.909916 5.776984 0.135620 57.397726 
1.919601 52.977067 0.140596 0.306533 3.586993 73.265030 0.292915 328.977953 5.981066 4.315592 481.435234 0.232496 1.837168 233.880661 0.821273 168.087796 0.677778 2.284962 53.963499 0.233383 49.501726 2.116635 407.547402 1.042159 100.906535 2.611587 29.791009 47.913054 
0.271557 6.178974 0.893750 5.405198 91.073051 48.503892 7.967740 5.280788 10.672082 1.416433 112.354244 0.345403 3.416573 2.324213 10.689216 0.446991 1.886953 3.732903 27.271864 16.593413 1.181024 16.535132 48.860818 14.293454 4.058117 9.222786 0.481785 
0.985215 2.929473 8.369927 0.499566 11.266166 157.021547 0.982218 2.011616 8.395573 6.108822 1.062448 0.046719 3.455475 7.049383 1.493398 11.041355 28.851422 10.872096 4.344113 9.555520 1.312484 53.061066 0.750424 11.273100 5.560929 80.901636 2.014919 0.606826 4.922801 
106.527797 0.543723 1.286542 17.947920 2.093939 143.008345 2.084153 2.010138 19.478570 1.118332 2.749423 2.840708 8.484935 2.167065 0.074412 
6.774504 5.722681 17.786506 0.072832 98.372539 2.201190 3.479485 4.267364 0.181142 0.214297 1.629757 2.239363 4.926971 38.858340 0.569709 37.623632 8.251592 0.823163 3.067995 1.025978 22.552886 15.786030 
6.056136 175.767347 27.697953 0.203597 1.808566 8.404484 13.712272 18.040305 3.146203 5.591367 0.341796 7.701081 62.601632 11.843985 10.927600 7.863384 684.360265 1.341867 40.499819 2.588767 10.106933 14.593177 18.202294 0.859643 0.498727 0.836764 
0.378970 3.412387 3.632153 0.291181 159.879112 1.634792 34.098677 4.295630 1.013134 5.976275 0.554792 0.468638 4.157742 8.106102 81.386893 4.113957 0.461816 1.696113 9.717783 5.873761 
16.832892 0.863203 7.411034 0.650928 3.538194 15.732677 0.523074 60.373918 86.289591 4.270783 0.949458 0.089978 2.680035 46.996574 28.801695 168.885638 6.619252 8.009172 4.860648 26.674197 34.880196 28.023664 4.401917 0.602392 0.117533 8.141919 3.117532 
0.180593 1.051508 3.715368 7.411657 2.174200 0.274318 0.119685 44.455023 0.354873 7.274558 1.346000 2.202854 5.621908 9.328569 10.089654 5.798674 68.740361 1.148670 1.984909 50.497002 74.051358 0.443604 10.693952 4.737984 59.339169 0.165305 1.565293 1.134361 0.599363 0.047111 
1.401094 3.368764 10.973043 12.442971 63.214457 3.497404 0.830732 1.812442 11.658471 0.746687 0.497034 0.863977 1.103684 43.707017 5.310407 41.282113 2.937568 0.999753 7.834162 0.299567 39.061543 3.890495 4.342447 
0.347718 6.876064 1.607162 6.119514 11.798351 0.240560 0.944640 314.054406 5.195332 0.710443 94.533668 1.977451 49.431238 1.425484 0.476129 27.683020 
38.276327 1.455752 3.918521 13.559092 6.677888 8.027387 1.173779 1.399664 0.661663 21.475387 9.006925 154.207715 0.997233 13.178494 6.004000 14.511176 1.188815 5.323597 26.531899 0.098988 
0.501914 3.685502 53.399931 0.628136 2.751195 0.531694 3.924569 16.552132 2.165309 0.608468 32.553543 142.684667 0.296524 
19.281920 0.298271 16.280790 1.132856 0.510995 81.613863 1.340442 2.485007 5.810967 213.923477 9.658374 16.792596 270.371889 3.107161 118.911471 
61.059387 6.011314 53.079983 0.428837 4.796333 1.294481 0.940835 1.667187 3.688401 28.437524 18.271000 73.573905 69.424955 5.896860 7.122464 0.507636 42.660975 8.308662 0.387681 11.617288 5.187056 0.453771 0.331293 0.675474 16.082283 0.271924 0.214491 
2.378855 1.070603 1.944813 0.936742 1.122538 0.131865 19.477302 2.243436 13.775843 9.341203 0.393012 0.495349 1.404158 
1.934240 0.214112 5.337906 11.196320 2.095966 0.653042 0.211959 214.008397 2.310624 11.235679 2.644526 0.571712 1.112055 1.714904 57.942898 2.119462 6.801422 1.912113 2.548385 0.762075 125.288215 20.595607 1.614927 0.881757 
1.613354 4.975361 0.700514 4.002149 0.430016 29.388965 50.803002 1.776081 0.735677 4.139079 2.437992 13.551878 5.457501 4.192268 1.178729 2.716767 
1.221420 4.784356 9.369858 4.976815 0.388983 0.625910 50.775993 26.757250 2.401416 1.655320 0.221958 3.453520 1.168034 1.121124 1.696369 14.164818 1.060565 84.643518 31.640018 
1.598958 2.137661 0.770701 45.218875 1.846064 0.131744 27.145388 0.523227 3.075067 678.098294 1.115088 8.659072 1.084866 0.916489 3.302940 47.303076 7.190381 93.226746 0.263516 
1.279736 1.940216 47.581737 40.076457 1.321984 0.769309 5.192432 151.260355 1.277801 4.345991 9.836097 87.678502 1.266815 0.308399 0.619889 0.339607 10.523738 14.343358 1.507012 127.442180 7.092459 2.673048 103.052196 0.431056 0.229677 13.388202 30.374950 1.040403 0.669912 
0.275499 11.474074 0.128527 1.015360 0.826165 38.493653 1.116807 9.061007 0.412415 0.384553 1.587803 0.118286 0.394568 9.087238 11.956144 0.601836 24.642022 0.367808 5.818861 123.027332 1.396436 4.452254 2.089796 10.027429 0.734109 21.306520 0.884195 2.389181 85.470568 
11.374503 0.026332 30.292848 0.230990 46.153931 0.235669 25.478694 1.778975 6.129178 1.936203 1.149702 127.473540 3.758394 0.053405 4.768133 19.266933 
0.750335 9.683215 0.929683 7.754382 2.343421 2.770493 9.146698 5.456046 203.994620 36.601253 1.929549 11.503501 0.588248 0.357197 0.450461 33.895596 180.232744 8.684668 1.263822 0.656650 1.898275 4.183540 91.863686 12.700997 
46.959609 3.498875 6.151896 26.782362 65.133917 4.787406 3.899809 0.241773 15.486244 0.622278 0.050007 183.867159 3.028899 89.154652 0.458755 0.683426 5.100129 12.169144 2.502365 190.145605 40.287545 3.079089 1.114344 0.915131 2.680335 1.233308 3.367232 1.068660 0.123452 0.286947 13.999182 0.083058 
5.335829 41.118705 7.598696 0.149304 1.030414 0.628992 17.065923 6.551772 1.325134 36.353641 1.331335 1.244507 0.715858 0.290566 3.414028 12.136173 10.429243 9.685603 45.847331 1.921391 0.433506 3.494732 1.220180 7.235620 40.754324 1.401455 16.696007 
1.479429 2.416060 22.018359 21.739991 0.635146 0.115576 0.823938 18.023073 3.640772 39.242687 0.154231 60.498214 21.816447 128.751556 0.334287 2.082750 0.195821 9.948889 0.660659 6.886683 2.606602 9.234992 3.486168 38.038806 24.521709 2.620309 0.182154 11.022361 46.516766 
23.251087 0.161328 35.356770 6.219657 1.718209 1.128637 2.389872 0.388913 15.129255 22.049640 165.934796 8.470396 19.044383 3.715849 40.708701 269.107452 5.552293 0.522701 1.088854 0.720280 6.824827 0.100512 2.778018 24.643769 2.539255 1.266125 101.535436 
0.966597 2.426423 1.123381 94.303963 3.777908 12.448940 10.594000 0.698772 3.914355 1.782305 100.319353 22.792835 1.134730 4.455137 5.091787 10.137918 6.295937 0.573713 8.673555 1.847158 
56.438856 1.269705 26.339661 3.476517 1.032035 44.555856 21.701053 184.800025 4.137430 7.178508 191.261142 11.180574 69.244516 83.937682 83.658386 0.487788 10.927041 
1.604760 1.419359 9.835436 1.378372 121.311356 0.367854 2.605274 4.927650 40.349797 0.303014 0.631220 1.485002 325.760125 7.150411 2.207352 10.647463 31.564406 0.374871 
0.843525 2.073295 14.100648 0.610997 0.508130 5.414658 21.014301 22.017334 6.889557 283.511479 24.820246 3.823138 93.901269 30.527035 6.903642 18.102770 7.214351 1.541665 15.476805 3.113542 8.512049 7.759036 
0.467309 0.106712 2.791266 6.720684 2.673615 8.869947 7.914093 
1.729554 145.692635 0.988213 0.761944 27.890267 88.413645 0.040217 7.358575 8.003217 1.250015 20.492896 33.071594 37.527725 129.216700 1.611401 0.359799 0.087411 
6.082061 51.977000 2.689077 98.521394 99.427762 2.424359 3.264822 0.629725 18.800487 0.591993 35.670569 23.997220 27.188122 7.733266 110.352398 3.773846 3.187553 1.166414 8.985498 1.549142 74.341678 
10.722289 3.036680 0.298911 13.411949 16.035869 0.798686 1.597494 5.828315 0.158184 0.422229 1.521211 0.986953 3.612238 3.212198 29.903042 31.806838 0.388511 2.547633 2.149355 0.281562 1.529960 42.829635 
0.349954 14.037011 0.405755 6.180944 1.661586 22.684527 0.442568 71.098619 27.477232 0.295075 31.783202 88.617793 221.984566 333.654130 4.789341 5.263895 6.511547 0.537146 2.250044 9.756051 61.305591 
2.481399 14.638629 0.606896 61.001189 17.719391 76.094162 0.486343 122.124093 118.599028 40.352524 12.318544 194.569554 6.314903 8.594943 98.838126 0.844624 1104.360833 76.894928 7.891234 11.748112 1.355196 0.306182 
25.330131 29.224921 3.586317 0.336980 6.932812 1.660465 2.153581 79.130119 16.143111 0.217099 2.563291 4.717867 0.027447 1.530706 0.322510 0.366067 0.824176 1.295108 0.878147 9.373504 2.191178 28.678373 1.913483 0.358050 0.493461 0.115370 0.026122 40.670830 1.213424 
0.368967 6.210683 18.047480 278.730081 3.314844 22.084023 0.179213 4.233642 1.436520 0.179226 0.552608 23.052020 44.645832 22.922570 4.026666 6.486115 1.010423 1.699887 16.921091 0.734823 0.633568 0.202434 12.321272 55.600225 5.063883 21.757865 
1.151642 5.263657 1.755825 37.418861 15.542612 0.544670 3.506053 23.281456 0.882232 0.753845 2.713025 16.954019 47.841316 0.029325 2.717165 4.044520 
45.675936 0.727402 0.289442 9.020072 42.415360 13.177004 342.587165 22.056762 7.589356 16.386068 0.639197 21.272876 31.492520 0.747521 30.784021 6.032222 7.282381 0.250629 0.871510 1.165837 0.346191 0.536100 1.003357 1.170916 4.102646 2.469620 6.362079 59.918495 8.047205 152.206964 
0.828513 0.784307 0.755123 27.992611 8.371372 0.513279 88.316578 0.761721 0.324624 32.633123 3.292532 0.930762 3.426522 11.019337 10.200771 1.309369 0.557095 1.119278 
1.835024 0.658155 8.805636 14.035524 3.228914 5.660834 33.738588 0.116398 0.257425 2.123093 3.811795 11.741631 6.333543 0.559940 13.257693 4.118200 3.524877 1.660749 1.080201 8.173020 0.910053 6.340549 2.475626 
69.358782 81.388489 2.788238 127.410551 25.736843 0.313470 6.713824 2.517551 15.488654 0.780704 0.986357 55.986732 6.154523 
2.479031 153.247199 0.793628 1.006056 0.176174 1.194648 3.162907 2.765820 4.049990 0.922023 64.142127 17.515679 1.671382 3.355933 7.580344 25.429120 11.768304 433.839769 4.072456 
0.476826 9.255699 0.277313 0.191715 6.924700 1.995344 4.326865 2.370546 32.148964 0.330516 0.218236 4.129362 0.691943 3.616997 10.219277 1.377691 0.636136 1.934461 15.952000 5.254433 5.223650 3.459690 19.408653 34.050466 1.714161 8.627975 2.515556 
62.509580 449.995527 0.504375 2.484370 48.475247 2.951094 0.251753 269.161131 0.526695 12.109400 5.058587 0.395520 1.103976 5.335253 0.133369 3.165067 9.421213 55.986694 17.933815 
3.466534 11.882303 2.931529 0.199234 7.306506 0.449552 1.894169 10.161925 1.760215 2.953379 29.390182 12.793443 0.747607 4.704577 4.776970 0.898020 6.620328 0.952700 2.032085 1.460704 3.595803 9.153075 33.479912 
0.477611 1.443382 9.820383 1.109904 0.022399 0.105248 1.686900 0.290986 0.824784 42.832527 2.091823 0.041997 0.339903 51.919664 0.612886 1.106670 4.241438 4.221599 1.189380 0.418903 0.622562 0.714843 1.955956 
4.066301 5.618014 2.853735 35.473555 5.683214 2.512029 37.848749 8.778606 0.181680 32.368663 2.671738 60.511752 14.247208 3.119609 0.090329 188.568502 0.221489 1.100239 318.694572 0.205863 41.794097 1.144133 4.834247 2.762640 1.491024 0.609182 2.045099 0.211397 59.721601 15.768143 135.250387 0.795172 
27.981033 1.813697 6.820850 0.127684 1.754299 1.138324 0.854326 0.866180 0.408971 2.894955 3.068245 4.635899 88.674204 0.278276 2.204485 3.591306 3.449534 3.477327 7.666590 1.899871 1.863171 0.181931 2.359663 
25.094272 3.070700 26.220631 0.465246 1.182179 3.978709 4.973488 4.216399 7.651211 3.469305 2.340690 2.169274 0.954554 41.940648 3.456611 2.060334 1.610021 12.012500 1.136734 31.443295 8.468155 11.604734 1.173313 4.153358 
41.695369 0.319128 0.764147 11.741064 8.703946 4.801744 492.016252 2.906211 3.096331 14.089622 204.609843 0.122667 
0.410016 30.158293 1.118238 1.186341 3.148975 6.086383 18.287889 0.190914 0.649917 102.194887 117.107621 27.655553 18.553247 19.300885 0.466562 65.265051 4.334597 24.890610 41.276532 41.050043 16.804590 1.935861 0.115361 32.209235 17.272207 0.151730 
5.837502 3.067343 2.194784 0.102866 0.742189 9.512794 93.229772 1.404952 97.586317 2.549612 17.817962 14.379820 30.025691 0.542520 7.923104 11.973840 1.612193 9.222438 1.031039 6.394841 63.917585 84.694725 60.729144 102.436438 58.883229 1.239105 0.472008 
9.349429 2.343299 0.197400 145.297518 0.476738 0.233830 16.925907 0.426762 0.265887 1.701722 29.046245 44.204267 46.156303 1.227379 5.663479 9.609706 167.221993 1.411389 3.231511 208.411699 0.190997 77.268609 25.576327 1.972510 17.694876 242.819500 1.422556 21.563118 1.376215 2.223779 6.929629 1.178257 21.416071 
3.624186 27.775703 1.495943 0.868064 9.584999 5.998527 8.510205 5.135389 7.792755 0.246470 5.230015 18.760202 10.362943 283.171498 0.075461 2.230620 0.137489 1.232365 69.664906 1.938708 148.511089 3.440857 10.619198 43.010533 1.241920 47.617636 3.734342 
2.311331 5.800492 3.259194 0.940590 0.160505 0.672588 1.182295 104.108288 1.680878 35.748846 112.609544 9.824315 82.426157 368.728029 1.446576 5.257658 0.478470 109.446872 4.905632 1.441738 213.991404 15.204599 3.348516 2.413655 51.888051 2.595864 16.887566 0.193546 0.552557 
53.918834 2.592821 0.469507 1.341205 0.169086 2.919159 2.040219 2.359391 0.741040 1.404418 0.735518 0.884749 48.121030 0.423209 3.299106 21.284181 16.564990 2.873269 1.739075 63.942862 0.650663 0.096874 3.042228 0.241282 
0.439872 2.797003 0.190763 9.639781 59.268341 0.252171 7.451697 9.947154 0.604247 3.762121 0.595883 0.051756 0.639905 12.270335 2.273542 10.143118 3.508823 2.873475 0.426535 1.910777 62.676787 1.521694 1.344357 2.760436 7.576840 
4.546280 14.498265 40.618318 6.710867 10.777989 0.144864 0.384699 0.502261 28.173460 2.646723 2.789386 7.335965 4.441383 52.846584 1.077524 1.348411 5.654809 35.353314 137.760757 4.477954 6.291805 15.037229 56.233918 1.675825 0.677403 
0.766141 42.868395 8.068549 0.413042 6.048213 1.651945 85.379927 98.496256 18.720448 300.319729 7.220269 0.234503 20.953880 10.756823 9.979199 175.422806 4.820864 9.892457 3.157090 883.411655 1.250026 2.266946 386.374404 9.921501 0.160788 49.757296 0.560621 2.892935 4.737501 4.353714 27.451415 1309.314655 
0.826978 0.114409 2.710333 0.858970 11.510210 7.841405 2.030628 5.773452 3.101062 2.302529 6.519585 4.365203 0.565751 21.808373 1.461584 50.259964 0.800025 0.610052 0.698882 0.270911 15.162093 0.020756 13.323496 0.129765 4.014867 0.071401 1.037730 2.816046 0.055564 1.041355 0.108544 2.098558 20.319708 5.671364 7.751428 4.665846 0.619431 0.551041 0.668379 0.478499 47.746012 1.183532 8.322350 
2.685084 141.180465 0.983398 4.859878 2.637938 0.497986 0.177288 0.933817 2.484312 65.178415 1.030844 7.179513 7.363207 1.406188 2.701108 2.487294 
8.793921 8.074196 2.569703 1.121336 2.124207 0.470399 23.407188 47.027250 6.346025 20.725939 0.804082 53.701416 1.249769 235.870613 9.393631 1.821896 23.664330 3.880405 153.770434 2.181314 65.456164 69.527410 36.180490 26.374218 184.287816 40.696466 0.389913 6.268125 0.341825 
0.232940 0.435538 2.513379 0.373359 0.071431 0.746111 8.091016 6.235171 16.490808 3.255086 0.978321 4.003436 3.122894 4.178539 0.072779 5.609573 95.357767 24.033477 18.324263 3.501808 51.128852 11.939374 166.603751 249.699006 3.063541 3.659075 15.235036 0.170943 36.515256 17.732961 
4.369668 2.587226 0.241578 1.422680 1.124471 2.526832 4.888772 0.908693 9.097002 8.865684 0.125942 2.029531 8.961489 0.323971 0.109484 10.212165 3.705713 2.574433 4.753274 12.620861 3.515192 2.818052 0.437757 
20.434884 11.740857 4.143920 75.203908 20.546604 10.082606 4.060159 0.454808 10.804949 10.818656 3.277410 43.823817 3.365578 2.345820 2.789025 18.876313 7.692383 1.344588 1.381227 2.494027 0.785140 0.464095 2.922627 1.080950 
41.982966 0.051721 0.096204 1.380064 14.250369 0.840897 0.225130 1.119395 5.141967 10.279456 1.381347 13.308851 35.473155 0.355386 0.301161 0.771260 16.642787 32.615589 42.241186 2.061621 3.659668 0.284750 0.515709 1.472389 35.860316 3.578473 0.211382 58.564566 1.616429 1.274692 
7.639645 7.548145 3.630136 2.413267 4.192231 3.756531 1.299730 0.367287 0.315820 2.357485 41.429834 15.605166 8.137257 22.605522 1.728874 1.670199 113.995293 6.783229 5.622945 0.457572 2.913322 0.747636 11.026341 0.887743 
1.645538 23.429305 0.826177 0.295568 14.678561 8.771273 5.541000 1.279438 5.617720 2.832981 10.653155 1.697541 18.273419 0.421108 95.939439 0.260671 28.678280 19.083776 0.221870 3.202063 227.887098 0.134984 1.749246 0.489432 4.311255 0.885058 0.099860 5.939117 25.501596 6.079229 0.852609 0.297532 81.864442 48.673552 0.206993 265.910429 2.417896 3.910510 0.684118 1.515349 
11.600466 1.914986 12.597179 1701.424295 2.935647 8.829866 0.971607 5.545838 0.836551 8.541325 0.780623 34.572996 0.737829 82.859327 12.723019 
2.262957 33.386733 2.214061 23.844810 0.101678 1.765956 8.241831 2.427997 34.161332 0.433324 0.426889 38.084142 0.087194 31.772487 10.248630 15.375952 39.757474 0.920187 0.249791 1.288890 6.871073 14.122389 7.841221 
25.384816 2.145656 2.959028 58.937794 0.474117 0.262381 8.646456 4.850239 46.662369 5.061982 1.409347 143.354333 6.126421 0.328069 13.307110 1.306271 4.851583 95.761379 1.081587 8.422428 2.968693 331.487901 2.449100 0.820322 2.440139 5.594090 66.656536 0.435560 
37.980022 1.066954 108.249002 191.188310 16.064333 0.567597 27.976140 1.346874 1.978255 27.699721 0.650125 0.245730 8.419922 0.521025 1.391802 4.075889 15.313146 0.653746 1.624583 5.843059 6.854807 3.140090 24.694498 0.066718 20.251827 6.512070 5.426620 12.705942 1.512467 2.866650 0.400101 231.476353 1.128184 21.748893 
27.509107 2.274838 9.399106 4.831579 0.309645 3.223797 20.293346 4.622141 1.095973 0.828023 192.382223 1.939443 3.287381 1.274363 0.482748 56.577587 59.335638 0.487524 3.510117 13.014823 
1.852165 0.578166 1.864191 2.061186 6.261311 33.496911 
0.495510 5.799375 0.802694 1.331928 1.205816 0.521378 0.457932 2.366601 3.210674 3.205322 1.418872 3.606637 39.514348 7.820011 0.033346 5.454128 0.486637 0.451310 3.999952 0.496937 0.204386 31.248770 0.107216 0.377304 2.194192 7.104556 0.114475 1.247693 0.300384 2.204368 10.076541 16.754692 2.957801 0.695007 0.821626 2.562916 0.858562 2.310194 2.992332 1.091572 2.055475 
4.537147 1.312661 0.535483 16.298290 0.409604 94.784419 10.121449 3.201307 2.162507 10.190937 80.794365 2.970460 2.091894 1.382520 0.238820 56.055125 0.443324 28.244670 119.055254 20.024401 1.216400 25.899759 68.147910 4.501469 90.671256 7.873340 0.060366 0.199320 
0.467554 28.427988 6.495521 93.518893 140.247340 0.771504 149.744712 9.311194 0.068702 2.457733 8.452839 0.261625 0.807327 9.844346 20.829328 0.138815 19.607555 5.843428 93.123235 0.529305 39.272716 14.692848 4.072029 0.121772 34.168672 6.835317 0.803598 92.670802 1.506847 4.885628 2.798462 54.019776 5.497831 31.508832 10.275801 157.585110 4.811843 17.175483 2.655651 38.425490 64.629336 0.355406 0.137497 
2.743347 0.090065 0.650872 0.485602 0.064992 148.342520 3.815239 1.181299 24.022940 4.715054 2.542769 0.708458 1.303557 4.805304 41.572259 5.370012 459.887623 
1.348471 3.714336 0.643206 158.290445 1.969629 8.530049 2.156673 13.462413 1.023474 5.161437 38.722014 3.973305 4.586533 1.279116 0.310179 597.632282 2.388087 6.157760 
0.485760 17.516656 290.364245 68.319158 6.875088 8.708719 0.189459 5.770919 27.743702 0.189655 50.108399 9.696360 0.962761 5.086125 0.549273 86.722762 2.551254 1.009710 0.291782 91.971380 50.642315 21.620222 
1.016116 15.312107 5.351865 1.310165 3.830967 1.134965 5.135027 21.919537 4.598009 13.463945 0.636502 1.650583 42.017726 12.589740 5.613363 1.866757 15.059590 4.799429 0.175195 1.121565 2.786405 1.210133 0.502388 
0.388759 1.616237 1.019353 5.109365 41.381459 1.350760 4.710717 1.509064 35.303494 2.950013 1.382764 1.062546 8.475455 1.352193 22.740610 2.096613 10.898728 11.668402 15.095146 0.435632 0.076381 0.064314 146.195768 0.444466 66.682094 0.052802 17.564230 3.484732 34.590374 3.848284 0.671618 
56.125611 109.365566 0.730095 1.300602 2.870136 8.173409 53.471301 17.637339 20.318905 6.620048 1010.932574 71.256393 0.285453 0.433200 2.422822 57.849858 2.685749 5.991417 38.164335 36.902130 
0.989029 50.995006 9.305559 0.189814 3.466226 15.147978 3.259169 7.062349 5.784871 49.160374 0.092417 0.267934 124.550456 2.344419 2.412496 28.938402 119.870574 13.899076 154.722853 
1.038006 9.873078 2.690823 1.313111 19.557386 6.692967 8.491194 6.290458 2.514615 0.514458 0.608792 8.355932 3.972101 6.602670 0.523425 11.131159 1.035225 0.836946 2.224482 1.387684 11.309550 4.098855 6.829913 1.911417 4.990649 16.035148 9.527329 0.765454 0.868327 10.792551 10.323455 3.511739 3.106369 2.105175 1.009735 0.988894 3.968501 4.591502 0.297724 4.261017 2.748374 0.439407 3.508552 1.754573 1.390909 0.600896 
168.808478 4.951779 0.420212 2.206932 1.221334 1.132381 4.515402 0.232011 21.364749 7.146045 14.490273 0.477292 12.289791 5.323159 
1.449368 0.667749 8.034371 6.116383 1.221565 5.832928 0.535794 25.582491 0.951706 9.352810 2.277723 14.557406 31.455564 0.430559 1.412129 22.307071 24.608608 11.533798 4.862521 2.901946 2.894485 10.647274 
7.223346 152.072580 268.267535 1.914007 0.596558 29.070806 43.242889 9.702246 1.297385 0.532172 0.105636 0.675448 12.401335 4.473917 42.255635 0.366544 0.735545 5.260898 1.119066 11.842922 2.944135 12.406795 2.655805 
12.181883 4.145960 3.964283 0.786834 52.256645 0.317075 1.572844 2.219183 5.275431 13.513201 3.197868 3.957930 0.323360 9.608872 0.422379 7.597269 0.280522 2.329422 23.283293 79.379611 0.082056 3.510553 0.786541 11.026128 126.860923 12.729418 0.119563 0.979959 2.363440 1.944829 23.508770 2.506839 
11.440953 1.573951 2.279093 0.475918 429.060748 36.225687 1.106331 152.114313 1.120258 367.217050 38.962637 1.115059 3.598821 2.066791 1.036282 0.545604 130.915861 7.662039 2.196082 6.947845 60.142711 23.476010 56.959043 112.449911 14.196465 7.713160 6.368327 3.252022 6.539957 
2.707179 0.567288 4.712648 0.410729 230.797559 6.092274 1.740335 64.901122 19.344208 73.849239 124.113383 2.183958 5.217690 1.225412 21.566724 1.121068 1.945598 89.317292 6.301431 38.371618 5.260585 
1.165590 0.072060 1.166986 0.864120 180.828034 0.096875 0.412895 8.834922 4.635322 0.081889 9.612475 0.401532 30.042268 0.377702 56.374058 23.358146 0.729665 0.648859 0.600577 0.576128 77.346014 4.771702 6.454388 60.260121 5.620091 0.304860 3.711649 0.309584 3.419030 0.303902 0.983822 3.211969 5.370686 
5.710551 21.604722 1.592907 20.183530 16.503562 9.549590 143.339178 1.108387 7.969373 14.861069 3.799631 14.248247 14.020666 35.851876 2.682921 1.599390 9.745682 2.328095 7.264947 0.255803 3.814161 101.782984 1.568134 8.942090 0.700391 1.568137 57.937314 8.320164 
0.331890 5.115787 6.169017 236.777055 107.124303 0.737649 0.570831 1.182542 79.443692 1.959064 0.612819 2.656830 4.456228 3.187299 2.515455 3.261217 
195.903080 217.048926 1.930151 105.619536 2.033786 29.165340 1.916216 27.455630 18.864227 2.879091 1.170991 96.301183 6.251734 29.742122 0.065173 0.057456 0.127658 7.508930 23.591616 1.162559 14.535345 0.338989 2.254109 1.992821 26.358729 14.119128 0.727566 1.896631 7.368142 0.073789 21.414751 37.521244 0.208369 26.893811 2.571124 242.837731 6.409653 2.993309 2.919518 30.454770 48.613020 
2.310462 1.348181 5.016538 38.049813 11.421527 23.744684 0.137185 4.823568 108.051524 0.073636 6.279715 3.459560 0.829589 12.924562 1.624188 70.568479 9.702194 0.268572 0.565522 0.151090 
1376.423654 2.128430 504.027285 0.687592 254.088936 32.865033 1.580260 33.157471 0.455850 9.334175 0.333871 0.265672 31.099512 19.787617 
0.119915 21.800963 32.799273 11.937018 1.485306 38.177380 11.207916 2.087282 2.393301 3.589083 26.261748 0.863569 84.359709 0.153519 1.191503 9.320032 79.294214 4.349077 1.108173 75.987173 7.646154 0.603398 14.386936 
8.548834 0.779136 367.120793 33.418366 59.311850 10.106276 5.552126 1.258699 3.626284 74.126368 0.202306 5.777341 163.566386 11.874841 
0.493727 6.040821 1.155695 0.404512 0.942439 1.147967 1.958514 0.501152 4.899542 8.523007 0.171109 0.635471 1.665280 6.788968 1.277782 3.246811 0.536440 0.717031 0.642910 0.860104 0.142342 0.075017 0.655068 2.874155 33.085898 6.938117 0.286780 
5.751913 6.430553 12.525794 3.687650 3.959699 0.334976 10.203967 114.534761 0.306754 2.130308 0.400486 2.056143 170.862416 2.684926 0.690065 2.519068 66.598185 
27.666674 0.945907 20.230516 2.120336 1.567918 2.139035 2.655651 13.820821 0.838128 0.078317 19.818556 0.220593 0.106181 76.006469 0.023209 0.632359 0.301144 4.772337 25.271129 
1.676686 0.381944 24.973255 0.228012 0.407940 12.046938 6.397715 34.585615 5.269958 23.556795 72.144788 2.826949 98.297765 42.607893 44.412746 7.091682 230.993303 1.668644 0.404963 
5.583710 2.906258 1.902947 0.405000 1.121836 0.790437 3.158938 1.156005 0.410820 25.854956 10.556357 6.775495 3.514498 1.067861 0.162611 0.579712 5.831801 4.302684 4.703475 1.300935 16.630099 
0.750152 1.598613 2.450599 1.346481 1.454124 1.235270 5.136039 5.247433 0.078979 23.683231 8.792256 2.682526 26.637374 26.944105 0.679457 111.776321 1.683253 52.111611 15.054222 1.970553 3.941895 294.027450 9.288828 0.919820 489.960171 1.707192 0.334842 
17.205386 6.876911 1.232252 5.881472 249.806294 0.246972 0.464315 0.140739 27.382698 2.558010 1.550743 0.438423 7.080295 13.369138 0.301078 2.443879 
1.999195 2.359335 2.212584 0.263999 1.172575 8.382575 6.996946 39.479608 6.008655 0.047156 13.461295 50.877293 0.530327 0.678909 13.688973 3.238818 7.095633 1.151182 80.143013 22.268427 234.404736 23.148539 
6.780143 2.845709 4.668970 4.971251 0.887396 1.749493 1.339482 0.302285 6.494285 15.791205 0.142017 7.359503 0.544526 59.141119 0.259676 10.722599 12.653577 1.091110 69.653361 5.284624 0.168048 8.732599 3.989647 36.656801 0.248072 2.092504 0.251043 
30.448513 3.104967 1.565652 0.786781 2.157178 5.847951 17.611280 11.055801 6.182154 21.423239 56.654954 65.129514 1.495028 48.085261 11.185739 0.206996 0.537258 29.243706 0.282523 6.633981 0.206422 51.991274 0.259541 6.188564 4.609632 35.521722 222.285635 2.749214 8.010508 15.060948 15.979975 16.572260 21.116792 
0.118527 182.630386 5.238417 2.352904 0.173311 68.988794 9.894999 58.489964 187.549226 12.029145 233.346874 1.062124 1.893827 2.770928 0.119697 253.869060 20.411958 4.232563 6.973853 0.502642 4.279366 
0.890851 508.966100 27.896700 21.141427 2.365189 0.552430 17.698532 4.858269 0.337308 131.387102 3.709003 1.536290 42.717295 0.423348 40.433394 10.560674 
4.162700 456.796874 1.554060 0.536789 10.238675 540.332062 2.386668 0.374052 473.409830 142.798329 12.860928 3.585777 0.102585 5.203022 6.906465 2.335611 
0.274747 1.531917 1.403552 0.814686 1.093998 0.039172 45.912046 1.033850 3.305102 3.189815 0.338585 6.299089 7.761474 3.119696 2.184425 1.069836 0.289818 3.760971 1.404486 0.739611 
0.376379 1.356940 2.076338 2.554777 5.034517 17.568262 21.885919 2.469389 0.143884 4.937402 1.594270 3.192500 0.586994 20.996901 1.253126 2.724852 1.944645 0.435896 0.963950 0.064382 0.043708 2.697227 
2.047744 8.160519 1.170858 5.027661 10.612317 32.601541 59.369422 26.477841 12.590182 4.530126 1.295547 0.352010 1.755899 6.103495 5.368438 18.441392 
5.546597 0.752509 0.774685 111.747729 7.063277 63.700764 102.908530 170.377703 34.516282 
44.372496 2.917597 3.403930 2.199669 3.774103 105.188520 61.224186 55.763239 2.803118 37.496760 0.890826 3.675007 1.607500 3.223232 89.942080 119.740444 0.845765 1.661031 19.443728 2.861643 0.486380 112.238533 11.313917 
3.836913 90.110660 177.463723 0.088132 75.749819 9.863262 0.076331 19.324176 0.071668 0.574414 4.274867 69.242667 1.722547 1.180313 15.958876 23.179915 27.764745 1.748147 
3.984410 0.154684 3.313332 5.641191 2.946290 0.656762 2.653488 6.052375 3.624215 27.855898 1.000307 3.716168 22.708588 13.589930 5.357071 4.188454 0.282520 100.914858 7.247438 33.971373 0.958953 13.483601 2.913071 0.961279 4.277825 12.798080 5.091254 24.622681 45.821844 0.602456 1.856626 16.503447 0.069550 27.576848 20.287513 2.523703 0.950200 
2.159280 0.656944 5.626420 10.865124 2.355444 8.295514 3.460961 0.989037 4.881523 46.985827 24.278644 348.617258 3.223475 1.011950 1.896327 3.987944 29.956100 0.258438 0.312820 0.826893 0.667086 0.138469 5.658847 2.582261 275.269386 20.325039 8.693049 
7.398351 4.827128 1.377133 49.802868 5.141742 5.215994 0.503912 0.551918 0.649324 4.320241 1.817283 3.799531 0.574869 11.434608 0.351373 3.972076 9.685077 25.157995 2.820002 5.416990 4.624683 1.650819 6.619168 0.188874 1.342400 5.904170 1.476361 0.240711 24.844282 1.436641 2.988135 
18.626811 3.002018 1.489265 51.526304 126.883649 1.939046 1.144335 0.103928 18.439792 18.909682 24.463430 0.027222 1.348568 26.205556 135.305824 0.367569 1.872312 
0.203274 3.542724 1.260823 1.500689 290.076316 7.435106 0.941252 45.343013 124.882378 2.050830 388.734080 0.383126 120.043766 434.802458 435.877694 47.523910 5.687003 0.675761 7.179986 0.622089 0.182786 394.771237 2.226990 71.382388 
0.177630 19.551855 77.388526 1.568399 1.837962 30.480561 8.898286 2.951053 123.944148 5.716619 15.310345 0.452021 0.104111 15.563170 0.900958 0.413128 2.759433 39.629605 1.442696 
2.272485 21.356584 10.645242 3.953277 1.158839 11.195511 0.363662 0.582634 1.640845 29.708438 11.626847 0.472401 8.947805 1.883785 
331.629891 0.455115 0.758234 222.749302 0.941289 117.315732 3.310141 93.246119 2.374759 515.604004 119.405118 10.543812 23.011596 1356.429034 8.181842 
0.424137 0.907043 3.348794 0.482499 2.013801 17.145801 3.871205 4.562746 4.069582 297.114630 
174.122486 21.108289 4.453500 2.698981 0.400829 2.814474 1340.623690 49.478176 106.763145 1.218048 6.730882 4.312801 3.438949 11.321305 0.327153 1.348117 7.588087 23.886534 15.842014 328.132753 14.959464 1466.926023 
12.446806 17.481330 76.097430 5.418464 84.892752 23.715308 8.913562 0.759880 0.598892 2.302364 8.924209 3.276138 0.438985 0.855802 183.237048 2.213104 52.075046 54.761237 3.604350 4.373331 49.816009 0.403813 0.619033 0.491889 53.253315 9.617530 1.148402 4.599282 22.403401 26.869938 
3.068871 5.628159 5.184392 0.128871 0.385463 15.820181 1.293406 0.508267 1.794264 0.538918 0.794593 0.312327 2.856892 65.398506 0.183311 1.667523 5.897264 33.426392 29.782735 
9.976397 0.954942 176.662450 7.216838 16.887879 0.359122 7.650041 0.663162 4.880822 5.931455 33.105830 10.447450 2.150458 6.901198 0.435184 53.350528 5.821876 18.342608 230.983711 1.866611 39.535490 2.321582 0.881140 0.505847 38.773933 0.619271 8.653299 12.984940 0.231753 25.780482 
64.834244 14.578366 41.409768 0.747731 115.870317 12.428276 0.090812 13.395169 1.106468 137.992734 16.585822 1.581040 1.731628 1.311055 16.742140 19.428403 62.599797 11.356612 
2.868592 241.956465 0.133828 0.306032 5.326236 0.789821 111.212809 2.229729 0.573549 
3.498958 5.307688 96.139609 122.384381 0.586973 18.558970 256.195714 0.530197 9.701345 2.499971 0.170146 5.997841 0.694406 14.422709 3.812193 75.474569 17.085816 3.291053 78.140956 
0.735170 12.413279 19.884361 0.480365 8.128591 1.108692 0.441908 3.498223 0.463517 104.795757 1.159842 6.042895 2.477402 4.192081 2.393919 10.647476 7.067493 15.169002 52.818650 
78.360940 4.194588 5.870521 32.312522 2.180999 32.655891 0.426616 268.154113 14.484787 0.594429 63.819620 8.822057 118.210178 
0.543707 17.558889 5.186383 0.919746 8.015492 2.036349 2.888205 94.508136 4.999417 5.795681 23.267693 6.248314 0.111411 20.307976 0.456327 8.014775 0.576314 1.465085 0.571163 8.857026 2.690412 0.029152 2.190338 14.424395 
24.342863 1.306505 0.348353 1.941229 6.214291 2.179897 8.415608 3.379238 48.218720 0.270926 171.065546 66.775437 5.823420 1.411987 1.095943 2.445378 171.055590 302.238040 5.675122 19.883176 0.139964 0.056150 0.123179 
1.692335 0.924640 0.569692 0.825358 0.514060 45.312350 10.926626 81.804026 0.545517 2.456595 0.251605 2.832716 2.445353 71.259559 27.222208 0.503747 6.134015 5.169407 4.815991 12.148427 4.312856 11.670418 47.628064 4.416044 0.089869 
41.323304 0.309533 0.644736 61.624086 16.316965 182.730799 17.492581 9.026778 0.618330 0.259216 6.592405 14.321562 42.632326 2.174389 106.899405 2.334395 0.327089 0.488384 0.194518 156.787804 2.668167 0.549253 9.493119 0.303838 1.061871 30.721341 48.388755 14.469736 37.602781 
0.805559 5.123374 2.675163 1.662924 1.125488 0.400505 2.540038 12.328042 23.464686 13.214702 2.673822 1.204663 1.815098 16.047997 0.470915 6.271132 13.333678 4.272631 
4.579035 43.552898 5.981261 0.639615 2.761943 9.834629 1.574223 0.406015 44.971462 3.420198 0.356425 8.728238 13.878311 21.472855 2.318300 1.547854 24.701804 6.084179 111.291272 7.621101 1.227587 66.816185 0.580486 6.300934 10.406082 0.887521 2.998707 4.325793 38.984861 0.646851 14.398482 5.645080 0.636693 
1.053541 0.297713 2.772740 42.639744 34.658805 1.079510 1.439578 4.650368 3.981024 16.229232 303.198072 6.517282 18.139610 0.480643 1.848980 3.995233 104.082133 0.170208 72.741229 
17.668741 0.940625 0.139429 16.177153 121.045541 0.648856 3.162164 2.656609 83.397650 6.339643 0.943294 14.685029 17.262181 1.161008 14.361595 2.022612 55.662886 0.407234 156.074566 2.214925 1.444534 8.575749 
246.794610 0.614527 311.549797 6.113580 45.205832 14.134409 0.432260 0.680981 234.115168 1.895842 1.219516 12.228233 107.851053 1.861812 8.253797 265.556736 10.440382 4.125540 
19.769498 18.195089 3.928807 49.896544 0.151019 12.656336 58.327917 0.532683 116.080118 0.754548 2.294353 114.311267 3.806676 2.298471 
13.590308 0.479382 27.015757 1.043422 0.635622 9.005688 5.918554 5.398490 573.649778 3.869566 3.437891 3.874334 49.636777 0.095443 13.341820 28.852480 14.392464 9.135185 749.267965 0.238989 0.568379 1.307465 43.195912 1.393211 11.905727 7.784729 8.104205 0.609969 92.752071 66.634642 1.645338 37.393995 
3.870540 8.863354 0.401564 0.067236 37.510112 7.116324 2.279333 9.366930 3.867179 3.572116 0.528643 1.557222 22.926818 0.506131 0.452052 1.389766 0.303305 4.209223 2.263087 44.068752 16.113178 16.030428 1.059311 1.106508 0.206577 70.240783 9.423272 5.213615 3.215285 4.764058 29.609225 2.990481 2.981085 0.284051 7.223601 10.837236 5.843863 0.200707 1.126332 
22.938821 1.529273 4.244262 2.223095 3.657388 1.032295 86.533044 51.594302 0.155893 56.290300 0.648376 2.903555 111.730327 6.149155 0.071740 0.138313 1.918453 4.827981 27.738915 3.732285 
0.334486 4.527513 48.713144 415.099955 53.584487 0.124476 3.629765 1.611902 0.459835 1.333708 1.456101 11.167105 3.683553 48.843161 16.763971 24.814033 3.003203 3.564970 82.650710 2.072993 11.863083 7.587492 1.239821 1.260612 
72.909831 3.479639 0.407989 0.761221 5.285570 0.317746 2.242614 4.649345 6.117057 7.117561 0.275542 1.858914 1.475742 3.111761 21.079903 1.736656 11.183426 4.208319 2.839810 16.369713 
26.236725 48.099854 25.405630 0.471433 24.122878 26.308428 0.159382 3.393013 61.248825 252.616260 1.552741 0.217420 6.566578 9.731919 78.284611 2.066172 1.230281 457.226931 
0.065184 0.498922 106.885985 3.371415 70.182828 4.987100 0.339010 3.942438 0.691410 0.414022 0.526151 8.039726 2.154114 2.572154 287.936330 74.313117 2.871394 1.040429 323.417793 0.816868 11.703789 5.719231 2.115627 19.521843 95.385665 
2.309712 3.940585 0.120971 5.514573 0.497123 1.531626 0.570353 18.124530 5.969935 0.927528 1.618543 1.416966 
0.634276 1.082449 5.245605 5.026840 3.072540 7.226401 2.426021 2.075795 11.132957 6.105198 13.312474 
1.834525 0.174621 1.672418 15.784949 0.755339 4.743911 15.445579 0.884064 4.283279 12.450635 
2.602384 5.770730 12.921725 53.660404 1.532483 0.121275 41.917697 6.119981 9.601097 0.753913 0.498927 2.380934 7.337943 4.463015 0.721394 1.287738 2.164849 6.467906 4.270627 25.033343 155.546368 
2.970840 8.154481 1.260992 2.499205 8.264037 3.456247 6.409493 65.541615 26.113385 0.722700 14.405112 9.436061 0.404058 17.113984 1.148281 27.197804 1.238538 20.953119 2.806952 1.548886 11.647616 
71.783255 11.247568 5.536532 89.190629 0.113149 1.347619 2.019881 0.268645 14.000261 1.352747 12.290494 4.900396 34.082830 3.534583 
1.172477 1.106942 1.841629 6.832563 5.336950 33.040812 0.688538 0.207912 0.178072 34.807980 1.428114 2.401973 24.633368 2.020078 0.125023 1.966412 4.787839 0.296860 10.121516 0.259231 1.143947 4.058461 0.363919 20.839360 0.057934 11.668924 
52.058405 426.600020 0.188983 12.473309 2.314356 18.844246 19.861691 0.257535 5.029200 2.500640 18.321646 1.756896 8.612915 17.545774 0.211542 196.321030 0.210713 3.808438 0.187008 9.514220 0.321094 1.615724 248.817469 0.563518 29.834720 69.966614 0.846773 1.803282 144.480650 14.526119 
4.344510 25.796130 0.533255 1.871787 5.394391 5.163725 3.643714 100.183824 15.589569 26.895020 118.206832 0.774611 5.828153 0.808612 0.511365 1.439340 456.930383 110.225396 209.389716 0.355840 
1.437563 6.981390 0.728786 2.511167 711.270840 19.757620 39.834503 3.409357 0.281283 81.503204 353.206981 5.262234 0.536177 9.739538 4.852921 6.153840 0.606854 793.276286 
37.668413 1.727801 2.765671 0.874225 0.689764 45.718109 0.533138 29.748333 3.367142 0.192944 32.717461 4.820652 5.856494 1.474011 10.086745 2.465264 64.839883 59.660699 248.392668 117.214008 3.282010 42.595609 5.268147 
3.141716 57.219170 45.393491 2.061054 4.822942 154.090278 86.618204 13.882107 2.147618 0.554304 101.379563 1.173094 14.416535 0.549237 304.877896 3.517870 
0.750620 0.286521 7.386003 6.736606 2.060570 0.268346 9.843015 0.482518 4.176211 20.713945 6.441657 1.602367 59.580327 3.254850 2.140318 10.618359 4.901250 1.350567 103.369753 0.435747 2.071066 0.515008 3.454340 0.464491 0.177845 17.203471 1.602980 
306.215680 39.312225 89.669097 0.986127 0.675243 65.094767 0.547065 2.013398 13.019870 0.588550 0.480421 2.073538 5.819282 0.126288 9.348998 1.271241 0.370930 0.079793 19.956814 4.254704 10.000952 35.479095 5.156702 57.084143 168.166983 20.788386 0.470143 
3.141246 1.285947 0.416715 7.779706 1.701302 4.370598 0.036792 3.401601 240.394991 0.835613 0.104880 0.600959 5.354058 265.593331 55.736258 2.883904 0.272718 0.122169 36.880545 1.858153 2.958365 160.388331 6.440792 51.062350 0.191037 0.362084 0.286229 4.118466 20.923541 0.230221 6.638972 2.232740 0.712868 5.655397 0.454697 0.314277 2.379785 12.752819 12.496754 10.158532 
1.378479 5.959461 102.220659 3.909710 352.651607 0.229528 81.600313 0.941518 87.892581 3.255285 1.174447 25.806825 1.071676 1.087915 4.324801 2.453808 0.409408 5.533963 29.139262 0.604818 9.651702 67.672298 64.956297 116.276853 1.194943 33.857481 6.155593 9.695935 
1.170695 1.830340 3.349842 0.844873 2.490718 1.637714 42.984172 0.462526 0.173819 23.125260 2.359230 2.254736 22.558049 20.779261 30.360470 9.329376 7.830829 17.483840 1.224984 1.195821 
0.505542 1.700835 36.708566 0.896909 0.376358 2.332572 2.331057 0.652452 20.310521 2.899270 2.581860 9.774702 5.246128 1.544315 9.645872 5.517304 9.781094 
0.850532 2.591982 0.252053 4.819663 5.008202 8.145053 3.557658 5.875609 3.652700 3.252588 1.288891 3.363655 1.117177 0.389526 1.451016 1.912346 19.907577 72.348469 9.988096 1.448385 7.224334 12.930205 4.407327 34.391983 6.492241 2.114560 0.175630 30.795888 13.021664 
0.168999 2.928749 4.476140 87.530377 11.780404 29.996088 0.506873 0.892957 4.207631 41.405230 107.927957 96.703805 0.053122 16.871969 3.710343 1.084777 16.869511 28.661131 24.540781 0.115084 
2.672649 6.323480 2.102460 45.792988 1.838324 32.899601 1.920356 24.885409 9.818280 5.168701 27.246768 12.516851 0.590636 63.587892 726.419491 394.637401 7.065714 3.203312 
8.825300 38.941510 20.975868 2.281256 1.475349 22.671674 4.203962 0.194358 110.166451 0.907332 53.513643 23.800246 26.390909 3.404680 3.984871 2.644603 2.510517 3.383290 1.253651 1.523707 0.151315 0.353492 4.073000 29.872795 12.475791 0.453409 4.676724 12.595570 
0.401262 3.646033 7.735693 10.947762 63.353796 6.361873 0.593325 0.480609 4.885319 74.166726 2.025209 4.945078 32.073805 
0.471473 3.786119 22.673427 0.520889 2.124766 0.792067 61.013248 1.732767 9.197030 7.426215 12.618532 11.113296 34.521640 2.677446 14.028048 0.976438 6.271656 6.857297 
11.103118 8.574139 0.807206 0.291230 0.923831 1.662894 0.415172 15.164197 0.361314 0.103013 0.400976 9.060596 87.079164 47.161059 1.586221 17.152488 2.280751 87.087225 3.224419 2.522561 41.973301 1.943724 9.435660 1.173414 0.606105 0.450436 9.411249 59.328625 0.743208 
12.953720 0.719295 3.098119 2.327897 0.758235 2.005740 3.734092 662.544213 695.760987 2625.543234 
0.801553 2.017089 4.582626 86.845666 95.192950 41.099605 0.642085 3.552451 11.261958 9.885596 7.593883 2.330877 16.234152 13.827326 2.631539 2.753723 0.700982 24.939471 0.470361 51.649052 15.720367 2.854663 0.605011 53.545297 0.394967 0.236077 73.850393 
5.223514 10.312874 0.277190 0.407124 111.752288 0.722936 3.025665 3.456205 0.502818 7.892062 0.578285 4.230381 13.397924 0.372969 43.091700 16.843120 8.222130 
0.421918 49.453564 3.690786 98.424170 1.909486 5.156197 0.197791 9.652190 12.697549 1.158983 0.288067 0.458552 2.251617 0.852070 0.854548 3.958671 2.775510 7.408237 0.391710 166.952115 91.801422 
20.238643 0.570681 2.779919 0.568835 0.449041 29.251194 12.060146 0.201254 1.041946 38.396843 3.013652 13.536615 7.255301 1.724325 22.418524 0.223336 0.062506 2.568862 
104.575644 223.771736 6.691571 1.149201 6.105209 27.444696 36.049477 0.718801 0.519941 3.201360 31.076306 10.624801 3.483819 30.977969 1.970270 4.812033 8.216865 6.354607 104.359397 43.230301 34.253335 12.854995 5.578613 21.289499 3.472387 99.580038 0.209961 23.341474 98.432190 21.842578 2.363232 39.871861 16.078324 
18.635835 0.256064 0.726757 0.721849 0.064741 1.846321 194.436961 17.079882 9.159265 446.752960 7.325263 5.603717 3.603948 0.429665 3.284910 0.442855 233.866772 171.960269 10.441115 26.832654 6.267154 88.611813 0.279142 64.496845 168.020071 0.865897 3.801864 1.545393 0.697466 5.622908 0.097797 408.233783 56.720003 
28.554503 9.970565 1.033554 23.642336 0.497778 16.419300 2.077316 2.993873 1.063688 21.393688 67.337060 1.394009 2.357225 1.307306 0.189728 1.518206 63.691136 445.438211 49.475659 218.969856 471.247753 104.508046 0.569670 214.413621 0.667807 6.518109 10.497228 5.927217 28.025442 22.129815 21.056364 2.904047 2.591869 0.290438 12.802684 73.564396 19.453404 2.750185 6.981591 2.027442 5.626373 3.120462 98.195146 39.738351 0.985346 2.661447 36.642800 
1.325788 2.651221 190.527580 14.012659 1.579906 15.074491 6.938684 3.382275 13.145038 0.449285 2.431428 1.170465 1.126351 2.380624 1.420880 6.130355 4.538430 0.384353 5.954855 3.336751 2.307010 1.624680 1.232907 
24.566941 11.494555 1.396112 317.298907 8.393874 53.257870 7.292591 0.057193 1.107755 0.925893 1.795485 3.310536 1.152936 11.507533 6.832666 0.324404 47.859603 1.939405 0.164018 1.495291 0.101319 11.968850 83.694916 0.087652 2.870058 0.694244 0.384038 1.700351 0.972803 0.649599 0.353886 1.685964 4.071816 1.988938 0.560703 3.690092 1.389194 0.745363 80.746452 12.681351 166.490787 11.861540 1.899238 1.226656 0.674983 0.538977 0.726602 0.506418 79.768768 
11.393313 9.055001 0.208756 88.009818 4.180465 0.689944 130.513673 5.229545 0.958049 0.597140 174.071169 44.142867 2.035727 310.859220 5.105175 68.451183 0.613494 
0.580213 4.257597 4.832220 645.820193 0.236364 1.491210 192.983346 268.968785 3.751433 0.427892 66.518728 19.193657 4.896197 0.967277 41.032399 2.944141 0.910825 8.846460 75.443151 34.106874 
5.962275 4.729791 6.553920 10.051697 3.873092 100.694892 2.714544 6.226456 2.512340 14.133234 37.463017 0.530165 2.364239 0.890465 0.999528 2.105919 2.975425 1.782781 2.965505 4.628560 5.590843 6.000671 0.326819 7.912396 0.313313 8.649092 37.058230 1.094325 5.958047 1.755382 0.683661 58.482725 11.754531 11.770890 3.133478 14.799267 0.543083 8.050233 7.608678 0.561572 0.498873 
5.924780 1.933474 1.698313 0.717796 7.452455 85.513238 0.469499 10.482252 3.432827 11.265232 6.023303 1.719349 1.689696 0.206712 0.879592 2.602113 1.331620 6.103614 16.000405 11.034080 52.092392 4.940693 11.033524 0.516634 0.121692 94.383630 0.054472 0.488751 0.932072 0.774195 4.539063 0.500017 9.872622 
61.606445 3.003574 2.063860 55.906514 1.468335 42.286596 1.266553 0.787580 9.815467 35.822228 0.558714 3.958467 31.702578 94.830966 28.509410 499.989901 6.529815 0.341375 0.301769 5.022461 823.855698 1.285477 2.173464 53.788660 
13.218476 11.701403 2.453574 0.121418 0.365622 2.529231 0.097461 7.421612 0.972745 0.369748 40.841855 2.280534 7.426985 53.640418 46.068163 0.420034 54.507097 3.133222 18.206276 154.620593 11.145695 
0.848636 9.799125 0.586825 0.259007 2.150412 1.052135 13.630057 29.815837 5.716196 2.740796 0.312860 2.119878 4.133796 3.538956 5.285067 7.237749 6.408941 4.292042 0.053318 1.860204 0.373364 42.260782 
0.195158 5.113961 0.518739 206.989105 2.552793 11.394673 2.229763 49.959472 0.424619 2.901690 3.817654 1.120692 23.754136 5.093083 161.553888 53.958713 4.329789 34.898798 64.558405 0.430507 179.493365 82.239365 
47.520865 9.651782 2.909763 1.686149 9.830676 5.097686 0.469536 2.113593 1.627844 3.214849 5.764159 1.499944 
372.005868 3.483000 1.779023 4.748731 54.758866 4.310722 0.074057 4.446047 159.946770 0.433855 31.640574 0.768080 1.853412 1.387553 288.588060 319.105698 10.798082 0.277417 40.812287 
3.429029 0.260656 0.528164 12.093517 14.014911 1.161096 4.310599 14.790642 9.586489 56.485297 7.724409 7.221428 0.831557 0.449370 18.445721 10.274731 0.875178 34.088824 0.414207 4.943532 
4.171658 139.849787 0.323360 0.999864 14.654785 109.449181 110.393071 27.103499 2.016975 25.678102 280.120977 3.896098 2.512880 2.959255 1.615110 163.437235 3.942741 15.534931 0.360388 222.599741 2.361216 0.621476 142.105996 0.103348 
0.855287 0.760579 1.245460 61.706687 0.886475 2.623947 0.123725 6.612025 0.208901 5.046271 0.756838 0.283650 0.133700 0.135406 16.815443 6.993180 0.292910 24.556574 7.414087 0.382740 68.668566 14.767814 4.539541 4.887074 3.136999 1.189640 9.013928 
30.957755 41.281449 5.952785 33.217055 2.819793 0.497067 95.571759 21.290182 6.500200 7.513697 41.062394 2.364651 1.153133 0.700223 42.728449 12.101942 12.930566 2.565600 34.478823 8.610570 23.173493 6.091222 6.838977 1.261488 0.706280 29.655515 102.309682 1.500180 8.587867 
1.512417 1.998426 16.721271 5.354850 2.196805 4.316462 3.945343 0.515259 21.680402 3.036531 5.473503 0.786005 1.705697 30.681204 6.677314 4.124311 1.366145 4.271836 11.942372 5.743788 
4.962285 27.808051 1.500962 3.549577 3.409617 0.755631 1.382287 436.506999 1.894982 26.413234 0.828393 78.731566 14.877324 32.391634 
1.952842 2.672552 4.029721 58.417497 1.193841 12.176613 1.055665 187.392128 2.571471 1.252214 0.450571 2.985468 4.727788 0.916169 0.500038 0.378344 
2.193359 1.535507 0.224401 3.878524 0.078416 3.292181 0.934580 0.770148 1.775721 3.098948 3.387768 0.521571 15.708370 2.843195 4.284445 0.532981 11.909461 19.444178 164.848055 0.302563 3.346059 0.711126 17.410785 30.347252 6.585097 1.216745 61.925279 7.596626 5.263651 5.499717 1.114311 172.577102 1.330749 60.197515 
654.704153 0.408642 182.038961 5.155576 444.639541 2.829553 11.469473 4.644185 19.672279 12.996653 1.326240 21.749525 2.567916 98.803640 0.311813 50.394969 6.165533 4.809091 1.085067 23.639708 200.324666 
52.824054 2.436716 34.363468 0.660453 379.515884 0.278295 2.855531 4.145332 137.732836 0.678136 15.782162 1.307763 0.198448 0.828225 16.046364 104.435120 1.006936 
5.964983 0.597803 2.077109 17.815187 27.052244 0.709631 3.542766 1.521489 1.237831 2.953153 1.890694 15.169740 28.716330 2.162376 27.481905 2.215091 0.484136 0.184747 4.907301 1.576995 
0.592913 6.120553 77.173451 3.358256 0.164129 2.244149 0.168531 1.025122 0.803886 0.315974 45.212176 4.737334 0.371568 5.963273 27.510137 3.163894 0.156205 120.872665 1.445741 7.972034 6.068325 0.953342 39.239273 0.716055 0.892641 0.386684 0.659361 
71.515309 8.198460 0.925566 1.749862 6.262068 4.016355 36.589591 2.672847 25.173441 0.824376 0.513616 27.877109 6.068417 12.777434 114.971856 196.467939 2.190357 1.584386 
0.983111 5.746908 3.095025 237.143083 1.241510 0.224357 200.461656 224.138458 180.166983 0.136229 0.415675 4.569346 1.882268 297.253514 
10.235425 0.930896 0.680160 0.095083 46.858140 6.586993 40.707990 33.217087 18.667572 38.762471 4.384654 4.974388 0.807646 1.990049 
11.531531 7.496821 0.271936 4.722668 0.233766 18.792430 0.416419 0.268071 0.080528 1.656508 76.820331 124.333646 10.855501 26.175921 13.014940 0.901518 184.827993 0.915995 2.788199 0.134039 5.515284 16.950488 
15.248854 74.132223 34.982535 225.297013 7.552778 68.819168 0.594853 0.744494 3.218059 6.084458 44.516360 0.520993 16.971155 0.241116 4.223494 0.098303 125.926824 3.250341 0.721220 24.157421 1.243886 184.213084 22.099903 
0.569862 0.534813 1.510003 3.415086 44.072230 0.302165 3.897030 0.194024 0.156034 67.520122 1.314483 11.998878 5.271431 0.825493 19.698268 1.426863 3.895059 2.120017 140.456014 2.103274 0.514935 0.494954 12.407473 0.059662 5.584311 3.631273 3.179598 
0.486512 2.841564 0.504197 2.231780 1.393568 2.838170 150.672492 2.652268 0.531283 0.041772 3.314150 4.504934 16.487261 27.133508 3.405878 75.941053 
3.945866 33.433104 22.891930 28.815484 58.145885 2.842776 1.217594 4.477702 5.060522 11.522137 0.532351 9.818361 0.379500 0.940244 172.597187 54.633586 1.232187 1.115296 26.043846 2.526324 1.780005 9.809913 105.203459 
9.892520 1.803038 23.608823 0.715741 5.442352 0.372463 0.308516 1.041584 1.293107 1.627852 30.211847 1.820053 0.077275 0.099938 88.492106 4.996085 2.127538 1.825144 2.217297 9.808066 3.887283 0.649662 0.160018 0.459545 
9.019041 0.612535 0.776174 4.518143 5.132953 24.834159 1.245869 138.668461 26.609252 16.812492 55.778835 10.565527 0.345269 9.210596 51.411421 5.851345 16.323843 20.730045 336.378001 0.236502 22.713150 4.941990 1.400256 1.321808 1.176987 1.028306 0.514251 2.148572 0.452702 6.425486 0.581723 59.140053 11.162158 0.741008 2.446983 16.280585 10.512954 1.366653 40.870573 1.128942 34.024942 10.229435 2.889129 0.365882 0.558112 
67.812878 4.699691 0.690831 227.644658 61.820323 7.061258 0.430459 143.202780 1.598428 2.604721 71.562992 32.020699 70.305057 0.096817 6.448255 2.892869 77.417981 4.859459 8.978417 
0.115879 1.507294 3.411047 0.405335 2.879287 8.863107 1.063136 72.894985 0.478319 0.251987 12.117539 109.486380 2.108078 109.061431 24.008909 0.376301 2.122765 4.297897 0.062824 5.875326 76.971747 
18.063623 6.107664 0.860821 1.757632 13.526892 22.690052 8.658516 8.448953 10.269839 0.327598 0.411142 0.460135 167.601369 0.245646 16.072361 1.142475 8.573372 20.893832 2.978916 7.621993 0.504186 27.625610 127.556776 17.396642 1.230041 0.195916 0.075859 8.806758 35.152005 1.360985 0.909911 31.667997 0.346215 158.627734 5.514267 0.103144 1.162798 2.165067 22.448775 4.384836 10.268874 6.114890 6.293404 1.075782 
13.932839 0.764315 5.191504 27.300962 3.256941 0.398642 1.814580 2.931792 3.229918 1.785400 4.602494 2.209790 2.235094 6.809851 0.841559 1.800827 13.229385 2.626203 0.400558 2.392762 1.893664 2.074843 1.085180 2.966916 3.758762 0.682868 1.029743 16.566296 0.200884 1.217226 2.816707 5.694198 11.190175 12.389984 5.209154 
0.353273 30.370382 61.819343 16.057808 85.594160 118.114433 14.671455 3.496865 55.816304 1.576049 3.849512 44.989923 0.234734 4.981879 0.294126 15.736546 14.719711 2.935780 
6.508611 0.312475 1.810454 0.946489 0.092463 65.969703 217.844805 12.855535 45.278840 6.859485 17.787767 76.948436 0.337113 0.279756 5.450526 26.029197 16.084878 1.241602 355.172095 13.561526 287.200551 24.613564 13.763562 0.286274 20.282806 71.260809 
1.181876 10.675796 46.726822 69.438483 3.009044 40.090026 18.298475 0.390625 5.353340 4.852004 1.401430 80.348550 1.299292 0.374344 
8.065474 3.878187 1.946565 4.303579 13.336674 0.716052 54.627658 0.470995 0.194834 4.744622 5.211037 1.238325 62.211005 0.411759 8.164563 4.987968 1.011279 0.392584 1.025177 23.392812 2.875911 0.381215 57.837360 86.163781 7.653766 1.037687 3.124781 76.849967 9.990167 6.029615 
1.712254 2.352509 31.091462 5.623294 1.469410 5.893466 0.071421 2.221208 0.943933 0.283919 12.551142 2.129012 1.708346 0.921191 3.170807 8.324553 0.667777 0.847883 0.488906 1.119049 5.810221 
2.900335 1.342865 3.322767 103.791753 3.353279 2.800221 4.541906 0.950024 1.670969 0.101859 98.156907 0.734333 9.715007 0.450187 13.835296 2.885738 2.045685 1.117836 48.558859 1.314777 4.748687 336.349589 17.378811 5.141386 64.195974 1.147132 3.739433 14.501274 3.796337 
0.283726 6.944448 4.301865 5.590041 0.905380 0.391011 2.221370 0.408633 6.680759 0.492263 10.190422 1.675253 0.295518 1.369943 0.503468 0.658319 2.888003 0.452175 1.037582 3.462497 8.454149 4.883739 137.668192 276.387980 21.430214 28.368676 4.170426 
1.228871 2.473104 0.867322 36.662183 6.973163 103.283589 3.215582 10.166565 121.889376 3.199002 1.333050 85.185554 0.786736 450.945185 7.638706 42.615511 2.066727 242.515562 0.958042 12.774329 0.346581 109.816594 261.070355 3.507184 121.886245 334.582570 148.596022 
11.625627 0.947081 16.531855 10.641215 1.536810 2.441049 2.721680 1.085553 7.618589 0.705315 0.536272 17.027884 1.479019 7.572842 6.062442 20.229561 2.043045 1.430008 7.783319 47.774306 7.239811 24.683576 9.350634 3.198819 4.807937 
40.219284 138.677539 0.189258 3.374676 0.119362 2.329754 0.516105 72.073996 267.190735 0.436456 2.716411 5.288913 48.497836 46.153821 
77.901128 26.605311 0.259668 4.555543 4.250314 0.955523 2.945761 55.586151 20.507374 16.721849 7.654100 1.912791 8.332671 1.114338 34.926860 9.067896 
7.629587 0.436968 3.547351 1.454826 52.819243 125.254561 0.665887 1.142401 87.456774 0.763495 6.279721 0.219592 0.704288 0.888189 39.324695 3.984142 10.950662 1.233068 11.713223 10.507201 1.562069 25.683148 16.358586 
8.284886 15.262856 20.373400 0.869321 0.211305 1.483426 0.750212 34.296244 0.206097 0.458381 115.906928 182.517747 5.794564 0.470826 2.368564 7.803706 17.822878 107.073597 7.219834 13.954045 33.454750 8.927372 1.113659 0.279565 114.130255 0.702277 
9.751440 0.438692 0.056804 15.436513 56.033576 0.062495 0.149971 16.576156 0.436274 1.778013 5.385781 0.061333 107.509524 0.667702 0.346112 1.599312 3.492453 24.956843 7.761999 1.662983 20.702750 0.023162 0.919606 130.462771 26.803091 2.706638 
1.098983 3.983450 0.379622 4.143326 4.943500 1.658463 6.927251 0.739689 0.687288 20.250052 0.316794 4.711393 59.951446 0.335874 1.090974 7.652590 46.623899 0.284883 1.365116 0.547699 1.942346 2.229869 2.123848 3.918283 1.107424 2.808076 0.868899 1.022788 1.365032 2.163160 0.536385 
56.359151 33.425023 18.623830 3.112299 8.140533 0.799460 2.169675 106.233823 14.421869 3.241272 1.800585 0.553304 3.839465 38.135915 5.721566 6.086714 14.373997 88.896521 
1.150455 1.831095 12.736061 46.795703 0.501161 75.703881 21.927718 0.440551 2.682054 3.868465 4.038778 37.289594 6.923269 3.147790 5.970886 0.493549 
178.256821 2.868644 7.444864 0.366183 1.327808 2.778071 7.890982 112.791842 4.865371 0.257328 6.126305 18.532573 0.674812 2.865971 65.398251 27.941469 21.297268 7.631736 24.030999 4.138263 34.715702 14.457925 
2.442310 248.956077 3.627047 0.982655 0.872564 1.494556 70.334225 33.892091 
2.809076 0.424794 2.252384 0.415854 7.113726 142.713133 1.289041 7.814834 11.768627 4.551945 1878.263903 0.977079 
1.872187 1.220435 2.798212 0.556215 0.232910 1.283843 3.424151 1.540724 4.010624 1.166236 0.634155 0.273494 1.202713 0.059770 15.981359 1.449582 4.470709 1.837756 5.916439 0.632720 0.891739 4.676989 1.183998 16.701257 
0.827289 22.076676 6.013530 1.328291 14.352473 0.404650 0.266845 4.184412 4.144538 0.110983 20.742059 0.913145 122.499511 0.878222 41.409323 6.023948 2.904814 2.914790 3.862061 20.604360 0.593182 0.614127 10.823083 1.225105 2.931290 
3.598852 7.817810 0.946181 1.586237 53.538333 5.431356 22.099547 6.249658 8.913598 42.367413 3.996095 5.208595 4.972233 1.554762 0.565262 16.128480 0.219395 149.842797 0.489408 45.605657 4.092688 
0.691011 0.241921 4.529839 64.994263 7.209808 5.135282 29.120077 6.206459 6.099624 13.061335 0.272388 3.674605 106.521980 66.608939 22.833819 1.951894 0.833251 30.773363 0.544241 
9.077330 2.004247 12.113997 3.866975 1.885247 0.371019 15.217668 6.216217 118.657506 4.038511 5.245222 1.816891 23.553017 5.567315 0.910051 13.910206 14.357897 
0.720514 9.032670 2.015919 2.638070 0.828546 52.584497 4.240013 4.316219 1.614092 0.858822 7.131131 13.935957 3.027726 0.871995 44.532196 6.274699 
0.965384 7.407936 45.046188 0.394637 17.506999 2.421249 28.142309 98.036732 
24.919204 5.571836 0.045389 5.760754 1.056592 3.455751 1.807572 3.244158 0.823468 1.325968 0.921528 4.665915 3.004249 2.653855 1.573485 2.268674 3.201053 0.187237 1.407808 1.467019 3.300071 2.743039 1.251907 1.279749 1.515252 0.657334 5.241470 0.635682 1.534571 1.697449 2.620199 0.612720 3.491160 9.957466 1.441873 0.985606 7.160728 6.451275 
450.572060 3.668948 0.934735 0.858230 15.314925 26.008981 20.041610 1.272122 12.622289 10.310802 3.243756 14.149662 0.353646 57.885688 17.492197 0.132865 0.184094 0.172535 2.375568 4.598939 0.545059 2.636924 1.285456 101.583926 0.108869 
0.896850 19.580787 145.992404 50.339776 3.499924 5.515971 166.930198 4.809007 0.176269 0.515999 103.499833 3.220737 847.917966 0.216755 3.606040 7.881832 0.837189 2.641820 1.609125 8.247825 28.642287 16.670757 81.990350 263.255633 68.270183 7.230296 7.503037 7.213608 
0.387023 1.719349 0.374340 0.418125 3.366982 0.762232 11.625761 0.838764 66.214024 2.708443 1.437667 12.918072 5.511421 0.624158 3.439817 0.541057 11.846540 1.958040 0.693578 0.638782 19.518972 
0.314633 51.995543 0.794496 11.642493 0.417027 0.262380 1.970164 2.029537 7.665206 3.739755 0.343243 13.534506 1.414410 5.024330 0.891892 25.677430 0.956128 214.731231 3.761061 0.109290 1.491187 0.275759 13.565872 
3.403214 4.130026 1.231051 0.936185 1.864861 5.229448 15.258279 0.623149 0.275679 85.360572 20.516227 1.912070 117.260457 0.694393 0.949355 33.841041 26.641701 23.343964 0.254675 
16.430253 0.081911 4.812039 4.160005 5.168293 8.634147 1.375976 0.322508 4.787166 0.505810 126.672869 1.423768 0.849332 4.790037 1.018141 12.474057 1.873688 5.622378 4.478009 0.193746 39.676739 0.355815 18.097099 0.759205 1.601694 0.737550 1.499897 45.454528 1.796346 1.050258 8.156525 7.438091 
13.835509 0.119618 25.538482 6.017934 0.890681 12.509505 3.293357 566.185004 40.183780 2.416730 181.142736 254.818639 0.510667 2.310336 4.768389 0.193293 130.816302 13.618726 24.968869 2.933932 1.439679 8.384246 2.149317 4.129233 0.380887 8.797271 33.049079 3.054720 84.103442 166.892486 1.734873 0.126307 1.493882 
18.006111 0.861038 0.521603 1.481051 0.252637 0.090902 4.158644 9.659193 3.659353 14.369458 13.496267 6.608279 11.048115 63.984344 3.888304 8.323049 6.342017 15.393418 
152.053816 8.189489 0.548622 22.857134 1.664189 0.335315 6.902455 0.390603 5.181506 0.048495 5.676239 41.012618 5.699763 7.092810 10.700828 4.840737 0.764679 1.670630 9.717093 0.690817 
93.078045 2.943559 0.931855 1.538804 60.590251 2.234407 74.498439 40.919210 3.974366 0.453766 4.999044 1.297207 30.679812 1.299941 3.761333 18.069926 4.559138 0.162387 5.754550 0.111978 29.160012 4.491635 2.935971 8.789588 0.056678 8.020426 0.124201 0.841854 1.951423 1.744382 0.144529 
0.367384 0.446715 11.799823 3.000221 15.271601 6.575043 428.678068 2.261972 0.383107 0.247316 0.464098 3.492501 1.828284 23.891350 34.711291 1.309022 43.097678 3.591734 1.025458 2.278936 2.455747 1.450907 0.710797 2.276409 0.285534 0.473836 9.603103 1.591117 19.261301 10.263108 2.983391 162.221001 8.723665 94.249655 114.690935 10.123793 
2.377905 36.763805 0.563652 37.079802 1.053582 9.720679 206.350882 2.322106 13.787364 0.651827 1.405518 4.292785 10.233323 1.012206 1.449800 1.089987 56.757590 29.445307 19.456867 
7.125376 0.306028 0.245960 151.694661 25.141982 0.258565 6.952346 0.100808 2.831499 0.079244 21.165530 3.364659 0.377896 2.721235 15.142527 19.736834 23.948197 6.701918 11.246401 5.819331 
0.267775 147.691714 14.725981 0.585860 74.079546 2.372020 1.036581 2.341808 1.634821 61.025646 2.086532 41.857779 0.907786 5.538177 2.904808 67.433410 4.863156 6.212259 15.639795 2.783208 1.760822 1.737503 4.713863 4.369736 2.068550 1.170856 32.725054 
0.533335 20.733812 2.930707 28.470244 10.452829 3.741295 241.862800 10.971039 1.085382 0.329711 0.167204 2.308089 0.928823 2.756471 1.482407 9.038491 8.151485 176.957152 12.917468 3.458268 42.776975 75.521895 
15.411536 2.816375 0.432608 10.070256 9.565759 2.801025 0.569932 1.294714 55.676179 3.522695 22.275427 1.467349 1.221196 0.221067 0.111060 144.117365 1.889719 3.859961 0.156789 1.168495 38.762373 0.435987 0.507088 
2.367065 0.100073 2.264172 0.249408 0.531790 0.044784 11.611917 2.465804 0.411292 175.786978 0.273087 45.408107 14.041168 2.255782 3.809824 0.856570 12.416420 0.489002 26.758297 2.246114 1.111915 26.469839 0.353765 0.546877 12.685911 1.112023 0.833278 0.589930 0.683222 2.965924 0.447706 0.624641 
7.246409 1.213400 38.274082 112.740080 18.398343 4.171959 25.978300 16.544841 131.784237 0.843427 10.412440 3.512151 1.797658 1.590194 
234.796712 128.897242 0.950050 21.650215 1.009394 1.469478 4.684975 0.549927 1.805339 202.252852 21.780475 1.341153 16.843085 3.745894 5.440117 0.897791 2.155558 0.111915 0.697780 
26.879252 59.073571 3.356840 1.018832 0.870676 32.810199 2.269005 1.548507 18.295820 2.740240 0.848680 172.670964 1.135047 86.045772 3.620626 9.989019 22.281119 2.648276 0.614199 0.334575 2.717231 0.525436 0.302543 7.444433 
0.636253 0.675210 0.550240 7.025333 2.688578 0.903058 14.694058 7.946498 0.367912 16.252666 1.169438 63.175642 2.639631 0.157146 10.847458 1.424965 6.196473 108.553504 1.079969 0.307626 2.494257 1.857208 0.710382 18.803882 1.082188 5.459537 0.600852 
3.996426 38.769834 0.426321 0.195012 3.078160 13.805812 0.221234 0.757906 0.353946 1.229434 3.375135 5.111993 0.397587 2.136563 12.668585 2.009189 2.858861 1.934389 
159.876223 0.178813 15.669363 0.217591 1.955897 6.911005 7.384133 5.242539 91.243813 4.915875 24.176961 0.630369 524.373435 0.400269 44.076667 0.495252 1.725632 0.413778 49.144158 2.095870 9.200278 11.165694 0.360437 3.530603 
1.654459 8.890949 1.950278 1.722150 0.394304 8.739978 3.891824 197.237897 2.227903 26.667202 0.211223 4.646955 1.191440 0.361628 10.479477 113.859058 0.599450 0.125658 2.065809 
0.539616 3.129757 0.646483 1.605753 0.643237 4.098911 17.236407 11.392405 1.292004 7.405032 3.792794 3.535780 3.774774 8.950488 35.491981 2.796097 0.240865 6.893051 25.773615 0.744563 0.770709 1.005770 16.914571 1.476327 0.431530 
0.530638 15.526452 22.250948 1.526768 2.257750 5.292503 2.584282 1.516219 16.295579 192.389562 2.356545 1.653471 1.908001 18.198904 5.338174 6.229080 25.528359 22.990111 2.137518 1.886330 1.093354 
2.694888 3.313727 0.484822 1.130185 2.979148 9.968232 0.085727 0.181685 3.780872 48.382211 7.419267 0.080928 38.445979 2.341959 1.580336 1.923989 48.945928 0.626361 0.709551 0.286179 7.494599 6.329516 1.281082 0.445052 9.949358 12.682312 0.082351 0.494023 0.327116 0.660496 2.422060 6.203302 1.809854 3.685070 
1.595556 4.471543 67.965037 30.179888 49.634541 1.130476 3.504978 1.671333 23.622624 770.731231 17.832991 6.099290 2.710090 66.903260 0.493695 7.374600 5.016668 
42.563344 5.597830 8.501396 0.594476 5.139283 7.099240 52.671241 0.775840 112.553429 15.975234 0.316938 10.189552 0.769639 1.170236 71.124351 105.059294 2.393694 1.014152 45.681929 445.828916 
1.000645 24.061181 63.985402 311.271139 2.694005 2.312706 1.708983 177.280571 11.459664 0.463664 519.858261 0.380721 193.849723 3.681949 9.326522 55.222379 71.984695 9.012463 13.529712 8.044673 
1.723626 6.536852 5.591669 5.250184 2.420201 2.686094 1.210398 29.672510 70.357958 0.361442 0.475671 7.243626 
0.382875 2.660452 0.612783 2.144851 0.446216 26.612522 5.184660 4.320439 39.727811 1.771489 0.784914 227.587351 7.542545 3.345603 0.407320 0.801575 0.197921 0.831599 
19.465424 9.130320 0.843145 2.447032 0.194442 0.331423 15.060923 0.331798 8.269803 1.052016 0.547300 0.922694 0.414681 26.027575 1.780408 3.018924 13.421523 0.175781 0.441795 0.204574 11.580030 5.449667 0.730435 2.234656 2.203696 2.703439 0.373292 0.044040 0.322436 2.061171 3.587477 18.381261 6.493520 1.739282 30.614173 
6.691660 0.321919 0.605577 3.517861 81.068164 136.553396 3.126400 15.394107 38.002622 15.284569 1.810784 6.349247 1.142266 0.869652 4.335685 218.284863 0.458554 0.570002 0.395903 4.621979 6.943611 2.503044 
2.545096 1.721324 3.240188 3.978743 1.779340 2.691667 13.872863 10.749760 0.251823 0.199977 2.284461 18.544521 2.951644 0.077595 18.165043 0.232073 48.230817 0.150068 3.248131 5.500335 29.187567 0.121442 1.365854 0.148609 0.292109 2.239650 2.525719 1.403603 
1.873288 0.223928 0.595729 4.532157 0.203173 69.321626 32.222380 2.207607 0.326901 2.016956 34.375530 0.611247 11.281548 119.224878 6.020433 2.678658 2.573274 1.509024 
1.149881 1.049486 44.048100 13.565079 9.712291 1.987094 0.870049 2.975264 4.657172 1.970977 1.529083 0.738370 3.603401 27.316440 17.383965 1.517842 2.882800 5.913577 2.280728 2.661649 0.899897 3.349563 0.594864 2.412302 0.733456 1.828184 1.711834 0.956312 2.833361 4.509567 1.257204 
4.941577 13.549514 1.295527 3.398328 8.839870 0.909227 4.628796 3.945874 3.065014 2.492333 0.157387 253.407924 0.709343 5.531659 
2.604356 433.597269 2.084371 128.369801 0.562991 29.489683 31.847810 0.368815 4.446391 1.035788 0.594414 1.482901 2.480933 0.176101 1.648072 21.497773 20.855323 164.229756 2.858796 2.301571 1.352266 
3.046448 36.705697 1.790048 5.809635 3.903784 0.220843 1.374169 0.092571 1.313593 66.606692 1.809840 3.195431 146.295972 2.586653 0.496822 4.730463 77.550966 74.871220 2.501135 1.305673 18.023606 0.477990 9.138428 265.032237 
12.751140 1.772649 0.449880 1.330567 3.780395 13.627743 8.990521 1.172354 1.148150 0.625694 8.252028 2.506226 1.211891 17.082608 63.215172 12.402810 
2.003612 0.614344 32.167484 0.633219 1.287801 68.530493 13.197162 1.812554 4.661614 1.467546 4.729145 5.530180 5.017019 0.677706 1.889236 0.953445 196.082873 9.018633 0.156426 0.832274 3.469750 2.231480 14.357967 107.218884 0.116108 12.420938 7.977301 
