-43.6632  147.158
 -43.355  147.158
-43.0468  147.158
-42.7386  147.158
-43.5091  147.478
-43.2009  147.478
-42.8927  147.478
-42.5846  147.478
-42.2764  147.478
-41.9682  147.478
-43.6632  147.799
 -43.355  147.799
-43.0468  147.799
-42.7386  147.799
-42.4305  147.799
-42.1223  147.799
-41.8141  147.799
-41.5059  147.799
-41.1977  147.799
-40.8895  147.799
-43.5091   148.12
-43.2009   148.12
-42.8927   148.12
-42.5846   148.12
-42.2764   148.12
-41.9682   148.12
  -41.66   148.12
-41.3518   148.12
-41.0436   148.12
-40.7354   148.12
-40.4272   148.12
 -40.119   148.12
-39.8108   148.12
 -43.355   148.44
-43.0468   148.44
-42.7386   148.44
-42.4305   148.44
-42.1223   148.44
-41.8141   148.44
-41.5059   148.44
-41.1977   148.44
-40.8895   148.44
-40.5813   148.44
-40.2731   148.44
-39.9649   148.44
-39.6567   148.44
-39.3485   148.44
-39.0403   148.44
-42.5846  148.761
-42.2764  148.761
-41.9682  148.761
  -41.66  148.761
-41.3518  148.761
-41.0436  148.761
-40.7354  148.761
-40.4272  148.761
 -40.119  148.761
-39.8108  148.761
-39.5026  148.761
-39.1944  148.761
-38.8862  148.761
 -38.578  148.761
-38.2698  148.761
-37.9616  148.761
-41.5059  149.082
-41.1977  149.082
-40.8895  149.082
-40.5813  149.082
-40.2731  149.082
-39.9649  149.082
-39.6567  149.082
-39.3485  149.082
-39.0403  149.082
-38.7321  149.082
-38.4239  149.082
-38.1157  149.082
-37.8076  149.082
-37.4994  149.082
-40.4272  149.402
 -40.119  149.402
-39.8108  149.402
-39.5026  149.402
-39.1944  149.402
-38.8862  149.402
 -38.578  149.402
-38.2698  149.402
-37.9616  149.402
-37.6535  149.402
-37.3453  149.402
-37.0371  149.402
-36.7289  149.402
-39.6567  149.723
-39.3485  149.723
-39.0403  149.723
-38.7321  149.723
-38.4239  149.723
-38.1157  149.723
-37.8076  149.723
-37.4994  149.723
-37.1912  149.723
 -36.883  149.723
-36.5748  149.723
-36.2666  149.723
-38.8862  150.044
 -38.578  150.044
-38.2698  150.044
-37.9616  150.044
-37.6535  150.044
-37.3453  150.044
-37.0371  150.044
-36.7289  150.044
-36.4207  150.044
-36.1125  150.044
-35.8043  150.044
-37.8076  150.364
-37.4994  150.364
-37.1912  150.364
 -36.883  150.364
-36.5748  150.364
-36.2666  150.364
-35.9584  150.364
-35.6502  150.364
 -35.342  150.364
-35.0338  150.364
-37.0371  150.685
-36.7289  150.685
-36.4207  150.685
-36.1125  150.685
-35.8043  150.685
-35.4961  150.685
-35.1879  150.685
-34.8797  150.685
-34.5715  150.685
-35.6502  151.005
 -35.342  151.005
-35.0338  151.005
-34.7256  151.005
-34.4174  151.005
-34.1092  151.005
 -33.801  151.005
-34.8797  151.326
-34.5715  151.326
-34.2633  151.326
-33.9551  151.326
-33.6469  151.326
-33.3387  151.326
-34.1092  151.647
 -33.801  151.647
-33.4928  151.647
-33.1846  151.647
-32.8765  151.647
-33.3387  151.967
-33.0306  151.967
-32.7224  151.967
-32.4142  151.967
 -32.106  151.967
-32.5683  152.288
-32.2601  152.288
-31.9519  152.288
-31.6437  152.288
-31.3355  152.288
 -32.106  152.609
-31.7978  152.609
-31.4896  152.609
-31.1814  152.609
-30.8732  152.609
 -30.565  152.609
-31.6437  152.929
-31.3355  152.929
-31.0273  152.929
-30.7191  152.929
-30.4109  152.929
-30.1027  152.929
-31.1814   153.25
-30.8732   153.25
 -30.565   153.25
-30.2568   153.25
-29.9486   153.25
