 1.799540  3.802432  8.198436  5.580431 12.239418 20.685621
 1.904299  3.593907  7.394405  6.183477 12.152440 18.396948
 1.852015  3.630356  7.886666  6.079628 12.155669 21.337703
 1.830376  3.290596  8.414448  6.668790 12.448656 22.584463
 1.758376  2.992866  7.597447  6.825236 12.025537 22.255488
 1.816406  3.553065  7.987215  6.790810 12.960799 20.005765
 2.047876  3.435338  8.926998  6.062951 12.381337 20.478495
 1.584582  3.606434  7.522785  5.972979 11.944045 20.403926
 1.780026  3.067661  8.484843  5.489231 11.355314 21.177152
 1.921245  3.847143  7.725954  6.178481 10.791004 20.528907
 1.701492  3.875183  8.336465  6.339618 10.611574 20.020442
 1.890090  3.397673  8.170446  6.992424 11.894937 22.122163
 1.912145  3.887188  7.856492  6.896043 12.322860 19.370326
 2.139043  3.528474  8.069853  7.009538 13.097345 20.310667
 1.795974  3.352856  8.528654  5.926321 11.769631 19.921710
 1.835879  3.306668  8.060539  5.844436 11.889383 19.406393
 1.964157  3.472630  7.367574  6.054956 12.901121 20.675963
 1.940625  3.730772  7.701835  6.042235 12.266482 18.865281
 1.925907  3.717750  7.984922  6.680642 11.891934 19.613507
 1.788124  3.288210  7.870593  6.027976 12.331713 19.104681
 1.837425  3.327339  8.509111  5.867472 11.318136 19.855233
 1.946718  4.010203  8.327505  6.110741 13.627012 21.211203
 2.030636  3.443038  8.513532  6.088756 12.069695 23.484317
 2.153422  3.585128  8.195284  6.791932 12.435877 20.646160
 1.692276  3.057309  8.269106  5.880224 12.427275 18.242110
 1.979821  3.376870  8.396827  5.559618 11.530225 20.013803
 1.825855  3.623470  8.139074  5.914218 12.562394 20.299657
 1.733210  3.658581  8.109305  6.394511 12.402148 19.458358
 1.948566  3.809129  8.463292  7.050279 11.124056 21.482684
 1.936354  3.719035  8.432389  6.527574 11.355850 21.238438
 1.815686  3.423986  7.730928  6.175219 12.225127 19.229258
 1.917107  3.323222  8.013770  5.933964 13.099268 19.532948
 1.658607  3.596335  7.023838  5.614694 12.292084 17.058787
 1.693880  3.439714  8.654853  6.194857 11.888683 19.690447
 1.990315  3.701190  8.310011  5.590117 12.154495 20.300074
 2.000990  3.516218  8.618999  6.788235 12.619180 24.521534
 1.908623  3.738336  8.303782  6.278113 13.852743 21.729222
 1.993397  3.865573  8.579433  6.763123 13.939310 19.604834
 2.180237  3.720658  7.832436  6.981299 11.940791 23.420556
 1.785894  3.310017  8.573612  6.354282 11.341715 19.303062
 1.876161  3.363770  8.233638  6.801230 12.556843 20.872409
 1.797828  3.362723  7.717432  5.899746 11.898837 21.184215
 1.733932  3.324346  8.009564  6.268242 13.751492 18.769958
 1.747859  3.165609  7.433586  5.626312 12.720959 18.066817
 1.777869  3.046848  8.018979  5.934611 12.295013 18.708440
 1.772579  3.386179  8.265858  6.091281 13.265035 17.925323
 1.862945  3.218455  7.796410  5.874197 12.222058 19.892750
 1.859370  3.592721  7.990741  6.020858 12.472076 20.817984
 1.974857  3.370236  8.070809  6.144699 11.402619 19.903937
 1.900347  3.231589  7.984202  6.088989 12.341629 17.675858
 1.515230  3.808077  7.991150  6.277950 11.588671 20.225128
 1.743119  3.656013  7.423227  5.786594 12.594434 20.192706
 2.000109  3.370990  8.219635  5.959137 12.794332 20.602143
 1.781076  3.189241  7.784406  6.261490 11.800569 19.229520
 1.969703  3.259964  7.851408  5.757552 11.404610 19.187779
 1.873380  3.920486  7.769634  6.456405 10.808751 21.664605
 1.852529  3.663207  7.896206  5.990818 12.182470 19.216954
 1.785294  3.578612  8.389469  5.590205 12.650534 21.402617
 1.916934  3.160958  8.096195  6.555755 11.162971 18.447299
 1.835279  3.818899  8.462102  6.591253 12.112535 19.179190
 1.866263  3.489939  8.547389  5.813484 13.821352 19.440625
 1.850152  2.783035  7.097036  6.267822 11.709834 17.541844
 1.572886  2.981779  7.254400  6.216974 11.589820 18.818971
 1.838362  3.111435  7.970915  6.248784 11.668416 19.521031
 1.758384  3.276649  8.679842  5.538504 11.335617 21.872639
 1.801953  3.427133  7.558554  5.668963 12.459916 18.501608
 1.816384  3.604977  8.608677  6.578396 11.551508 21.071370
 1.919134  3.280201  7.282853  6.137664 12.197100 22.788335
 1.649744  3.398072  7.887168  6.259633 11.911798 17.849358
 1.757703  3.881232  7.933015  6.327218 13.496845 21.069696
 1.696625  3.738617  7.393438  5.780065 12.973530 19.173298
 1.956964  3.528865  7.854604  6.239010 12.223493 19.903564
 1.822209  3.424314  7.418481  5.742307 12.119102 19.006750
 1.847847  3.604339  7.691175  5.653334 11.095782 19.468849
 2.028940  3.270066  7.631851  6.033691 12.428948 20.585794
 2.135518  3.501406  8.205042  6.337745 12.941659 19.217765
 2.088558  3.701064  8.194706  6.313419 12.428607 19.130328
 1.563117  3.124670  8.495644  5.695018 12.761539 19.004976
 1.907816  3.164772  8.831044  6.682713 11.356247 19.883447
 1.780979  3.676419  8.080417  5.639675 11.289491 19.491648
 1.766795  3.683048  7.792580  6.223702 11.261984 18.457592
 1.851464  2.945733  7.222555  5.346480 12.825488 16.790779
 1.641088  3.299465  7.809458  6.034840 11.462085 19.924696
 1.785706  3.212796  8.507288  5.752129 13.034011 18.773630
 2.024219  3.350354  8.350059  6.487864 11.947475 18.944860
 1.793939  3.368082  7.994076  6.315716 11.273416 20.357875
 1.906302  3.553585  8.353839  5.983451 11.071379 20.243828
 1.974729  3.539987  8.174773  5.401001 12.175696 21.112004
 1.966614  3.283222  7.698028  5.848887 13.368900 21.357903
 1.894815  3.647277  8.130797  5.986372 12.626608 19.416806
 1.940911  3.641237  8.143676  5.968597 12.419194 19.813342
 1.852558  3.525222  7.647665  6.472148 11.789413 19.342135
 1.702465  3.332377  7.589351  5.814385 10.877788 20.609748
 1.879715  3.196081  8.375251  5.889856 11.231937 22.768908
 1.795465  3.584351  7.496875  6.156353 13.034206 22.816261
 1.810040  3.701961  7.536492  6.298237 12.409784 20.201261
 1.733514  3.387201  8.219765  5.760568 12.977201 18.737596
 1.814381  3.296573  7.954197  6.026071 13.504236 18.188804
 1.722868  3.419086  7.926771  7.255832 11.771862 20.341026
 1.780490  3.041575  7.648103  5.694640 10.763521 20.436397
 1.922306  2.979539  7.690694  5.475492 12.439185 18.055669
 1.862882  3.493116  8.841143  6.182333 11.024874 19.427535
 1.695888  3.772631  7.869628  6.152452 12.315878 21.753600
 1.767907  3.278568  8.576809  6.139477 12.876259 19.753326
 1.860014  3.183122  8.112993  5.764773 11.779334 19.959371
 1.800781  3.414554  8.103559  5.839935 12.626612 20.245737
 1.925527  3.422081  7.240066  6.264616 11.929475 22.960596
 1.950259  3.484413  8.582565  5.979760 13.581694 21.942972
 1.981319  3.389034  6.980442  5.844798 12.659372 20.198921
 1.783027  3.378036  9.014385  6.203755 11.117271 23.164921
 2.080082  3.463887  8.445491  5.914115 11.902942 20.035001
 1.850888  3.235556  8.487799  6.015989 11.717734 18.698101
 1.837118  3.544581  8.145129  5.927280 13.547849 20.308016
 1.752134  3.841272  7.439077  5.662380 11.729558 21.042459
 1.829003  3.502404  7.065270  5.999020 11.887636 21.290463
 1.798386  3.601541  7.408179  5.920655 12.910215 20.971996
 1.759399  3.820908  8.094830  6.268936 13.103437 21.068617
 1.996396  3.443614  8.334842  6.306989 12.106349 20.364115
 1.802049  3.494701  7.650943  5.673665 12.592556 18.978942
 1.933275  3.161763  7.794061  5.950629 12.069524 17.459303
 1.855567  3.364732  7.667733  5.904198 12.741837 18.610484
 1.889619  3.210063  8.376596  6.211196 12.595078 19.945428
 1.895145  3.450180  7.951293  6.394623 12.657530 19.932042
 1.657225  3.154294  7.858247  6.207982 14.258926 20.900316
 1.826938  3.430732  8.563841  6.621072 11.207726 20.876213
 1.945426  3.409880  7.866181  6.085772 11.655004 19.757940
 1.878083  3.608973  8.487156  5.565844 12.157162 20.060709
 1.728984  3.599338  8.248572  5.647012 11.503666 21.354985
 1.680487  3.438695  8.366221  5.550369 11.707066 21.035924
 1.806031  3.592410  8.179474  5.931463 12.593990 20.255063
 1.820105  3.452821  8.121874  5.859848 11.993496 19.062099
 1.874926  3.603984  7.851963  6.107813 11.987428 19.336152
 1.650808  3.336104  8.418048  5.828071 12.428195 22.684983
 1.808745  3.628225  8.489127  6.380377 12.761233 19.648665
 1.997893  3.568423  8.206236  6.326135 11.030347 20.864431
 1.936560  3.633744  7.240839  6.504704 12.279395 23.289039
 1.893506  3.544332  8.174311  6.312420 11.192596 20.175313
 1.746415  3.317881  7.995436  6.151406 11.630614 22.966366
 1.837797  3.875386  7.769920  6.058384 13.613958 20.072398
 1.684297  3.618233  7.253331  6.392405 12.411815 20.433815
 1.932930  3.752827  7.154709  5.427262 12.179823 21.258942
 1.991925  3.660215  7.994133  6.303782 12.069994 20.806986
 1.736142  3.539576  7.543365  5.530334 12.335644 20.889851
 1.764542  3.154124  8.026840  5.530202 11.936546 20.032724
 1.625941  3.582491  8.664605  5.604907 11.723234 21.595803
 1.921778  3.161407  7.851701  5.699665 12.118124 19.328470
 1.933598  3.460372  7.174731  5.644150 10.389729 19.174271
 1.641964  3.555708  7.817986  5.727810 12.008231 19.218837
 1.593468  3.351392  7.966952  5.928919 11.366408 19.489094
 1.840049  3.662534  7.586783  5.968496 11.539688 18.525412
 1.616880  3.435486  7.485383  5.206108 11.700867 18.427342
 1.724623  3.300687  7.562976  6.065539 11.180607 19.492811
 1.792124  3.239435  7.831727  5.972344 11.187345 17.978711
 1.703887  3.327161  7.670343  6.204612 11.337510 17.912882
 1.797119  3.105002  7.470421  5.981381 11.739631 20.312620
 1.871384  3.383748  7.566806  6.391588 12.402341 19.331413
 1.879264  3.259066  7.213465  5.578052 12.223574 18.673260
 1.657506  3.460307  7.723208  5.619568 12.436327 20.536200
 1.829776  3.185148  8.040886  5.585773 10.400692 19.740024
 1.651289  3.461440  7.086032  5.672115 11.049778 18.407974
 1.716796  3.439361  7.476124  5.542670 11.121475 19.174885
 1.818738  3.612255  7.682401  6.061922 12.228326 21.252057
 1.632775  3.384998  7.639448  6.487548 11.402474 20.118751
 1.971827  3.201117  9.166420  5.730029 12.950454 20.027369
 1.740747  3.188904  7.856237  6.144781 12.302531 19.533863
 2.053434  3.171897  8.302379  6.095150 11.101901 20.835398
 1.751923  3.150231  8.704568  6.265372 12.170942 20.783521
 1.917379  3.290199  8.012715  6.486068 10.772580 19.770007
 1.921360  3.792617  7.725951  6.266939 12.824816 20.359774
 1.977379  3.420800  8.576664  5.828471 13.189289 21.657018
 2.071531  3.572861  8.871002  6.481926 12.507755 21.550873
 1.877982  3.324111  8.337363  6.113194 13.402472 20.452935
 2.266226  3.679085  8.171408  6.343982 12.377708 22.376841
 1.945195  3.558558  7.701879  6.551385 11.573810 21.674386
 1.834396  3.430334  8.247785  6.493635 12.566908 20.541764
 1.907364  3.095556  8.559461  6.673591 12.020239 18.092713
 1.748009  3.373003  9.267290  6.544889 13.287802 19.077134
 1.751258  3.280265  7.827217  6.168702 12.530190 20.414019
 1.927322  3.674769  7.896520  6.060546 11.215676 19.640724
 1.862034  3.463072  8.585069  5.928638 12.108018 19.995131
 1.789416  3.354065  8.276853  5.613732 11.595261 21.645651
 1.888034  3.884038  7.100739  6.117271 13.120764 19.852747
 1.932288  3.706394  7.987004  5.825547 11.800499 20.200488
 1.824677  3.145547  7.270188  6.421240 11.440382 19.131855
 1.958386  3.159562  7.970640  5.924465 12.337007 18.635833
 1.696689  3.309702  7.468802  5.831485 12.785320 19.598058
 1.726806  3.452732  6.784887  5.767932 13.034637 19.453782
 1.582452  3.483734  7.120139  5.716681 11.485934 17.734655
 1.885091  3.520639  7.962152  5.839029 10.642518 18.686979
 1.900162  3.247638  7.270475  5.797711 12.546999 17.533029
 1.728593  3.322929  8.410314  6.295835 12.718063 17.608695
 1.829587  3.361235  8.012211  5.317561 11.900963 19.796707
 1.949135  3.068023  7.496398  5.728893 11.787921 18.616572
 1.839683  3.521198  7.442738  5.695373 12.547881 19.372980
 1.680001  3.365352  8.311152  5.094476 12.031166 19.935969
 1.889358  3.722325  7.851716  5.903208 12.278862 19.209981
 1.864042  3.359425  8.696352  6.138413 13.488028 22.560838
 1.772876  3.286013  8.171216  5.987419 12.291337 17.698700
 2.019139  3.697031  8.890223  6.634362 13.093251 21.971684
 1.641189  3.571832  7.840717  5.742812 12.304059 20.170296
 1.876435  3.594456  8.118478  5.915453 11.872352 19.209170
 1.999551  3.209782  8.105631  6.184403 12.853984 21.145748
 1.758267  3.836248  8.224172  6.382765 13.036308 20.888217
 1.937358  3.599163  8.528206  6.064001 13.556375 20.000756
 1.889405  3.457112  8.527207  6.237202 12.095593 21.697769
 1.812341  3.544918  8.415529  6.162872 12.671727 21.529707
 1.977159  3.738234  7.706917  6.304406 12.068825 20.329371
 1.783729  3.285997  8.075638  5.939231 13.572550 19.979497
 2.067897  3.312720  7.510738  6.567830 11.766109 19.409152
 1.950849  3.492656  8.413595  6.416137 12.614723 20.751706
 1.978337  3.578359  8.478757  6.196915 12.359431 18.636762
 1.976581  3.824159  8.070175  6.638404 11.513631 19.508431
 2.140683  3.771779  8.047269  6.333289 12.308157 19.192784
 2.046284  3.666479  8.136068  6.926784 13.153132 20.935596
 2.005486  3.596130  8.241111  6.097099 11.310755 18.092690
 1.842933  3.421203  7.579058  5.331462 12.117970 18.919935
 1.835236  3.983969  7.726165  5.521698 11.414151 21.312200
 1.933732  3.350335  7.280375  5.960937 11.713124 20.336540
 1.852251  3.681897  8.406693  6.401505 12.039474 22.031310
 1.890033  3.271647  7.924951  6.181985 13.117439 19.811841
 1.795491  3.290001  7.601736  5.510614 10.420413 18.633823
 1.719510  2.997732  8.119885  6.402188 11.697029 19.932036
 1.680918  3.615946  8.076473  6.163015 11.850347 18.933347
 1.696610  2.995226  7.775416  5.930833 12.339671 19.439269
 1.693229  3.268708  7.723694  5.957735 11.070337 20.201591
 1.750411  3.593368  8.827375  6.073974 11.759381 18.444598
 1.791847  3.475322  8.856165  5.696634 12.075395 17.885818
 1.579140  3.258149  7.181040  5.940844 11.180384 19.985115
 1.585280  3.480098  7.583043  6.575323 11.752794 19.499040
 1.783500  3.185775  8.365713  6.349018 11.503336 21.931534
 1.875145  3.670643  7.481136  6.016469 11.234567 19.733429
 1.793696  3.077255  7.277271  5.880521 10.517386 20.557014
 1.870269  3.283339  7.172296  5.636590 11.418948 21.964092
 1.671509  3.158589  7.143117  6.046502 11.825441 19.761753
 1.656567  3.367148  8.424661  5.743682 12.980482 18.570832
 1.718597  3.314170  7.656716  5.378815 11.119324 21.339461
 1.698170  3.395906  8.048115  5.622408 11.919544 19.332437
 1.778644  3.902307  7.412951  6.195192 12.690785 18.713354
 1.669499  3.333990  7.119333  5.921144 11.574134 19.710763
 1.670775  3.341573  8.034816  6.159692 12.263078 20.616937
 1.831368  3.233625  8.134980  6.414662 11.964701 19.202850
 1.947019  3.614014  9.593755  5.760235 11.406590 20.608063
 1.862035  3.642169  7.264221  6.262009 13.616090 17.772891
 1.905169  3.945865  8.002073  5.990360 11.569664 18.918712
 1.627086  3.464107  8.471364  5.864263 11.568612 19.765237
 2.082720  3.648404  8.271588  5.631997 12.410658 20.509369
 1.888182  3.109018  7.417179  6.156664 11.965541 19.573621
 1.786393  3.687111  7.643944  6.037818 11.846329 20.635390
 1.838024  3.637541  7.511912  6.316591 10.969240 22.079135
 1.928069  3.508328  7.318455  6.038351 11.329337 18.516246
 1.785992  3.230287  7.540978  6.009716 12.043815 20.370678
 1.977853  3.435428  7.839055  6.406380 12.028245 18.648832
 1.802931  3.674272  8.081406  6.018804 13.179155 19.636768
 1.898804  3.508330  8.197751  6.253146 13.450058 20.896291
 1.888673  3.542362  7.913183  6.672180 12.205420 19.703105
 1.973344  3.559486  8.129238  6.487942 10.763671 21.158133
 1.797222  3.455400  9.193636  6.182230 13.023067 20.614649
 1.965751  3.496980  8.499276  6.942193 12.360363 19.670645
 1.783911  4.066806  7.928548  6.553520 10.555482 19.634321
 1.832929  3.330745  7.753589  5.893291 12.924490 18.796678
 1.797223  3.031183  7.710624  5.962813 11.721738 20.518706
 1.668963  3.411443  8.023448  5.873747 11.324867 20.805690
 2.001946  3.245208  7.996191  5.352024 12.240903 19.090666
 1.812415  3.058576  7.964368  5.905457 12.815360 21.966221
 1.763051  3.106829  7.767964  5.792185 11.840162 19.584802
 1.584653  3.418162  7.374863  5.179450 12.722764 18.125850
 1.712550  3.223878  7.836682  5.809904 10.838015 20.296453
 1.712348  3.485131  8.368707  5.581223 12.000451 20.282057
 1.821062  3.561562  8.299023  5.780471 11.684847 19.417443
 1.714008  3.199515  8.016421  5.850780 12.554401 18.479673
 1.716318  3.797279  8.559095  6.256933 12.527979 20.461786
 1.866323  3.243112  8.262698  6.017928 12.994442 17.788364
 2.001029  3.337629  8.061836  6.049948 11.693385 20.709015
 1.741982  3.720134  8.392632  5.762532 10.704640 19.325061
 1.915308  3.463671  7.406693  5.931915 11.913301 20.626649
 1.876015  3.493677  7.939414  5.531420 11.318343 21.606194
 1.679366  3.206937  7.798255  5.711031 11.421697 20.000544
 2.013874  3.319308  8.480676  6.163321 12.440331 19.839919
 1.910047  3.713713  8.121813  5.768813 11.577840 19.957717
 1.769247  3.343672  6.908321  5.891210 12.868607 19.750793
 1.858614  3.360167  8.112221  6.146581 12.444718 22.697926
 1.864524  3.057188  8.089585  5.585608 11.313405 18.849340
 1.830753  3.229670  7.937806  5.392283 11.232955 18.062212
 1.895775  3.357258  7.849469  5.645462 12.583860 22.800336
 1.729583  3.268767  8.104185  5.788480 11.445919 20.013409
 1.851989  3.654126  8.789899  5.819866 11.963440 18.776121
 1.855019  3.399866  8.280865  6.042951  9.901947 19.137772
 1.806141  3.154313  8.228048  6.490029 11.907607 21.734202
 1.816129  3.053096  8.112445  5.800718 12.277676 20.260937
 1.808617  3.035933  7.521486  6.237601 11.475359 19.059905
 1.828879  3.580757  8.784666  6.102697 10.628127 20.015397
 1.636619  3.558308  8.406137  6.695665 12.856171 21.399428
 1.803695  3.190058  7.603951  6.118936 12.538594 18.562607
 1.761869  3.149084  7.791049  6.295067 11.205907 20.550149
 1.794585  3.444261  7.465626  6.148542 11.451514 19.265611
 1.809283  3.218841  8.674976  6.711070 11.765661 20.455459
 1.868359  3.663039  7.504203  5.912247 11.907585 19.867793
 1.919558  3.519721  8.536416  6.092831 12.793427 20.161789
 1.627892  3.167466  7.470573  5.718215 12.382198 21.804075
 2.023207  3.245978  7.539029  6.217269 11.648503 19.559787
 2.019927  3.684827  8.576191  5.998883 13.331981 18.991568
 2.189314  3.521682  7.866678  6.724222 13.220598 20.860206
 1.874198  3.565816  7.871078  5.941643 11.462050 19.313919
 1.770452  3.570175  7.723405  6.609564 11.753440 18.761591
 2.001688  3.761778  7.499796  6.442382 11.837622 24.013178
 1.813440  3.428046  7.883956  5.484964 11.359348 22.907350
 1.782034  3.585576  8.068101  6.083436 12.413240 18.612216
 1.656571  3.240634  8.521847  5.979152 11.515664 20.496089
 1.892849  3.282150  8.668987  5.829090 12.555109 20.690957
 1.797207  3.516868  7.781902  5.813016 12.967845 20.451258
 2.131345  3.595422  8.321070  6.288707 12.539217 19.717796
 1.800345  3.809693  8.718232  6.335848 13.333940 21.650135
 1.923765  3.558440  8.215110  6.084896 11.294048 21.084665
 1.897255  4.110118  8.154980  6.417138 11.711849 19.123960
 1.869879  3.693052  8.668954  7.027356 12.303144 21.461182
 2.148913  3.385415  7.610332  6.580409 11.284615 19.814480
 1.778109  3.302529  8.390702  6.331957 11.177483 18.432711
 1.739543  3.897940  8.555090  6.398450 11.994865 21.824639
 2.019731  3.418704  8.229105  7.115188 11.579080 19.345138
 1.709381  3.279912  7.542308  5.838902 11.785605 22.354713
 1.800876  3.249055  7.461194  6.316891 10.995634 19.972183
 1.747308  3.241155  8.214143  5.912333 12.078697 20.244653
 1.735237  3.197385  8.578150  5.998824 11.887348 19.021952
 1.674342  3.227934  8.069519  6.180876 11.663634 19.597263
 1.769473  3.156595  7.931181  5.585291 11.414011 21.784911
 1.748692  3.464189  8.189486  5.670258 11.315421 22.152599
 1.736895  3.374596  7.159059  6.310940 11.307146 20.161705
 1.724227  3.615198  7.932716  6.154495 11.208261 19.526155
 1.624950  3.090518  8.226803  5.362291 12.016003 20.874959
 1.743251  2.978148  7.293532  5.550998 12.537252 18.979083
 1.947804  3.022171  7.948455  5.764515 12.253292 17.877879
 1.809100  3.394970  7.681675  6.459970 11.781285 18.544215
 1.681989  3.726558  7.716775  5.534001 11.516375 19.006976
 1.758920  3.505841  8.051340  6.337201 11.496026 21.442974
 2.043908  3.750125  8.429632  6.910909 12.036584 21.682566
 1.945089  3.834068  7.844982  6.260877 12.453565 21.388537
 1.753580  3.875145  8.342484  6.378664 11.848736 20.996781
 1.901422  3.369315  8.255726  5.667472 11.758037 19.443693
 1.853293  3.478265  7.520996  5.810011 12.250960 19.645210
 1.771473  3.099791  8.138615  6.653800 12.169478 20.272435
 1.950066  3.923819  7.550198  6.772860 13.169767 23.714120
 1.845692  3.596033  8.864561  6.189671 12.206513 19.347938
 1.953337  3.672394  8.279346  6.477719 13.748074 20.844369
 1.983154  3.614508  8.034860  7.143332 13.828018 19.819554
 1.885703  3.209204  8.092760  6.468136 13.158676 20.592867
 1.693006  3.535139  7.730756  5.206911 12.981676 18.757580
 1.819464  3.103073  7.828342  5.711837 12.413683 19.168275
 1.991410  3.516611  9.026025  5.938316 11.587196 21.965241
 1.800442  3.641031  7.773539  6.764604 12.136880 20.322512
 1.843106  3.531565  7.991069  6.708558 13.467537 20.116202
 1.968168  3.496515  7.590265  6.494743 11.673499 20.363571
 1.872289  3.291125  8.550130  6.665036 11.811662 20.337059
 1.874935  3.135314  8.845312  6.663122 11.939363 18.369127
 1.873010  3.393302  8.464888  6.449802 11.700446 21.503309
 1.873118  3.765716  8.015594  6.397283 12.285162 19.828727
 1.849424  3.714521  8.127738  5.762793 10.790889 18.766937
 1.934654  3.161717  8.097651  6.350406 12.550821 18.968201
 1.869799  3.419124  7.501756  6.299234 12.297096 19.994291
 1.869425  3.427348  8.162454  6.707581 11.361326 18.903627
 1.854509  3.873769  7.734267  6.605401 11.818635 18.893853
 1.783374  3.840202  8.054158  6.513409 12.629744 22.263186
 1.982345  3.807534  8.517608  6.578403 12.350860 20.608534
 2.009190  3.470658  8.276109  6.444569 11.832526 19.106279
 1.980873  3.689118  8.068080  5.906608 12.118815 19.558155
 1.758833  3.511766  6.973521  5.375572 12.367404 19.075851
 1.674540  3.452538  7.921313  6.056291 11.002491 18.591206
 1.884505  3.103814  7.104926  5.380560 10.345087 17.273454
 1.481365  3.124694  7.326231  5.233221 10.965273 19.635071
 1.664961  2.942403  7.692146  5.216635 11.796519 18.879199
 1.584428  3.324666  7.688210  5.946085 11.561601 19.944682
 1.664297  3.199431  7.350523  6.520429 12.292500 19.456646
 1.852311  3.323547  7.862103  5.733550 12.302370 19.085592
 1.846895  3.491574  7.024352  5.807539 12.822463 20.634919
 1.858970  3.271290  7.215568  5.619086 11.993258 17.390119
 1.743865  3.463051  7.642490  5.907892 12.051772 20.607416
 1.620733  3.467677  7.791511  6.075816 13.797244 19.046331
 1.725912  3.193453  8.392555  6.476489 13.029974 18.701148
 1.797830  3.108091  7.380184  6.003618 12.145278 19.788277
 1.975180  3.600816  8.245120  6.070157 12.081942 19.086558
 1.939803  3.218338  8.129962  6.091780 11.734627 20.483107
 1.804318  3.168790  8.191991  5.562134 11.748944 19.360668
 1.552715  3.293860  7.656079  5.778866 11.686232 20.218522
 1.668176  3.258867  8.076705  5.837534 11.771841 18.423978
 1.924722  3.453985  8.212359  5.660954 11.681221 21.948514
 1.917443  3.441122  8.280043  6.276996 12.971743 21.523207
 1.651209  3.338132  7.889740  5.827482 10.920484 21.040253
 1.779150  3.309449  8.244743  5.778489 10.773728 19.868255
 1.762359  3.485979  7.269160  5.646905 12.119354 18.311938
 1.870595  3.288185  7.405626  5.943183 12.305898 20.379125
 1.802668  3.245010  7.858670  5.795302 12.040777 18.740583
 1.887815  3.678656  8.130247  6.350525 12.037995 22.248844
 1.820705  3.322338  7.446064  6.156893 11.164761 21.839403
 1.707321  3.278380  8.502370  5.746694 12.849982 18.154218
 1.790313  3.383123  8.445155  6.406429 12.464291 19.928569
 1.866885  3.089260  7.247447  6.500703 12.576542 19.324393
 1.814827  3.472770  7.772186  5.916808 13.131401 19.463346
 1.893576  3.004530  8.093968  6.103014 12.006850 21.586243
 1.751842  3.544940  7.653452  5.897190 11.780198 18.933506
 1.696526  3.348599  7.763490  6.135884 11.769604 19.155711
 1.970594  3.184561  7.737367  6.045749 11.812597 19.186746
 1.725785  3.723466  8.560000  6.474678 11.570315 19.182229
 1.891728  3.648003  8.142093  6.497359 11.902759 18.659256
 1.964814  3.728053  7.796665  6.172186 11.706947 20.733626
 1.865439  3.598175  8.378033  6.252586 12.924752 20.178796
 1.840213  3.594752  8.392789  6.034520 11.566943 17.523173
 1.937583  3.324682  7.512690  5.987750 12.354055 20.537159
 1.711478  3.479368  8.358076  6.421271 12.107727 19.585136
 1.753172  3.258629  7.886454  5.521951 12.005931 17.952139
 1.625553  3.207858  8.328776  5.910042 13.545152 21.138886
 1.888972  3.446239  8.374562  6.209106 13.134950 18.416143
 2.074956  3.145567  8.901162  6.481711 11.564694 19.050227
 2.062249  3.430427  8.622446  6.761983 11.470986 18.911767
 2.034754  3.420643  8.135075  6.315451 12.470225 21.856735
 1.888019  2.996880  8.618293  6.051146 12.649970 22.113492
 2.042513  3.290232  8.227400  6.105751 11.769786 21.264167
 1.853065  3.425744  7.628025  6.829236 11.752510 17.994921
 1.966132  3.764024  8.963795  5.773039 12.515963 19.915261
 2.108620  3.430733  7.982227  5.746384 11.790780 20.164026
 1.861046  3.424682  7.494392  6.545605 13.094036 22.629547
 2.074641  3.675222  8.309403  5.960895 11.602659 24.342282
 1.900736  3.595927  7.698008  5.923106 11.350262 19.285081
 2.006513  3.391311  7.778754  5.453689 11.020769 21.072173
 1.874075  3.271321  7.307648  6.020380 10.786821 19.854632
 1.802701  3.507615  7.565664  6.364336 12.475858 20.970205
 1.765997  3.598803  8.094552  6.687382 13.068977 19.599288
 1.834988  3.585818  7.565260  6.246324 12.504324 18.463676
 1.744981  3.201601  7.491047  5.733969 11.742643 20.543359
 1.682060  3.136674  8.674675  6.186700 11.574469 17.780440
 1.880511  3.155771  7.417089  5.603813 12.153009 20.826365
 1.752109  3.189722  7.307783  6.749221 11.612441 18.328297
 1.682546  3.319474  7.949004  5.922229 11.410770 18.719858
 1.813813  3.144050  8.331897  6.058430 11.989395 18.016285
 1.841457  3.528594  8.529611  5.748024 12.399494 18.792783
 1.877349  3.182347  7.466473  6.592556 11.819356 19.895352
 2.030694  3.370831  8.341541  6.699187 13.577883 21.302751
 1.950364  3.393692  8.650258  6.137322 13.588123 20.706430
 1.812660  3.439073  8.357412  5.943863 12.207034 18.788243
 2.079541  3.805342  8.957544  7.225918 12.051861 21.581372
 1.913014  3.373977  8.529332  6.092908 13.156955 18.460286
 1.842533  3.617457  7.769559  6.291408 13.024075 19.516091
 1.959572  3.436487  7.802275  6.012243 12.690188 19.161770
 1.858989  3.082251  7.643031  6.094717 12.153836 19.607702
 1.921073  3.532441  7.407073  5.888394 10.763199 18.798355
 1.777932  3.534046  7.821576  6.555475 12.664207 20.792259
 1.863659  3.352884  7.363372  5.827434 10.480882 20.297173
 1.734140  3.283644  7.974996  5.271459 12.180762 19.123371
 1.915023  3.144989  7.292612  5.704749 11.307416 20.102507
 1.700491  3.489862  8.468641  5.923159 13.546158 21.649966
 1.976579  3.157510  8.669434  6.216042 12.374257 19.069308
 2.062678  3.516655  8.801786  5.704060 12.173146 22.613102
 1.809567  3.906645  7.714183  6.250160 12.104970 20.071354
 1.962812  3.247248  7.671427  6.188455 12.601698 19.045408
 1.996447  3.642138  8.104875  6.586564 11.736996 21.655401
 1.853318  3.741438  7.740013  5.688837 11.911824 22.169471
 1.794527  3.514666  7.641885  6.223588 11.057645 20.106349
 1.912349  3.458399  8.159707  5.870036 12.026238 20.175492
 1.828569  3.475479  8.287899  6.586143 12.090061 21.537500
 1.965478  3.263546  8.194027  5.933981 12.230786 20.536603
 1.739955  3.553818  8.425594  6.136202 11.167654 19.288094
 1.986681  3.438061  7.884172  6.409002 12.343006 19.092448
 1.837307  3.499923  7.171662  6.700151 11.808509 19.798878
 1.900547  3.262179  8.117177  5.831947 12.020963 20.345746
 1.852682  3.542461  8.333292  5.646349 11.962760 21.101275
 2.099714  3.528181  7.699037  5.521831 11.764951 21.431477
 1.820147  3.841218  7.411427  6.101433 11.295002 19.398057
 1.882320  3.486973  7.919687  6.426702 11.240693 20.847238
 1.919658  3.740925  8.884648  6.461542 12.057838 18.769880
 1.728504  4.113647  7.330712  5.683068 10.527857 18.488774
 2.008226  3.586841  8.160850  6.385704 13.556920 20.299636
 1.935972  3.578563  8.153336  5.857718 12.683308 23.892753
 1.665611  3.268709  7.558151  5.580403 12.061571 17.192574
 1.770780  3.762040  7.720980  5.432743 11.200847 19.230898
 1.733686  3.824980  8.322329  6.059284 11.488283 20.147793
 1.939629  3.295588  8.324407  6.985075 12.271149 19.086488
 1.838462  3.127409  7.596101  5.634085 11.319394 18.936499
 1.698380  3.249598  7.968528  6.130774 12.671364 20.030804
 1.783387  3.294950  8.416115  5.403291 12.271063 19.226645
 1.703683  2.943049  7.527041  6.031193 11.331397 16.358238
 1.698483  2.943735  7.707771  6.010141 11.337852 20.257118
 1.739163  3.707545  7.001616  5.504317 13.188183 19.743289
 1.779166  3.240265  8.200272  5.443090 13.758393 21.956189
 2.110008  3.179208  6.890131  6.336124 12.445612 19.343247
 1.556030  3.288147  7.091465  5.611081 12.025196 18.579697
 1.655740  3.478313  7.936075  5.585394 11.471746 17.763426
 1.857479  3.585320  8.581491  5.628164 11.860021 19.292140
 1.736205  3.222324  7.142612  6.053143 12.155702 19.192084
 1.756541  2.951941  7.728738  6.030844 12.171997 22.535049
 1.723867  3.386218  7.777744  5.518585 10.777490 19.458609
 1.731598  3.107374  6.706677  5.647428 10.920818 19.231829
 1.540033  3.127245  7.146052  5.572973 12.304928 17.259531
 1.777818  3.670894  7.912034  6.005467 11.927158 18.217122
 1.832345  3.213873  7.359735  6.339634 12.996014 18.242295
 1.824585  3.632733  7.999636  5.940467 12.335710 19.690353
 1.943494  3.649827  7.602881  6.327509 12.006727 21.306552
 1.770071  3.410907  9.074061  6.089855 12.318560 20.178419
 1.900455  3.364261  7.441897  5.511559 11.214577 21.205135
 1.642998  3.390130  6.895612  5.435312 12.205483 19.038853
 1.743472  3.462010  7.555121  6.615410 10.645266 18.444691
 1.803936  3.316155  6.617106  5.781316 12.134566 19.929561
 1.875456  3.538202  7.828329  5.995963 11.481388 19.170636
 1.920127  3.125867  7.806168  7.040582 11.834489 23.237046
 1.947643  3.758832  8.158823  6.206985 13.990043 21.835515
 1.874863  3.530959  8.452551  5.832658 11.573835 16.802037
 1.879756  3.792658  7.602090  5.401287 11.851433 19.864683
 1.773066  3.362387  7.962968  5.384584 12.788844 20.636075
 1.654767  3.510627  8.582689  5.461038 12.319053 20.826348
 1.832828  3.752263  8.414270  5.881971 12.068346 20.294528
 1.717844  3.485804  7.734210  6.076641 12.074311 18.945286
 1.861808  3.096360  8.683345  6.113909 11.216340 21.728668
 1.733212  3.779220  7.633366  5.850109 10.746328 16.874621
 1.859243  3.404442  8.474737  6.518130 12.107920 18.872320
 2.011821  3.433626  8.059911  6.813952 13.159944 21.271300
 1.891172  3.477940  8.382318  6.163087 11.561859 22.146209
 1.809546  3.705650  7.656100  6.432776 12.776806 22.375287
 1.982497  3.780695  8.687273  6.016648 12.976976 20.851424
 1.991822  3.446115  8.141919  6.069489 11.673402 21.102552
 1.961033  3.076390  7.796389  6.010251 11.638605 19.116021
 1.780962  3.806617  8.355119  5.460429 11.891774 19.530531
 1.686927  3.796941  7.965062  5.926663 11.037469 20.119102
 1.851668  3.621099  8.100812  6.372867 12.694667 21.127385
 1.740657  3.602099  7.642785  6.245515 11.428782 19.610219
 1.908262  3.290670  8.207050  6.403042 13.226075 20.236656
 1.831717  3.351007  8.352099  5.853025 11.497592 20.623316
 1.831534  3.462882  7.723747  5.876787 10.822419 19.916302
 1.796198  3.231430  8.989953  6.288390 10.821133 17.879456
 1.756088  2.855431  8.452129  6.482504 12.582136 17.764550
 1.539120  3.291115  8.082548  5.465450 11.979553 19.317203
 1.787428  3.283617  8.312863  6.353716 11.745291 16.865793
 1.879939  3.666652  7.807555  6.319314 12.628940 20.595096
 1.625700  3.325866  7.891570  6.368792 12.254341 20.095735
 1.845229  3.250286  7.679472  5.705068 11.564391 20.154847
 1.840681  3.312566  7.236827  6.793676 12.172169 20.085431
 1.772157  3.333358  7.994283  6.239826 12.595988 20.260433
 1.712358  3.443195  8.273129  6.137501 11.984976 19.747701
 1.822458  3.543870  8.830806  6.286738 12.416997 18.171816
 1.878966  3.307467  7.975248  6.167677 11.398909 20.325415
 1.804645  3.070731  8.104406  5.564071 11.263437 20.691927
 1.795861  3.487511  8.281724  6.331294 12.878594 17.796466
 1.856236  3.740890  9.219073  5.923710 11.194372 19.833502
 2.018228  3.489925  7.407583  6.072752 11.666467 22.771243
 1.787224  3.756264  8.052677  6.008150 12.347558 19.488425
 1.797876  3.295028  9.064322  6.292597 10.171043 18.886622
 1.796410  3.666051  7.967738  5.664263 13.062034 20.195579
 1.810162  3.459070  8.266630  6.406457 12.617503 21.763579
 1.864935  3.420158  8.446880  6.150485 11.676684 20.735013
 1.916599  3.292220  8.088206  6.165098 12.106101 19.765874
 1.772563  3.289786  8.308169  5.512429 12.006906 20.129434
 1.729665  3.113563  7.721392  5.381972 12.345910 20.578004
 1.766167  3.511661  8.241292  6.202697 11.784281 21.998681
 1.817946  3.719343  8.094082  5.739098 11.988236 18.953487
 1.808898  3.506027  9.004445  5.711529 11.332299 21.697488
 2.030143  3.478456  8.671709  6.965275 12.738410 19.926649
 1.922146  3.387416  8.238022  6.049796 12.106728 22.340696
 1.784908  3.383648  7.643128  6.631626 11.775733 19.550339
 1.736305  3.501320  7.217380  5.567580 12.168173 20.636327
 1.809067  3.503376  8.828225  6.530956 11.972137 21.948477
 2.065021  3.647825  7.872716  7.001332 11.612091 20.438830
 1.986591  3.204766  8.714048  5.984018 12.666574 20.177731
 2.031490  3.399823  7.872049  5.734159 11.968287 18.884021
 2.012875  3.574848  8.188810  6.129619 12.163724 19.519487
 1.817440  3.522064  7.479501  5.626340 12.203991 21.060888
 1.921621  3.691783  8.407481  6.010350 11.219182 20.283583
 1.842015  3.257351  7.937377  6.491068 12.162901 19.916641
 1.862525  3.666627  7.916332  5.530075 12.109305 19.083375
 1.833205  3.813418  8.462115  6.080511 12.528432 20.764276
 1.714805  3.621981  7.821041  5.784978 13.606587 19.472062
 1.837932  3.641557  8.474554  5.677641 10.976194 21.398489
 1.670245  3.119411  7.421922  5.702606 10.865221 18.455379
 1.684024  3.021725  7.737672  6.143175 13.873839 18.971153
 1.779075  3.149379  7.402392  6.388288 12.794113 18.158289
 1.642183  3.600394  8.252228  6.521974 12.514656 20.435165
 2.066954  3.559665  7.581924  5.599633 10.727642 18.276279
 1.745488  3.402258  7.046573  6.147755 11.832823 19.117013
 1.745049  3.104792  7.514269  5.429850 12.750719 18.668035
 1.823147  3.093074  8.428460  6.136750 11.858202 19.709650
 2.076871  3.847446  7.356703  6.308564 12.956860 21.324640
 1.924011  3.515878  7.908343  5.985295 11.916362 20.336992
 1.878620  3.722530  8.423129  6.407743 11.852878 19.668793
 1.772221  3.654328  8.568677  5.945673 12.041747 18.823685
 1.724287  3.602207  8.529759  5.977408 13.248858 18.538562
 1.916162  3.396069  8.155207  5.686788 10.934868 18.686344
 1.887511  3.504472  8.695545  6.814391 12.253767 20.578175
 1.944063  3.443191  7.998535  5.928135 12.273506 19.762646
 1.676568  3.229122  8.691875  5.772313 12.995418 20.635693
 1.802621  3.472751  7.683372  6.343272 12.541642 21.535731
 1.838841  3.225049  8.503220  5.508480 12.870344 18.444817
 1.917010  3.312596  7.996296  5.891075 11.659955 21.915425
 1.746201  3.657991  8.019139  5.537588 12.652812 21.108826
 1.983451  3.472695  7.728967  6.494952 13.274803 20.100991
 1.894123  3.514766  7.844221  5.834212 11.051735 18.683908
 1.804375  3.226463  7.888447  5.679784 13.101406 19.544848
 1.816488  3.155656  7.369848  6.614650 11.112157 21.580707
 1.718186  3.037506  7.530261  6.637311 11.973405 19.471242
 1.798775  3.485741  8.618023  5.703378 13.221486 20.151984
 1.876816  3.634213  7.638093  6.118383 11.913344 18.450505
 1.962670  3.650307  7.803056  5.950724 12.562851 19.599934
 1.881247  3.694599  8.668369  6.212518 12.236328 20.719332
 1.705190  3.750438  7.762402  5.948608 13.131213 23.501834
 1.890712  3.499000  7.458193  6.022015 11.062927 22.307358
 1.929671  3.390870  8.006191  5.711559 11.383201 20.369857
 1.823821  3.424690  7.897453  7.019387 11.783508 20.550073
 1.837934  3.263345  8.057865  5.929042 11.613879 17.255751
 1.787910  3.295056  7.887993  6.064836 11.440500 17.427533
 1.873104  3.677674  7.839544  5.959858 12.603722 18.349008
 1.767144  3.458007  8.536657  6.537125 12.616349 20.778258
 1.753011  3.564709  7.192531  5.913534 11.356081 20.262920
 1.828608  3.348193  8.220276  6.008480 10.529311 22.482728
 1.811031  3.438585  8.218128  5.710393 11.904843 17.765230
 2.006065  3.618497  7.940628  6.023703 10.840853 20.165102
 1.846091  3.657696  8.285644  6.015881 12.389767 19.458844
 1.805857  3.526342  8.330616  6.054099 12.256527 20.151676
 1.674697  2.984507  7.388904  6.108803 11.590875 21.177805
 1.966763  3.343077  8.476578  5.802185 11.224214 20.387382
 1.832105  3.178970  7.484734  6.231305 13.282112 20.188026
 1.985072  3.326947  7.314750  6.062937 12.149923 18.955310
 1.824783  3.507478  7.390340  5.299370 12.431937 17.091409
 1.622268  3.489607  8.055622  6.146694 12.239991 18.731115
 2.064416  3.689202  8.652187  6.574255 10.996397 21.320835
 1.704397  3.624387  8.030006  7.064942 12.287848 23.103585
 1.925532  3.342758  7.556983  6.234599 13.131115 20.183192
 1.826638  3.445345  9.599664  6.867276 12.510301 19.149422
 1.970603  3.929994  8.769994  5.926255 12.700952 21.868125
 1.938654  3.597968  8.752632  6.720613 12.096467 18.858802
 1.629618  3.483377  7.957747  6.134641 11.761017 17.217961
 1.808398  3.384114  7.727565  6.335145 11.652455 19.047795
 1.804854  3.322750  7.452214  5.651380 10.557280 19.852106
 1.936416  3.059523  7.417040  5.652735 11.130807 18.894903
 1.762154  3.725758  7.258782  6.089372 11.343094 19.265947
 1.866842  3.468305  8.017207  5.988511 12.191954 21.766961
 1.913202  3.097095  8.140870  5.607211 12.106514 20.022832
 1.588999  3.336235  8.004674  5.639724 12.146368 19.000352
 1.664354  3.269536  7.851339  5.425912 10.687007 19.063413
 1.804765  3.307608  8.011866  5.416009 12.167274 17.991698
 1.777546  3.028824  8.518792  5.803429 11.188672 19.594919
 1.714952  3.378485  8.280754  5.821279 10.957684 20.213252
 1.761183  3.147261  7.697424  6.077266 11.384841 18.222219
 1.867073  3.493392  7.484517  5.664796 10.537305 18.398155
 1.798246  3.308677  7.815088  5.838181 11.736728 19.399593
 2.165174  3.387387  8.858092  6.293502 11.102723 19.320679
 2.066209  3.507359  7.641035  6.534057 12.980936 21.137114
 1.836756  3.371851  7.947381  6.521959 11.584549 16.391168
 1.964505  3.451198  8.238949  6.288773 10.916017 19.026283
 1.944078  3.748776  8.104254  6.289995 12.716885 19.820460
 1.741054  3.704235  8.279109  6.182308 12.734387 23.032739
 1.883601  3.360714  7.452506  5.737441 12.589708 19.121564
 1.770732  3.343854  8.157058  6.252936 11.800938 19.450964
 1.910005  3.127545  7.800142  5.806308 11.985140 19.357007
 1.882005  3.183510  7.637212  5.996297 11.784685 19.825174
 1.749246  3.257090  7.735265  6.455480 11.815511 20.391587
 1.667794  3.477907  7.799642  6.375343 11.837780 19.329905
 1.939929  3.158835  8.598686  6.178878 12.398102 19.220394
 1.940897  3.673537  8.596116  6.061426 11.905374 19.131743
 1.984750  3.390749  8.791601  5.857439 10.500988 19.244091
 1.828318  3.690354  8.534343  6.383158 13.456475 21.377788
 2.051278  3.499708  7.703565  6.706741 12.374483 20.905086
 1.897293  3.509396  9.073433  6.982012 11.655625 20.609926
 2.026328  3.560291  9.349824  6.047021 12.050737 19.447088
 2.011492  3.649674  8.108614  5.926781 11.999015 18.716914
 2.284658  3.336946  8.061893  6.398654 12.213800 18.696323
 1.630424  3.344874  7.491041  5.840296 12.081556 23.880727
 1.917631  3.610825  8.351862  6.198465 10.539005 21.307221
 1.900733  3.800640  8.879272  6.686171 13.355215 20.147233
 1.902731  3.526987  7.953684  6.009460 12.617672 19.327211
 1.834455  3.480003  7.582033  6.130460 11.526893 18.433633
 1.825462  3.258482  7.563880  5.511222 11.997302 18.948330
 1.854165  3.186379  7.573011  5.766142 13.004870 20.230966
 1.863153  3.296185  7.989672  5.871865 11.335865 20.654218
 1.963572  3.729928  8.283999  6.065603 12.459719 20.143819
 1.888892  3.109258  7.800198  6.680691 12.318606 21.099842
 1.864944  3.446670  8.038134  6.465735 13.164582 19.821481
 2.049994  3.485852  8.255635  6.145778 12.531380 22.372362
 1.871698  3.584556  7.971084  5.832287 12.125368 19.982594
 2.001912  3.500435  7.211756  6.326523 11.946439 19.626134
 2.067958  3.686860  8.728299  6.115081 13.689901 22.308760
 1.796023  3.851445  7.400594  6.305450 11.449584 19.133602
 1.747658  3.392901  8.072681  5.524028 12.670983 20.196518
 1.793147  3.022391  7.997521  5.668558 12.946681 19.784622
 1.849260  3.189923  8.397580  5.517458 11.647473 20.798530
 1.740216  3.183528  8.037751  6.094013 10.487397 20.239901
 1.826994  3.420606  7.735216  5.922707 10.837716 19.104005
 1.829155  3.320517  7.855293  6.295500 12.596798 20.455345
 1.882965  3.480785  9.165910  6.993986 11.967463 22.644061
 1.746242  3.520223  8.148505  6.306816 11.969225 20.695147
 1.636621  3.265766  8.127925  6.242991 12.469729 20.468903
 1.920248  3.233948  7.737705  6.038166 11.854118 19.421140
 1.891046  3.264903  8.583127  6.155096 12.312316 19.369165
 1.975015  3.522288  8.065055  6.090933 13.097421 19.623925
 1.862166  3.700055  7.972523  6.144257 12.183055 20.387607
 1.759913  3.503514  8.338265  5.728967 12.731280 19.754327
 2.277686  3.534613  8.325436  6.875839 12.708645 22.260924
 2.085801  3.427857  8.394598  6.971066 11.859839 20.704276
 2.020255  4.083195  8.703128  7.226529 12.607078 23.076130
 1.945666  3.575352  8.453261  6.237349 13.308090 18.704963
 1.984626  3.217392  8.476180  6.069967 11.978367 20.699078
 1.828655  3.516515  8.126126  6.246764 12.373705 19.760767
 1.739177  3.387939  8.151929  6.743861 12.593847 21.727216
 1.765741  2.831485  8.312571  5.792520 11.286461 22.819047
 1.824213  3.585146  8.157758  6.100361 10.884144 19.725212
 1.698985  3.492388  8.101363  5.757372 10.692027 19.552202
 1.866185  3.682909  8.043670  5.601672 12.837708 19.587624
 1.728166  3.074168  7.645769  5.750073 12.968108 20.126934
 1.755557  3.809575  7.340619  6.414650 12.109398 20.013966
 1.852052  3.275852  8.415375  6.358954 11.308781 19.476745
 1.751824  3.007458  7.249559  5.990449 10.978205 20.189851
 1.846062  3.706124  8.038302  5.609074 11.825204 17.316868
 1.654966  3.629503  8.394135  6.362066 11.400117 20.682133
 1.917523  3.471853  7.734966  6.016723 11.429185 21.164084
 1.815065  3.318170  7.791070  6.341678 12.320656 20.455587
 2.070870  3.970765  8.034059  5.983858 12.320339 21.539269
 1.788614  3.126871  8.001281  6.383642 11.549146 19.328849
 1.851271  3.569332  8.130994  6.054445 11.697737 18.845342
 1.909746  3.393261  7.797533  6.199588 11.629007 19.210996
 1.924283  3.225321  7.730370  6.128413 11.893756 19.637513
 1.885428  3.525071  8.588036  6.043073 11.773349 18.953010
 1.845866  3.557040  8.417579  5.920264 10.970136 20.650072
 1.682437  3.197036  7.622674  6.855984 12.667903 20.665596
 1.873253  3.754740  8.236889  6.327228 12.986588 19.498423
 1.979425  3.463320  7.548768  5.548900 11.669619 19.803175
 1.864365  3.505864  8.971966  5.761106 11.683190 20.430891
 1.889313  3.324945  7.817863  6.001110 11.415915 18.538164
 1.944874  3.574471  7.565690  6.134343 13.282086 21.367047
 2.058077  3.813021  8.617091  7.751177 12.371352 18.503438
 1.741030  3.538859  8.666845  6.322875 13.340565 22.157925
 1.921779  3.208752  7.935967  6.261496 11.133462 18.687347
 1.774696  3.220694  8.404635  6.213693 14.020540 20.422040
 1.773877  3.309606  7.691296  6.403931 12.075298 22.247924
 1.993613  3.497558  7.592888  6.347853 12.404494 20.680372
 2.063586  3.471720  8.595180  6.311082 13.458060 20.485445
 1.868332  3.310691  7.375993  5.628391 12.507836 19.650462
 1.914163  3.657933  8.873775  5.820615 12.447469 18.314175
 1.821658  3.678594  8.227508  5.639033 12.874706 18.747634
 1.888426  3.812499  8.244677  6.434383 11.520173 21.682493
 1.912815  3.339981  9.515194  6.027156 12.249696 19.092798
 1.763665  3.334701  7.638901  5.576573 11.889074 21.601628
 1.854147  3.406231  8.100832  5.970681 12.669384 20.040236
 1.799111  3.424405  8.026428  5.501734 12.149481 19.680909
 1.648200  3.556635  8.281468  6.155945 10.332807 18.883671
 1.682201  3.294838  7.798986  5.806948 11.977158 18.027216
 1.880777  3.220731  7.781216  5.716007 10.462240 22.683840
 1.717200  3.506806  8.110509  5.974777 12.074198 21.923619
 2.016401  3.318915  8.150856  6.109933 11.863972 22.285951
 1.883370  3.479617  8.090348  5.677071 12.023406 21.466639
 1.720845  3.673168  8.000901  6.611603 10.301087 19.083538
 1.790490  3.625640  6.520931  6.048036 11.476078 23.067527
 1.677210  3.341695  7.720811  6.443145 14.605080 17.212838
 1.991273  3.501574  8.589725  6.165185 13.048646 21.992953
 1.762412  3.427765  8.750524  6.263918 13.396818 19.277939
 1.871921  3.672398  7.982252  6.460749 13.113650 22.244046
 2.037354  3.577947  8.638722  6.338410 10.600211 19.446035
 1.946809  3.584110  7.987318  6.264902 13.494786 20.107746
 2.043204  3.157466  8.382023  5.689640 11.821886 19.053668
 1.668988  3.512737  7.887414  6.216736 11.311393 21.492500
 1.793525  3.251618  8.384596  5.989958 12.799253 20.521320
 1.749299  3.170769  7.667595  6.379698 12.203313 19.024928
 1.688175  3.270395  7.516521  5.930626 12.628689 20.197921
 1.729669  3.544809  7.960493  5.979559 11.595660 20.182647
 1.780287  3.800645  8.969255  6.726814 12.985905 20.848025
 1.862496  3.228118  7.776133  6.069362 12.037960 21.415439
 1.905151  3.028140  8.032130  5.716802 11.246587 18.461511
 1.909765  3.452058  8.733543  6.844584 12.091642 20.594856
 1.864108  3.294480  8.819919  5.817429 12.088033 19.708929
 2.092172  3.492989  7.567923  6.446732 10.994161 19.363870
 2.031490  3.775954  8.386877  6.309399 12.292409 18.463676
 1.881294  3.364222  7.915134  6.385158 11.543898 19.150839
 1.917130  3.628535  8.081779  6.651206 12.304694 21.931553
 1.735447  3.376504  8.187703  5.863134 11.494982 20.754843
 1.768338  3.506089  7.649775  6.556292 11.216953 19.754110
 1.683905  3.306742  7.608555  5.874692 11.911549 20.077973
 1.778530  3.153624  7.945288  5.786239 13.141943 19.032139
 2.094341  3.250009  8.161462  6.277323 12.185333 21.011970
 1.679052  3.248134  7.134988  6.223058 12.291664 19.143740
 1.813331  3.241045  7.407656  5.409348 11.838039 18.982076
 1.975755  3.509252  7.882964  5.660739 11.830351 21.986816
 2.055759  3.479847  8.517400  6.231404 11.025976 17.121891
 1.731447  3.183427  7.490022  5.359526 10.882912 17.454894
 1.905392  3.818386  7.802529  6.391429 12.777663 21.642010
 1.912487  3.269672  8.140900  6.575783 12.318935 17.931341
 1.741352  2.900842  8.414134  5.817925 11.517692 19.288741
 1.968850  3.224267  7.934241  6.527159 12.870285 17.555302
 1.762582  3.376454  7.716323  6.155326 12.031349 20.216018
 1.922558  2.934679  8.085169  6.376425 11.914939 19.312049
 1.825655  3.897050  8.293436  5.981499 11.893008 18.605425
 2.134816  3.437445  8.993275  6.936986 12.649002 20.471193
 1.797251  3.494238  7.420438  6.067364 12.396357 20.398591
 1.708135  3.836182  7.405987  6.380766 13.396643 18.246540
 1.929752  3.734228  7.776147  5.805612 11.816090 21.009208
 1.759879  3.493533  8.988262  6.250271 12.558857 19.058366
 1.824150  3.473994  7.707265  6.625297 11.520650 21.207728
 1.733971  3.624761  8.536899  5.207427 11.146276 18.467136
 1.744830  3.104308  7.532999  5.862308 13.472944 18.920490
 1.857932  3.330850  8.361931  5.898375 12.851019 19.936577
 1.741644  3.382047  8.047957  6.171718 12.500599 19.979206
 1.753994  3.121100  7.469744  6.172593 11.002123 19.886637
 1.781611  3.706091  8.171324  6.330352 10.416182 20.716704
 2.019185  3.739149  8.708639  5.904603 11.969255 20.078701
 2.034570  3.260378  7.945135  6.304117 11.966219 18.466432
 1.766217  3.464129  7.491425  5.916212 11.948058 21.089433
 1.929160  3.590487  8.650817  6.308746 11.708612 18.832204
 2.018796  3.577364  7.805159  6.162585 11.363069 21.001468
 1.839621  3.253184  7.674423  5.277217 11.035126 19.690498
 1.801250  3.648571  7.675116  6.653448 14.042448 19.625822
 1.701960  3.456426  7.554786  6.183235 13.072114 17.333812
 1.706040  3.311262  7.822641  6.461334 12.431209 18.914398
 1.901207  3.624009  8.476929  5.854025 11.323640 21.367523
 1.969152  3.381520  8.251700  6.158738 12.697434 19.831590
 1.800627  3.482649  8.337392  5.800592 11.844530 19.549791
 1.776142  3.771880  8.534856  6.257095 10.588680 20.595001
 1.806651  3.233405  8.276880  6.586699 12.732073 20.293551
 1.914768  3.785323  8.956156  5.186079 12.641200 18.500918
 2.087190  3.233564  8.483498  5.725319 13.231072 20.995438
 1.977996  3.634894  8.675763  6.306322 12.449414 18.533514
 1.908860  3.824849  8.794867  5.739138 11.518652 18.210682
 2.019245  3.290340  8.014472  6.471826 12.580363 20.065946
 1.937312  3.142358  8.062460  5.650950 11.242916 19.034475
 1.826505  3.424278  7.809088  6.032280 12.003927 19.368976
 1.688332  3.617029  8.710228  6.493698 11.793821 20.301648
 1.965130  3.519590  7.917111  6.991229 12.711853 21.828488
 2.147366  3.415175  8.473896  6.928143 13.200026 22.550547
 1.905616  3.416663  8.344431  5.843649 12.995869 22.180159
 1.820531  3.274254  7.971563  5.863903 11.396055 20.907637
 1.783366  3.015630  8.501742  6.071027 12.594981 21.053924
 1.965447  3.751552  8.747982  6.588608 11.527339 19.360290
 1.614351  3.484797  7.180307  6.064359 11.993328 20.687701
 2.066839  3.466871  8.292452  6.603101 12.619060 19.138478
 1.822250  3.767225  7.714630  6.981436 11.885793 23.380170
 1.744592  3.324282  8.014641  6.375398 12.426906 20.765380
 1.839740  3.488238  8.528206  6.165909 11.667124 20.701590
 1.963873  3.930361  8.283319  6.298298 11.433525 17.760674
 2.007121  3.619611  7.667689  6.121678 11.221433 19.949422
 1.746068  3.063373  7.469063  6.100090 11.839798 20.257487
 1.681705  3.172058  8.362933  5.894095 11.131369 18.322483
 1.723095  2.977271  8.468803  5.703962 11.227921 19.367908
 1.658505  3.331815  8.105028  6.129915 11.565477 20.939745
 1.710298  3.556077  8.583518  5.633067 11.583585 19.092974
 1.804137  3.238859  7.089017  5.361085 11.713160 19.598040
 1.850447  3.134531  7.399584  5.882286 11.937548 19.976672
 1.838549  3.467913  9.148481  5.849679 11.282135 19.197897
 1.804371  3.384772  7.449911  6.266106 12.254562 20.291764
 1.829234  3.560936  8.096663  6.423331 13.110655 22.799208
 1.901968  3.742329  7.632299  6.081448 12.373163 21.291048
 1.863214  3.586490  8.576105  6.355996 12.476389 22.441298
 1.796559  3.381325  8.586101  6.001055 12.787167 20.669099
 1.958831  3.464271  8.104920  6.267136 12.229806 19.128440
 2.031914  3.556965  8.576873  7.207239 12.960721 23.538956
 2.053895  3.823884  8.145683  6.926271 11.997756 21.057018
 1.778303  3.202394  8.024647  5.649478 12.257907 19.238944
 1.698270  3.664353  8.073353  6.405368 11.662464 21.258031
 1.716869  3.408358  8.079710  6.206539 11.544162 22.454958
 1.705572  3.235786  7.993788  6.047812 11.426817 19.197027
 1.846304  3.359771  8.556846  6.544893 12.756976 19.839673
 1.714496  3.375408  7.992477  6.198728 12.577934 19.334150
 2.010801  3.373607  7.475938  5.994015 12.231783 19.022422
 1.976747  3.558456  7.647828  6.610293 12.240814 20.666214
 1.887697  3.298650  8.168355  6.332880 12.550960 23.289646
 1.829722  3.676558  8.560406  5.879884 12.200654 21.549369
 2.062772  3.414444  8.140517  6.628663 11.783595 21.004387
 1.864216  3.459157  8.002109  6.261991 13.809722 19.457114
 1.910445  3.407403  8.005837  5.933174 12.603888 21.389088
 1.909714  3.745465  8.814187  6.375529 12.210242 19.444122
 1.818190  3.403724  7.662967  6.472643 11.916599 21.360891
 1.739783  3.254064  8.645324  6.496154 11.870106 20.250766
 1.773088  3.643037  8.213663  6.671502 12.599139 18.861344
 1.852863  3.333892  8.133490  5.890720 11.376006 20.793076
 1.887944  3.507717  8.053843  6.525484 13.571750 21.997936
 1.988612  3.934804  8.057557  6.018626 12.300617 20.435022
 1.886202  3.378394  7.880416  6.115635 12.100585 20.603560
 1.895935  3.137128  8.288921  6.900849 12.126242 22.111656
 2.139463  3.481005  8.063044  6.102049 12.337569 17.959545
 1.793499  3.641512  7.376281  5.846715 12.292816 21.198725
 1.687839  3.724896  7.972440  6.577904 12.186389 17.922994
 1.829796  3.439791  7.460241  6.527421 11.714983 18.801563
 2.076031  3.659610  8.472456  6.402704 11.908435 21.480223
 1.697717  3.127940  7.740773  5.956593 12.310286 17.859006
 1.808444  3.319180  7.091976  6.178883 12.433485 18.837592
 1.735803  3.447335  8.601141  5.959938 12.054128 20.033480
 1.867191  3.500987  8.486727  6.775809 13.054575 19.806408
 1.868198  3.501025  8.490738  6.675972 12.943838 19.314597
 2.080620  3.737571  8.043477  6.440825 11.478990 18.417172
 1.956221  3.851139  8.813231  6.330452 12.952328 21.660367
 2.067851  3.525489  7.196745  6.466718 11.888922 20.459198
 1.779835  3.610528  8.290116  6.253134 12.953879 20.190171
 1.865905  3.545365  8.070832  6.993945 13.256157 18.751753
 1.813083  3.619549  8.171310  5.682242 12.578427 20.336376
 1.850914  3.360663  7.969049  6.208230 11.814182 20.372759
 1.734327  3.560249  7.924503  6.284027 12.895439 18.646090
 1.870499  3.244406  7.358635  6.164578 12.383825 21.629033
 1.919108  3.393214  8.258267  6.217669 12.182700 20.186133
 1.800075  3.524858  7.363174  6.027249 12.930812 18.348143
 1.801643  3.369624  7.952396  6.270001 11.220920 20.692770
 2.001655  3.564136  8.218787  6.569757 11.636105 19.498299
 1.921780  3.457895  7.569173  6.402464 12.397913 19.683382
 1.779831  3.295125  8.300989  5.952612 12.383691 19.955961
 1.821301  3.433196  7.650892  6.185111 12.136220 21.715313
 2.051409  3.424867  7.094117  6.220515 13.078406 17.292643
 1.772333  3.226725  7.920280  6.296203 11.176061 22.105929
 1.694439  3.429895  8.102669  6.245461 13.238374 21.811003
 1.852526  3.370444  7.800387  5.512924 12.274818 18.602513
 1.860901  3.386403  8.631992  6.044873 13.054831 20.015160
 1.677432  3.563489  8.424078  6.236589 11.724558 19.203231
 1.870170  3.295500  9.152966  5.833160 11.208639 21.048657
