 0.709245  0.466246
 0.548044  1.189304
 0.716948  0.489674
 0.329754  0.745600
 0.532155  1.035810
 0.487870  0.516738
 0.625864  0.446810
 0.647169  0.498230
 0.117834  0.512602
 0.479409  0.751468
 0.718040  0.884480
 0.417034  0.694532
 0.510470  0.589744
 0.511907  1.143556
 0.870502  1.518925
 0.382745  0.724018
 0.740021  0.973258
 0.766819  0.612319
 0.664137  1.254598
 0.678555  1.102104
 1.034996  0.776151
 1.063185  0.945860
 1.222446  2.245802
 0.851033  0.894474
 1.083128  1.266321
 1.158452  0.917594
 1.247489  2.045574
 1.114417  1.077969
 0.754550  1.454838
 0.788488  0.907090
 0.455438  0.361677
 0.760509  0.682374
 0.551107  1.451097
 0.881023  1.417299
 0.330725  1.270020
 0.469400  0.483582
 0.374870  0.584182
 0.568129  0.547021
 0.403153  0.129319
 0.152019  0.179023
 0.203275  0.375117
 0.339775  0.345040
 0.380069  0.662434
 0.221695  1.001181
 0.243253  0.405524
 0.871833  0.756613
 0.594580  1.646195
 1.029073  0.554166
 0.413048  1.025721
 0.388897  2.293200
 0.364374  1.266670
 0.701838  1.270184
 1.096759  1.629470
 1.103683  0.786296
 0.731031  1.014084
 0.904585  1.103339
 0.684232  2.026527
 0.828563  0.709388
 0.545011  1.392951
 0.818098  1.555977
 0.526335  0.914073
 0.774672  0.760843
 0.563207  1.058640
 0.700920  0.579716
 0.474524  0.607980
 0.437085  0.535856
 0.474932  0.630970
 0.571128  0.606952
 0.206389  0.859341
 0.076952  0.396759
 0.827482  0.698211
 0.749982  0.723971
 0.962417  0.545646
 0.735684  0.700692
 1.128289  1.207580
 0.709131  1.267753
 0.802394  1.391332
 0.605506  1.325487
 1.280480  1.039037
 0.858267  0.567565
 0.550351  0.654286
 0.317289  0.816016
 0.113625  0.922576
 0.530746  0.544784
 0.656329  0.603404
 0.324530  0.912759
 0.495084  1.608215
 0.666067  0.975735
 0.497626  0.821879
 0.578356  0.539162
 0.637272  0.784126
 0.873627  0.303181
 0.624377  0.497278
 0.035299  0.637842
 0.506724  0.986798
 0.897235  0.748107
 0.978522  2.233538
 0.946167  1.150422
 0.995365  0.457577
 1.290325  0.779370
 1.044012  0.621169
 0.644211  0.623733
 0.761015  0.563678
 1.060339  0.824704
 1.029798  1.821864
 0.726769  1.740477
 0.623396  0.432355
 0.628937  2.057312
 0.706386  0.889593
 0.929764  0.438219
 1.076371  1.023306
 0.727519  1.569449
 0.381118  1.031512
 0.584294  0.649272
 0.553116  0.603647
 0.504845  0.626441
 0.541010  0.667853
 0.546694  0.653307
 0.415617  0.488848
 0.596588  0.824648
 0.535317  1.264499
 0.348761  1.810058
 0.451494  0.701651
 0.347686  0.975391
 0.735709  0.819124
 0.346936  0.570483
 0.671331  0.820657
 0.959442  0.970695
 1.012596  0.758056
 1.189457  0.877564
 0.620172  1.406942
 0.688798  2.011008
 1.053580  1.549566
 0.799229  1.855736
 0.682518  1.202628
 0.540602  1.290240
 0.966823  1.388050
 0.954186  1.236434
 0.577664  1.807055
 0.674680  0.611479
 0.956414  0.783884
 0.730186  0.605860
 0.705899  0.909777
 0.607473  1.473868
 1.214738  0.912930
 1.478767  2.462682
 1.637287  0.844256
 1.212924  0.684683
 1.128253  1.660102
 0.916798  1.346913
 0.776604  1.144781
 0.785592  0.464660
 1.110516  1.364210
 0.732234  0.637570
 1.256371  1.082142
 1.275928  1.495009
 0.757075  0.773031
 0.702975  0.784141
 0.976225  0.991235
 1.268710  2.319669
 1.336467  2.056397
 1.184495  1.148237
 1.338181  0.846604
 1.091145  0.987894
 0.807963  0.956351
 0.331105  0.992518
 0.510732  0.811673
 0.388940  0.474137
 0.736578  0.930957
 0.562556  0.810199
 0.305759  1.109200
 0.139792  0.685130
 0.468345  0.665642
 0.501179  1.284362
 0.708423  0.291512
 0.494446  1.149561
 0.397207  0.712493
 0.505087  0.999512
 0.147782  0.520708
 0.659606  0.988540
 0.320731  0.499714
 0.313577  0.378123
 0.125457  1.400790
 0.053246  0.864942
-0.148119  0.533074
 0.584461  1.039728
 0.497392  0.371747
 0.901511  0.868614
 0.526692  0.580912
 0.227452  0.679771
 0.713056  1.519104
 0.785341  0.888095
 0.874889  0.878892
 0.432455  0.299419
 0.242753  0.684484
 0.175820  0.583760
 0.332179  0.664413
 0.544936  1.188530
 0.569010  0.964446
 0.689412  0.785294
 0.856176  0.851637
 1.349386  2.349420
 1.218138  1.078019
 1.198176  0.953396
 1.320898  1.636909
 1.131207  1.644036
 0.807240  0.985693
 0.685839  0.388060
 0.874224  0.632108
 0.557997  0.706414
 0.344084  0.548572
 0.218920  0.507180
 0.204085  0.406622
 0.065306  0.563933
 0.820374  0.886883
 0.498444  0.880651
 0.523258  0.360282
 0.334316  0.462520
 0.816019  0.884361
 0.329749  1.488816
 0.717161  0.499619
 0.548336  1.183024
 0.662064  0.833827
 0.855157  0.857281
 0.178414  1.097771
 0.326130  1.210711
 0.427649  0.997539
 0.434430  0.748493
 0.565657  1.088551
 0.677192  0.951591
 0.281425  1.116412
 0.212728  1.115326
 0.920604  1.060606
 0.702664  1.823948
 0.470982  0.312614
 0.743866  0.676507
 0.596026  0.632079
 0.779812  0.706891
 0.539235  0.760045
 0.488444  0.688493
 0.126731  0.446473
 0.412420  0.435836
 0.160290  0.749117
 0.082454  0.168710
 0.081072  2.038635
 0.485515  0.805712
 0.593477  0.414908
 0.982706  0.594932
 0.672689  0.713980
 0.613005  1.224798
 0.719490  0.901843
 0.778418  0.797941
 0.459764  0.330602
 0.461731  0.780170
 0.937281  0.715392
 0.991953  0.936227
 0.620749  0.538079
 0.739945  0.554561
 0.677443  0.640961
 0.268363  0.423781
 0.010963  0.527136
 0.595399  0.410146
 0.743492  0.362030
 0.695743  0.414431
 0.387873  2.012316
 0.644951  1.283373
 0.513599  0.238063
 0.406531  0.331364
 0.238382  0.535576
 0.703096  0.573404
 0.669554  0.418486
 0.889573  1.054578
 0.683291  0.753456
 0.733057  0.882893
 0.864147  0.556803
 0.734543  0.478133
 0.746251  0.547837
 0.587087  0.434230
 0.714216  0.966512
 0.694193  0.421150
 0.761026  0.782675
 0.612534  0.484452
 1.202204  0.754297
 0.648645  1.565089
 0.795838  1.581372
 0.520267  1.133267
 0.661626  1.071865
 0.744296  0.633623
 0.734147  0.850913
 0.386552  0.525977
 0.808269  1.017584
 0.862600  0.806937
 0.686527  0.964757
 0.634447  0.474935
 0.370176  0.597818
 0.383767  0.440602
 0.586957  0.584462
 0.799001  0.502769
 1.203627  1.599246
 1.011752  1.179064
 0.603264  0.622669
 0.789582  1.285484
 0.367771  1.099275
 0.329159  0.325536
 0.656264  0.442298
 0.387371  0.512440
 0.234776  0.386631
 0.470975  0.331450
 0.198129  1.113046
 0.421286  0.603340
 0.599608  0.411562
 0.355499  0.442143
 0.169107  2.327018
-0.266152  0.412334
 0.487795  0.669091
 0.750528  0.658287
 0.736296  0.851803
 0.974620  0.878619
 1.122923  0.497309
 0.785297  1.026581
 0.710554  0.523293
 0.760903  0.361725
 0.683329  0.964097
 0.668350  0.809109
 0.527320  0.501736
 0.410877  0.514278
 0.366211  0.443627
 0.517848  0.789737
 0.651323  0.858696
 0.687483  0.644935
 0.453649  0.513078
 0.468567  0.691984
 0.403120  0.248881
 1.033629  1.693376
 1.077422  1.949577
 1.346202  1.751321
 0.888234  1.687028
 0.267126  0.955501
 0.382374  0.624785
 0.139010  0.893611
 0.438732  0.830167
 0.733150  0.575651
 1.003693  1.155752
 0.852384  0.962379
 1.060773  1.285511
 1.060642  0.699795
 0.884565  0.885608
 0.580358  0.822155
 0.195893  0.636835
 0.590580  0.961797
 0.414209  0.676962
 0.548953  1.431985
 0.503728  0.417757
 0.580872  0.242021
 0.570776  0.972374
 0.758310  0.522458
 0.516593  0.820115
 0.618949  0.368932
 1.010745  0.548611
 1.039530  1.642160
 1.254931  1.438290
 0.990370  0.906537
 1.407901  1.443597
 1.333725  2.075166
 1.235636  0.933629
 1.217179  1.133411
 0.353010  0.578710
 0.860728  1.050556
 0.747304  0.579331
 1.096702  0.514170
 1.009754  0.615141
 0.942791  0.831167
 1.023130  0.768199
 0.935134  0.818885
 0.711468  0.693326
 0.402321  0.488072
 0.038655  0.687453
 0.223896  0.451399
 0.521342  0.440009
 0.525335  0.421869
 0.693549  0.733962
 0.424830  0.805177
 0.773262  0.964739
 0.341436  0.514832
 0.193405  0.835823
 0.318355  1.230198
 1.023179  0.834272
 1.224599  1.750295
 0.515414  1.095708
 0.589760  0.624475
 0.886100  0.625284
 0.570060  0.852082
 0.697552  0.796983
 0.432286  0.454428
 0.471854  1.308197
 0.682326  0.760185
 0.726360  1.525300
 0.547033  1.585830
 0.462647  0.997508
 0.476333  0.516342
 0.777839  0.886557
 1.116793  0.672712
 0.932674  0.832911
 0.471894  0.508213
 0.622857  0.628196
 0.546242  0.702197
 0.594757  0.411033
 0.441487  0.580391
-0.118321  0.578786
 0.380585  0.334943
 0.150098  0.691742
 0.573902  0.971279
 0.515915  0.819132
 0.811824  1.002943
 0.482384  0.663955
 0.737942  0.762820
 0.737775  0.249528
 0.320288  0.631640
 1.023201  1.078638
 0.891156  0.460775
 0.274522  0.768122
 0.468666  0.840859
 0.329061  0.422538
 0.072278  0.888710
 0.468817  0.991678
 0.640627  0.430209
 0.952279  1.038172
 1.063375  1.321490
 0.837362  0.634057
 0.385678  1.162363
 0.442838  0.364008
 0.244426  1.135353
 0.287380  0.764864
 0.439679  0.876961
 0.572679  1.321881
 0.840190  0.768515
 0.292676  0.673117
 0.205823  0.781231
 0.103254  0.689871
 0.117185  0.902941
 0.353008  1.055082
 0.123043  1.022071
 0.274417  0.442252
 0.449567  0.803856
 0.463371  0.953191
 1.310157  1.266445
 0.594246  0.541681
 0.997317  0.886701
 0.949495  0.728673
 0.405512  1.394661
 0.319659  0.510561
 0.471149  0.532708
 0.949061  1.423748
 0.916914  1.143500
 1.091408  0.868582
 0.659024  1.342295
 0.681573  0.917229
 0.568530  2.540126
 0.608541  0.803288
 0.543989  1.064059
 0.578054  0.577474
 0.735017  0.833216
 0.509987  0.785597
 0.756871  0.535254
 0.620780  0.385160
 0.543011  1.578957
 0.761547  1.144546
 0.880203  1.204516
 0.379162  0.626551
 0.664222  1.343292
 1.340519  3.968394
 1.388753  0.923289
 1.298233  1.399722
 0.797080  1.076745
 0.699357  1.059964
 0.742858  0.515301
 0.011997  0.674822
 0.377703  0.846114
 0.474514  0.569659
-0.010003  0.565102
 0.338993  0.324745
 0.235412  0.592224
 0.288476  0.474088
 0.660325  1.195559
 0.445767  0.978017
 0.639921  2.912625
 0.605027  0.863747
 0.922517  1.150352
 0.368447  1.252333
 0.608475  0.629559
 0.435858  1.743055
 0.664438  0.597639
 0.611898  0.694533
 0.528040  0.519525
 1.051609  0.908128
 1.138304  0.370202
 1.063971  0.765765
 0.751042  0.742868
 0.719113  0.983807
 1.163248  1.022317
 1.206384  0.800407
 1.144187  0.712902
 0.981827  0.686743
 0.344507  0.608137
 0.754856  2.261858
 1.123936  0.807493
 1.188787  1.092669
 1.081507  1.190694
 0.994031  3.226182
 0.976740  0.852783
 0.821161  0.631264
 1.016939  1.089797
 0.913282  0.855100
 1.192732  1.648782
 1.057957  0.815706
 1.134488  0.769568
 1.066522  1.134912
 1.334532  1.517075
 1.104655  0.723143
 0.936207  1.083230
 1.069864  0.778699
 1.074854  0.834482
 1.042326  1.018322
 1.125817  2.138835
 1.261097  1.419001
 1.309819  1.441398
 1.196125  0.569288
 0.810708  0.504661
 0.569258  0.807148
 0.856078  1.120337
 0.662841  3.058289
 0.721613  0.505091
 0.592465  0.223331
 0.733525  0.872336
 0.830075  0.574415
 0.714554  0.710532
 1.009459  0.762072
 1.216258  1.881243
 0.642625  1.502524
 0.764278  0.799702
 1.009112  1.059596
 1.124863  0.457191
 1.114208  2.038147
 0.706192  0.987742
 1.372065  2.087740
 1.259626  1.455955
 1.274339  1.173006
 1.483450  1.057309
 1.766203  1.725219
 1.586520  1.122609
 1.248693  0.970506
 1.213490  0.483108
 1.039934  1.043516
 1.104272  1.566791
 0.525786  0.740478
 0.898551  0.967221
 0.482127  0.389425
 0.475242  0.653613
 0.455811  0.897008
 0.844365  0.793836
 0.596703  0.583595
 0.851557  0.597759
 0.855836  0.423683
 1.160736  1.285561
 1.471271  2.154322
 1.266380  1.930266
 1.008200  1.934009
 0.867403  0.657125
 0.924240  1.349499
 0.953953  1.100472
 1.257463  0.745411
 1.131309  0.996106
 1.016027  1.587379
 0.760255  1.067299
 0.628595  0.932310
 0.243992  1.308014
 0.621775  0.304763
 0.561671  1.095557
 0.504677  1.416912
 0.423340  1.410881
 0.254096  0.855518
 0.738285  0.709648
 0.878009  1.244726
 0.465352  1.191524
 0.811280  0.905271
 0.733339  0.610778
 0.549682  1.178681
 0.880442  0.377296
 0.503408  1.148577
 0.414891  2.581134
 0.132462  0.496699
 0.051811  0.855548
 0.545429  0.883343
 0.572326  0.473511
 0.398121  0.740689
 0.355276  0.908046
 0.178238  1.143133
 0.310485  0.365572
 0.552173  0.523656
 0.393980  0.537250
 0.514154  0.552134
 0.794446  0.964782
 0.900155  0.985323
 0.558623  0.962448
 0.826660  0.837994
 0.212165  0.602994
 0.585885  1.133015
 1.021218  1.215717
 1.438149  2.262207
 1.569891  1.526633
 1.509062  1.279212
 1.094824  0.944372
 0.950085  0.836896
 0.986842  0.921843
 0.771261  1.019527
 0.405991  0.568495
 0.239321  0.829331
 0.185379  0.911345
 0.633794  0.875350
 0.296446  1.011769
 0.358264  1.145249
 0.448781  0.844414
 0.947051  0.819763
 0.602009  0.740246
 0.937595  0.837327
 1.225472  1.586246
 0.903297  0.613045
 0.612571  0.583116
 0.071766  2.252838
-0.109306  0.873006
 0.823443  0.971983
 0.956718  1.675624
 1.355376  0.965930
 0.372633  0.969571
 0.559272  0.791391
 0.386506  1.316815
 0.401137  1.087611
 0.256675  0.791717
 0.446429  0.760693
 0.534809  0.584522
 0.859641  0.295809
 0.635828  0.654519
 0.521223  0.683816
 0.802572  0.979878
 0.622029  0.489910
 0.307991  0.636232
 0.794597  0.857299
 1.350783  1.346738
 0.670532  1.521006
 0.525335  0.930610
 0.659232  0.846549
 0.609745  1.358345
 0.526780  0.538523
 0.284407  0.714336
 0.386183  0.413055
 0.665175  0.530361
 0.508739  0.937967
-0.074179  0.921950
 0.308445  1.316082
 0.539983  0.356057
 0.675636  0.357334
 0.640030  0.738517
 0.394141  1.076110
 0.646875  0.580686
 0.499323  0.669279
 0.697946  0.915571
 0.944514  0.706646
 0.935297  0.738734
 1.113598  1.069551
 1.042560  2.194683
 1.003415  0.843695
 0.712648  1.633380
 0.448655  0.426666
-0.005476  0.651371
 0.693019  1.012156
 1.341657  1.424010
 1.137767  0.944370
 1.604429  1.756431
 1.542134  2.131129
 1.364831  1.333175
 1.380172  1.614451
 1.174462  1.627614
 1.047287  0.573135
 0.679344  1.090685
 0.752149  0.692153
 1.124597  2.381982
 1.115889  1.437694
 1.152272  1.849069
 1.018703  0.584527
 1.178276  0.852756
 0.661339  0.977351
 1.028782  0.553639
 1.029480  1.233057
 0.477914  0.523202
 0.295300  0.408162
-0.038408  0.235904
 0.467375  0.527286
 0.576057  0.934889
 0.705996  0.364420
 0.064556  0.428327
-0.131632  0.321790
 0.167332  1.238023
-0.225784  0.719179
 0.110988  0.585040
 0.264336  1.368043
 0.557483  0.608587
 0.624595  1.053575
 0.627046  0.883643
 0.547367  1.233830
 0.256842  1.435677
 0.719812  0.685272
 0.774243  0.874311
 0.640002  1.152170
 0.847981  0.613534
 0.990232  1.135871
 1.057944  0.837363
 0.778243  0.540110
 0.408965  0.950074
 0.779191  0.926519
 0.418678  1.967975
 0.216319  0.391361
 0.811554  1.152739
 0.487461  1.573871
 0.482775  0.798621
 0.334779  0.650147
 0.350064  1.357895
 0.516918  1.173521
 0.460455  1.029735
 0.394319  1.013681
 0.732363  0.745430
 0.766876  1.087460
 0.313197  1.028258
 0.187022  0.797317
 0.190557  0.501277
 1.040667  2.489842
 0.868220  0.680898
 0.691445  0.694612
 0.708093  1.103375
 0.362491  0.635902
 0.547559  0.442195
 0.886681  1.228687
 0.497371  0.617042
 0.365981  0.568907
 0.005746  0.505323
 0.390090  0.888044
 0.441771  0.625862
 0.438586  0.548549
 0.583931  0.202743
 0.503239  0.616179
 0.962208  0.791172
 1.057215  3.068821
 1.333818  1.376469
 0.803920  0.503092
 0.714961  0.962159
 1.089475  1.400381
 0.996592  1.681619
 1.178967  1.779288
 1.135716  0.601673
 0.673800  2.466010
 0.648919  1.107294
 0.923411  0.749515
 0.888419  0.893273
 0.622869  1.844921
 0.952135  0.709962
 0.692385  0.926574
 0.628197  0.526235
 0.406004  0.724378
 0.350350  1.209906
 0.645725  3.267943
 0.522946  0.553606
 0.656383  0.562539
 0.776392  1.298136
 1.061564  1.007329
 0.540575  0.578476
 0.919866  1.270957
 0.709082  0.535008
 0.760531  1.133159
 0.975302  0.714433
 0.970153  0.806251
 0.544912  0.638216
 0.540124  1.113506
 0.608247  0.678740
 0.783886  0.467365
 0.543687  1.333830
 0.857379  1.205863
 0.855802  0.821576
 0.991296  0.926150
 0.880073  1.114319
 0.773524  3.983640
 0.567761  1.035698
 0.651444  1.193376
 0.568248  0.300373
 0.972106  0.597399
 0.697642  0.794930
 0.609423  1.017057
 0.373991  1.096603
 0.290695  0.346657
 0.115987  1.634956
 0.803841  0.541631
 0.793843  1.464489
 0.528051  0.902022
 1.109265  0.600386
 0.755959  0.740301
 0.311123  0.404840
 0.793436  0.658796
 0.272828  0.740420
 0.545736  0.707410
 0.808348  1.248605
 0.880145  0.616855
 0.909694  0.898801
 0.900761  0.654066
 0.686382  0.673860
 0.816082  0.455409
 0.839776  1.260192
 0.879297  0.839286
 0.628984  1.127064
 0.923353  0.538299
 0.615012  0.759280
 0.242742  0.909574
 0.719382  0.535940
 0.242204  0.493815
 0.447753  0.625351
 0.596931  0.964593
 1.045689  0.911895
 0.838027  0.877830
 0.415817  1.752234
 0.539255  0.622708
-0.005034  1.199649
 0.621307  1.458961
 0.469325  1.100079
 0.438068  1.180655
 0.648286  0.784251
 0.439148  0.844772
 0.297140  0.531156
 0.301612  0.662644
 0.546002  0.427628
 0.657008  0.484111
 0.486561  0.571321
 0.800292  0.497837
 0.505785  0.522429
 0.525666  0.393227
 0.389136  1.113008
 0.372603  0.921003
 0.288919  0.746361
 0.798908  0.856675
 0.573209  0.887701
 0.438070  0.527207
 0.171928  0.944344
 0.213249  0.698205
 0.963968  1.701305
 1.016274  1.030262
 0.466910  0.758192
 0.291355  0.832360
 0.676161  0.349671
 0.760426  0.501179
 0.693266  0.890718
 0.686021  0.566648
 0.667001  0.604330
 0.363384  0.786239
 0.639456  0.992377
 0.901410  0.582885
 0.516837  0.680118
 0.414425  0.721560
 0.745380  0.706763
 0.322305  1.461501
 0.226181  0.767913
 0.581565  0.782505
 0.304751  0.312351
 0.590248  0.611663
 0.483994  0.450206
 0.468328  0.942380
 0.402288  0.778841
 0.606347  0.712721
 0.819366  2.292720
 0.883188  1.075237
 1.048841  1.144467
 1.139764  1.601937
 1.244590  1.146568
 1.146943  1.662428
 1.594840  1.698958
 1.400858  1.662460
 1.442276  1.819371
 1.462743  1.620050
 1.768004  0.905130
 1.733410  1.747945
 1.541524  2.075431
 1.265408  1.220208
 1.112683  1.021692
 1.018456  1.971647
 1.073544  1.046173
 0.739045  0.383984
 0.668849  0.450406
 0.799111  1.395971
 0.470804  1.240392
 0.466903  0.701359
 0.550918  1.030075
 0.514342  1.114929
 1.133955  2.433918
 1.103209  0.825132
 0.753532  0.545512
