0.000000 0.070615
0.000000 0.033519
0.000000 0.022006
0.000000 0.012908
0.000000 0.029543
0.000000 0.020555
0.000000 0.029807
0.000000 0.020128
0.000000 0.016398
0.000000 0.018064
0.000000 0.015813
0.000000 0.015303
0.000000 0.013938
0.000000 0.012228
0.000000 0.011833
0.000000 0.012062
0.000000 0.011689
0.000000 0.014331
0.000000 0.011481
0.000000 0.011568
0.000000 0.022596
0.000000 0.028714
0.000000 0.015012
0.000000 0.025440
0.000000 0.022032
0.000000 0.017457
0.000000 0.015634
0.000000 0.022144
0.000000 0.035532
0.000000 0.034750
0.000000 0.037858
0.000000 0.020008
0.000000 0.013817
0.000000 0.022809
0.000000 0.014681
0.000000 0.030273
0.000000 0.023328
0.000000 0.037658
0.000000 0.026280
0.000000 0.014693
0.000000 0.015243
0.000000 0.013180
0.000000 0.016706
0.000000 0.023959
0.000000 0.022085
0.000000 0.017517
0.000000 0.017573
0.000000 0.025599
0.000000 0.025625
0.000000 0.045634
0.000000 0.030203
0.000000 0.031575
0.000000 0.052466
0.000000 0.021223
0.000000 0.014435
0.000000 0.028028
0.000000 0.034774
0.000000 0.021614
0.000000 0.015183
0.000000 0.022056
0.000000 0.019299
0.000000 0.028318
0.000000 0.040781
0.000000 0.026209
0.000000 0.035030
0.000000 0.024713
0.000000 0.014616
0.000000 0.056293
0.000000 0.040966
0.000000 0.044484
0.000000 0.064166
0.000000 0.030323
0.000000 0.026708
0.000000 0.035529
0.000000 0.030000
0.000000 0.029125
0.000000 0.019403
0.000000 0.022354
0.000000 0.025839
0.000000 0.022353
0.000000 0.020453
0.000000 0.043573
0.000000 0.020780
0.000000 0.022598
0.000000 0.031127
0.000000 0.035051
0.000000 0.031575
0.000000 0.038854
0.000000 0.014837
0.000000 0.028132
0.000000 0.027954
0.000000 0.092654
0.000000 0.033503
0.000000 0.022628
0.000000 0.035163
0.000000 0.044372
0.000000 0.020184
0.000000 0.039764
0.000000 0.047691
0.000000 0.018379
0.000000 0.055258
0.000000 0.049335
0.000000 0.038545
0.000000 0.049756
0.000000 0.034583
0.000000 0.033812
0.000000 0.027394
0.000000 0.040873
0.000000 0.025391
0.000000 0.021955
0.000000 0.023568
0.000000 0.050279
0.000000 0.099276
0.000000 0.025512
0.000000 0.018485
0.000000 0.026483
0.000000 0.067495
0.000000 0.025768
0.000000 0.026110
0.000000 0.048961
0.000000 0.039775
0.000000 0.032325
0.000000 0.029404
0.000000 0.026375
0.000000 0.046660
0.000000 0.022242
0.000000 0.018564
0.000000 0.021926
0.000000 0.081542
0.000000 0.063673
0.000000 0.057937
0.000000 0.026268
0.000000 0.019197
0.000000 0.023926
0.000000 0.020245
0.000000 0.048226
0.000000 0.029271
0.000000 0.121912
0.000000 0.039174
0.000000 0.028278
0.000000 0.081385
0.000000 0.063657
0.000000 0.035923
0.000000 0.030989
0.000000 0.036977
0.000000 0.022635
0.000000 0.017862
0.000000 0.032102
0.000000 0.014752
0.000000 0.014050
0.000000 0.022920
0.000000 0.033277
0.000000 0.032219
0.000000 0.028799
0.000000 0.015094
0.000000 0.040524
0.000000 0.028650
0.000000 0.020579
0.000000 0.023255
0.000000 0.026537
0.000000 0.037355
0.000000 0.039397
0.000000 0.063078
0.000000 0.029247
0.000000 0.023112
0.000000 0.026571
0.000000 0.027852
0.000000 0.065523
0.000000 0.024147
0.000000 0.048438
0.000000 0.020119
0.000000 0.016201
0.000000 0.019202
0.000000 0.040443
0.000000 0.043687
0.000000 0.015029
0.000000 0.042362
0.000000 0.031176
0.000000 0.031839
0.000000 0.020811
0.000000 0.029157
0.000000 0.017528
0.000000 0.029179
0.000000 0.013659
0.000000 0.018239
0.000000 0.011924
0.000000 0.018454
0.000000 0.015927
0.000000 0.022549
0.000000 0.019477
0.000000 0.037202
0.000000 0.027657
0.000000 0.019266
0.000000 0.028344
0.000000 0.017095
0.000000 0.022448
0.000000 0.026241
0.000000 0.028570
0.000000 0.018614
0.000000 0.012806
0.000000 0.025490
0.000000 0.035092
0.000000 0.020163
0.000000 0.027717
0.000000 0.023893
0.000000 0.028132
0.000000 0.029970
0.000000 0.012982
0.000000 0.025354
0.000000 0.028929
0.000000 0.040974
0.000000 0.023855
0.000000 0.113313
0.000000 0.028140
0.000000 0.027704
0.000000 0.029639
0.000000 0.037649
0.000000 0.021439
0.000000 0.031596
0.000000 0.049162
0.000000 0.033416
0.000000 0.028272
0.000000 0.022003
0.000000 0.019748
0.000000 0.024801
0.000000 0.061248
0.000000 0.053427
0.000000 0.025384
0.000000 0.030137
0.000000 0.022192
0.000000 0.028267
0.000000 0.023218
0.000000 0.030659
0.000000 0.014766
0.000000 0.017805
0.000000 0.036567
0.000000 0.035270
0.000000 0.030435
0.000000 0.024877
0.000000 0.021379
0.000000 0.067969
0.000000 0.041133
0.000000 0.023535
0.000000 0.033574
0.000000 0.039011
0.000000 0.025716
0.000000 0.038972
0.000000 0.025292
0.000000 0.028951
0.000000 0.032024
0.000000 0.038920
0.000000 0.060731
0.000000 0.017643
0.000000 0.083567
0.000000 0.047216
0.000000 0.023411
0.000000 0.030063
0.000000 0.033527
0.000000 0.024727
0.000000 0.047870
0.000000 0.035652
0.000000 0.025921
0.000000 0.030890
0.000000 0.035612
0.000000 0.025108
0.000000 0.034107
0.000000 0.019357
0.000000 0.026704
0.000000 0.021813
0.000000 0.018570
0.000000 0.023233
0.000000 0.024740
0.000000 0.022045
0.000000 0.028009
0.000000 0.048545
0.000000 0.027985
0.000000 0.024867
0.000000 0.021380
0.000000 0.024622
0.000000 0.016139
0.000000 0.034259
0.000000 0.030292
0.000000 0.062953
0.000000 0.036635
0.000000 0.031060
0.000000 0.041896
0.000000 0.033082
0.000000 0.042379
0.000000 0.026088
0.000000 0.015386
0.000000 0.022968
0.000000 0.015845
0.000000 0.043286
0.000000 0.036078
0.000000 0.031220
0.000000 0.022561
0.000000 0.020943
0.000000 0.021097
0.000000 0.036758
0.000000 0.038517
0.000000 0.026079
0.000000 0.018917
0.000000 0.018526
0.000000 0.024175
0.000000 0.027585
0.000000 0.035775
0.000000 0.044640
0.000000 0.081037
0.000000 0.068268
0.000000 0.028015
0.000000 0.031500
0.000000 0.023607
0.000000 0.025220
0.000000 0.028783
0.000000 0.020903
0.000000 0.030171
0.000000 0.039915
0.000000 0.054473
0.000000 0.021209
0.000000 0.016009
0.000000 0.017428
0.000000 0.024634
0.000000 0.019165
0.000000 0.038952
0.000000 0.029429
0.000000 0.016637
0.000000 0.012817
0.000000 0.016298
0.000000 0.020401
0.000000 0.020521
0.000000 0.021027
0.000000 0.020884
0.000000 0.021145
0.000000 0.024210
0.000000 0.024976
0.000000 0.039090
0.000000 0.021407
0.000000 0.029719
0.000000 0.028428
0.000000 0.031657
0.000000 0.026721
0.000000 0.014674
0.000000 0.021903
0.000000 0.022793
0.000000 0.015538
0.000000 0.030115
0.000000 0.029332
0.000000 0.039683
0.000000 0.035742
0.000000 0.021246
0.000000 0.021520
0.000000 0.014478
0.000000 0.048514
0.000000 0.019435
0.000000 0.020609
0.000000 0.014379
0.000000 0.016232
0.000000 0.020284
0.000000 0.020132
0.000000 0.024883
0.000000 0.014974
0.000000 0.024664
0.000000 0.016760
0.000000 0.015479
0.000000 0.014465
0.000000 0.017569
0.000000 0.016814
0.000000 0.019260
0.000000 0.019695
0.000000 0.020671
0.000000 0.048694
0.000000 0.042301
0.000000 0.023307
0.000000 0.042285
0.000000 0.019771
0.000000 0.067164
0.000000 0.034188
0.000000 0.026210
0.000000 0.019115
0.000000 0.020082
0.000000 0.028816
0.000000 0.067023
0.000000 0.024462
0.000000 0.042175
0.000000 0.040914
0.000000 0.051855
0.000000 0.028176
0.000000 0.029473
0.000000 0.014415
0.000000 0.023588
0.000000 0.022477
0.000000 0.030303
0.000000 0.027865
0.000000 0.017506
0.000000 0.032395
0.000000 0.021224
0.000000 0.019733
0.000000 0.024723
0.000000 0.040626
0.000000 0.038562
0.000000 0.020594
0.000000 0.018635
0.000000 0.031177
0.000000 0.024244
0.000000 0.055943
0.000000 0.022185
0.000000 0.021842
0.000000 0.024859
0.000000 0.018168
0.000000 0.035248
0.000000 0.021084
0.000000 0.027990
0.000000 0.017665
0.000000 0.021455
0.000000 0.033645
0.000000 0.026617
0.000000 0.023364
0.000000 0.038386
0.000000 0.021222
0.000000 0.028311
0.000000 0.027817
0.000000 0.036703
0.000000 0.032568
0.000000 0.029143
0.000000 0.017870
0.000000 0.019601
0.000000 0.019215
0.000000 0.016896
0.000000 0.052819
0.000000 0.054926
0.000000 0.019223
0.000000 0.022921
0.000000 0.031601
0.000000 0.028410
0.000000 0.040620
0.000000 0.018689
0.000000 0.016864
0.000000 0.030246
0.000000 0.024597
0.000000 0.017453
0.000000 0.015860
0.000000 0.019170
0.000000 0.015173
0.000000 0.013186
0.000000 0.024797
0.000000 0.023532
0.000000 0.017486
0.000000 0.013484
0.000000 0.018446
0.000000 0.017506
0.000000 0.017041
0.000000 0.026912
0.000000 0.020751
0.000000 0.035053
0.000000 0.025243
0.000000 0.030078
0.000000 0.029255
0.000000 0.040574
0.000000 0.057369
0.000000 0.022033
0.000000 0.028310
0.000000 0.021300
0.000000 0.024579
0.000000 0.021330
0.000000 0.022570
0.000000 0.027044
0.000000 0.021617
0.000000 0.020550
0.000000 0.031355
0.000000 0.020606
0.000000 0.062767
0.000000 0.057288
0.000000 0.045985
0.000000 0.017151
0.000000 0.028439
0.000000 0.031718
0.000000 0.030550
0.000000 0.027125
0.000000 0.042895
0.000000 0.027842
0.000000 0.077797
0.000000 0.061795
0.000000 0.075347
0.000000 0.047193
0.000000 0.067597
0.000000 0.045257
0.000000 0.052490
0.000000 0.019764
0.000000 0.024482
0.000000 0.024977
0.000000 0.031994
0.000000 0.015757
0.000000 0.020183
0.000000 0.017377
0.000000 0.019855
0.000000 0.022928
0.000000 0.028887
0.000000 0.026943
0.000000 0.025547
0.000000 0.025850
0.000000 0.084773
0.000000 0.027956
0.000000 0.029686
0.000000 0.020691
0.000000 0.021600
0.000000 0.024381
0.000000 0.026219
0.000000 0.021269
0.000000 0.019863
0.000000 0.060049
0.000000 0.021692
0.000000 0.041547
0.000000 0.053341
0.000000 0.016694
0.000000 0.023367
0.000000 0.022259
0.000000 0.022921
0.000000 0.025041
0.000000 0.037160
0.000000 0.018042
0.000000 0.018826
0.000000 0.013680
0.000000 0.032795
0.000000 0.022008
0.000000 0.075426
0.000000 0.044915
0.000000 0.022971
0.000000 0.023258
0.000000 0.030912
0.000000 0.024596
0.000000 0.018383
0.000000 0.024504
0.000000 0.016948
0.000000 0.017444
0.000000 0.016216
0.000000 0.021027
0.000000 0.013684
0.000000 0.014695
0.000000 0.018851
0.000000 0.021884
0.000000 0.016569
0.000000 0.023055
0.000000 0.027219
0.000000 0.021701
0.000000 0.020729
0.000000 0.023041
0.000000 0.024156
0.000000 0.028652
0.000000 0.063306
0.000000 0.104604
0.000000 0.026293
0.000000 0.028773
0.000000 0.039120
0.000000 0.026452
0.000000 0.125236
0.000000 0.037913
0.000000 0.048953
0.000000 0.024599
0.000000 0.044004
0.000000 0.031045
0.000000 0.031060
0.000000 0.022596
0.000000 0.012745
0.000000 0.029446
0.000000 0.030303
0.000000 0.079125
0.000000 0.022733
0.000000 0.047327
0.000000 0.021977
0.000000 0.017271
0.000000 0.040025
0.000000 0.037920
0.000000 0.049888
0.000000 0.024761
0.000000 0.027333
0.000000 0.020648
0.000000 0.084503
0.000000 0.025948
0.000000 0.033804
0.000000 0.040731
0.000000 0.022812
0.000000 0.024791
0.000000 0.023185
0.000000 0.025720
0.000000 0.025359
0.000000 0.018129
0.000000 0.020213
0.000000 0.037945
0.000000 0.016717
0.000000 0.025043
0.000000 0.024585
0.000000 0.029013
0.000000 0.022118
0.000000 0.030066
0.000000 0.025838
0.000000 0.023992
0.000000 0.046394
0.000000 0.035188
0.000000 0.068976
0.000000 0.019585
0.000000 0.016587
0.000000 0.013735
0.000000 0.022889
0.000000 0.045883
0.000000 0.019701
0.000000 0.012411
0.000000 0.022855
0.000000 0.027604
0.000000 0.055620
0.000000 0.065098
0.000000 0.028284
0.000000 0.040984
0.000000 0.019846
0.000000 0.031729
0.000000 0.031001
0.000000 0.028375
0.000000 0.031312
0.000000 0.041227
0.000000 0.030740
0.000000 0.028957
0.000000 0.029217
0.000000 0.048065
0.000000 0.025442
0.000000 0.043156
0.000000 0.026369
0.000000 0.017920
0.000000 0.038116
0.000000 0.022752
0.000000 0.023459
0.000000 0.037682
0.000000 0.056706
0.000000 0.031857
0.000000 0.031629
0.000000 0.028466
0.000000 0.019219
0.000000 0.020676
0.000000 0.040905
0.000000 0.031690
0.000000 0.046067
0.000000 0.031214
0.000000 0.037075
0.000000 0.024348
0.000000 0.025664
0.000000 0.033346
0.000000 0.060874
0.000000 0.067236
0.000000 0.065686
0.000000 0.043905
0.000000 0.013126
0.000000 0.052788
0.000000 0.049473
0.000000 0.034206
0.000000 0.013790
0.000000 0.020978
0.000000 0.022004
0.000000 0.052781
0.000000 0.048704
0.000000 0.022105
0.000000 0.019861
0.000000 0.019393
0.000000 0.015631
0.000000 0.029315
0.000000 0.037015
0.000000 0.037745
0.000000 0.021965
0.000000 0.025221
0.000000 0.042026
0.000000 0.015524
0.000000 0.018609
0.000000 0.020761
0.000000 0.020860
0.000000 0.033932
0.000000 0.022047
0.000000 0.035895
0.000000 0.024789
0.000000 0.020137
0.000000 0.014329
0.000000 0.014426
0.000000 0.015977
0.000000 0.019569
0.000000 0.023546
0.000000 0.023958
0.000000 0.027401
0.000000 0.023198
0.000000 0.030703
0.000000 0.032223
0.000000 0.018411
0.000000 0.031086
0.000000 0.021656
0.000000 0.024021
0.000000 0.029219
0.000000 0.026332
0.000000 0.026250
0.000000 0.024425
0.000000 0.053149
0.000000 0.035954
0.000000 0.053909
0.000000 0.084332
0.000000 0.023593
0.000000 0.020647
0.000000 0.038067
0.000000 0.030144
0.000000 0.031663
0.000000 0.021469
0.000000 0.023476
0.000000 0.016185
0.000000 0.016129
0.000000 0.014229
0.000000 0.013510
0.000000 0.008071
0.000000 0.010921
0.000000 0.009882
0.000000 0.015216
0.000000 0.021034
0.000000 0.017381
0.000000 0.016056
0.000000 0.017788
0.000000 0.015941
0.000000 0.012796
0.000000 0.013450
0.000000 0.012135
0.000000 0.013242
0.000000 0.014435
0.000000 0.014780
0.000000 0.015789
0.000000 0.022769
0.000000 0.020337
0.000000 0.027989
0.000000 0.021120
0.000000 0.028015
0.000000 0.024299
0.000000 0.024717
0.000000 0.017642
0.000000 0.031324
0.000000 0.027818
0.000000 0.052219
0.000000 0.033329
0.000000 0.028468
0.000000 0.059223
0.000000 0.209654
0.000000 0.056408
0.000000 0.034342
0.000000 0.027554
0.000000 0.025451
0.000000 0.027541
0.000000 0.036325
0.000000 0.042440
0.000000 0.039653
0.000000 0.021787
0.000000 0.031026
0.000000 0.033991
0.000000 0.016548
0.000000 0.029282
0.000000 0.046004
0.000000 0.041021
0.000000 0.029965
0.000000 0.033969
0.000000 0.046723
0.000000 0.026622
0.000000 0.078393
0.000000 0.045286
0.000000 0.053944
0.000000 0.018514
0.000000 0.019434
0.000000 0.032224
0.000000 0.029797
0.000000 0.049658
0.000000 0.041840
0.000000 0.046761
0.000000 0.100101
0.000000 0.024177
0.000000 0.024010
0.000000 0.024003
0.000000 0.016818
0.000000 0.023232
0.000000 0.027972
0.000000 0.016774
0.000000 0.013736
0.000000 0.020467
0.000000 0.030896
0.000000 0.029098
0.000000 0.014601
0.000000 0.015334
0.000000 0.022481
0.000000 0.024683
0.000000 0.022703
0.000000 0.024898
0.000000 0.012121
0.000000 0.017885
0.000000 0.015618
0.000000 0.013876
0.000000 0.013114
0.000000 0.014301
0.000000 0.014661
0.000000 0.013967
0.000000 0.013885
0.000000 0.028936
0.000000 0.024708
0.000000 0.023156
0.000000 0.025342
0.000000 0.018829
0.000000 0.025710
0.000000 0.033893
0.000000 0.015036
0.000000 0.034914
0.000000 0.016313
0.000000 0.011445
0.000000 0.020015
0.000000 0.018089
0.000000 0.015439
0.000000 0.011766
0.000000 0.023537
0.000000 0.015635
0.000000 0.013548
0.000000 0.029697
0.000000 0.058214
0.000000 0.031157
0.000000 0.017003
0.000000 0.021344
0.000000 0.034167
0.000000 0.031326
0.000000 0.022107
0.000000 0.025925
0.000000 0.024887
0.000000 0.021177
0.000000 0.027537
0.000000 0.034453
0.000000 0.025054
0.000000 0.020894
0.000000 0.022847
0.000000 0.026187
0.000000 0.023048
0.000000 0.045637
0.000000 0.024256
0.000000 0.021524
0.000000 0.039786
0.000000 0.035162
0.000000 0.021406
0.000000 0.022097
0.000000 0.025212
0.000000 0.027768
0.000000 0.030575
0.000000 0.030973
0.000000 0.033909
0.000000 0.029665
0.000000 0.076716
0.000000 0.026412
0.000000 0.053450
0.000000 0.018303
0.000000 0.048058
0.000000 0.033429
0.000000 0.018853
0.000000 0.037170
0.000000 0.042126
0.000000 0.029932
0.000000 0.046270
0.000000 0.034967
0.000000 0.045778
0.000000 0.034812
0.000000 0.037574
0.000000 0.023790
0.000000 0.028170
0.000000 0.026061
0.000000 0.027304
0.000000 0.034621
0.000000 0.025528
0.000000 0.031266
0.000000 0.032237
0.000000 0.013888
0.000000 0.031361
0.000000 0.029733
0.000000 0.018491
0.000000 0.022092
0.000000 0.017784
0.000000 0.051481
0.000000 0.034315
0.000000 0.028249
0.000000 0.043981
0.000000 0.045407
0.000000 0.038534
0.000000 0.049472
0.000000 0.035107
0.000000 0.023828
0.000000 0.021497
0.000000 0.031535
0.000000 0.023905
0.000000 0.033748
0.000000 0.017559
0.000000 0.024866
0.000000 0.046679
0.000000 0.037856
0.000000 0.026091
0.000000 0.018837
0.000000 0.043287
0.000000 0.034155
0.000000 0.150569
0.000000 0.021289
0.000000 0.016711
0.000000 0.022748
0.000000 0.019915
