 -43.445  147.096
-43.1968  147.096
-42.9487  147.096
-42.7005  147.096
-43.5691  147.355
-43.3209  147.355
-43.0728  147.355
-42.8246  147.355
-42.5764  147.355
-42.3282  147.355
  -42.08  147.355
-43.6932  147.614
 -43.445  147.614
-43.1968  147.614
-42.9487  147.614
-42.7005  147.614
-42.4523  147.614
-42.2041  147.614
-41.9559  147.614
-41.7077  147.614
-41.4595  147.614
-43.5691  147.873
-43.3209  147.873
-43.0728  147.873
-42.8246  147.873
-42.5764  147.873
-42.3282  147.873
  -42.08  147.873
-41.8318  147.873
-41.5836  147.873
-41.3354  147.873
-41.0872  147.873
 -40.839  147.873
-40.5908  147.873
 -43.445  148.132
-43.1968  148.132
-42.9487  148.132
-42.7005  148.132
-42.4523  148.132
-42.2041  148.132
-41.9559  148.132
-41.7077  148.132
-41.4595  148.132
-41.2113  148.132
-40.9631  148.132
-40.7149  148.132
-40.4667  148.132
-40.2186  148.132
-39.9704  148.132
-43.3209  148.391
-43.0728  148.391
-42.8246  148.391
-42.5764  148.391
-42.3282  148.391
  -42.08  148.391
-41.8318  148.391
-41.5836  148.391
-41.3354  148.391
-41.0872  148.391
 -40.839  148.391
-40.5908  148.391
-40.3426  148.391
-40.0945  148.391
-39.8463  148.391
-39.5981  148.391
-39.3499  148.391
-39.1017  148.391
-42.9487   148.65
-42.7005   148.65
-42.4523   148.65
-42.2041   148.65
-41.9559   148.65
-41.7077   148.65
-41.4595   148.65
-41.2113   148.65
-40.9631   148.65
-40.7149   148.65
-40.4667   148.65
-40.2186   148.65
-39.9704   148.65
-39.7222   148.65
 -39.474   148.65
-39.2258   148.65
-38.9776   148.65
-38.7294   148.65
-38.4812   148.65
 -38.233   148.65
  -42.08  148.909
-41.8318  148.909
-41.5836  148.909
-41.3354  148.909
-41.0872  148.909
 -40.839  148.909
-40.5908  148.909
-40.3426  148.909
-40.0945  148.909
-39.8463  148.909
-39.5981  148.909
-39.3499  148.909
-39.1017  148.909
-38.8535  148.909
-38.6053  148.909
-38.3571  148.909
-38.1089  148.909
-37.8607  148.909
-37.6125  148.909
-41.2113  149.168
-40.9631  149.168
-40.7149  149.168
-40.4667  149.168
-40.2186  149.168
-39.9704  149.168
-39.7222  149.168
 -39.474  149.168
-39.2258  149.168
-38.9776  149.168
-38.7294  149.168
-38.4812  149.168
 -38.233  149.168
-37.9848  149.168
-37.7366  149.168
-37.4884  149.168
-37.2403  149.168
-40.3426  149.427
-40.0945  149.427
-39.8463  149.427
-39.5981  149.427
-39.3499  149.427
-39.1017  149.427
-38.8535  149.427
-38.6053  149.427
-38.3571  149.427
-38.1089  149.427
-37.8607  149.427
-37.6125  149.427
-37.3644  149.427
-37.1162  149.427
 -36.868  149.427
-39.7222  149.686
 -39.474  149.686
-39.2258  149.686
-38.9776  149.686
-38.7294  149.686
-38.4812  149.686
 -38.233  149.686
-37.9848  149.686
-37.7366  149.686
-37.4884  149.686
-37.2403  149.686
-36.9921  149.686
-36.7439  149.686
-36.4957  149.686
-36.2475  149.686
-39.1017  149.945
-38.8535  149.945
-38.6053  149.945
-38.3571  149.945
-38.1089  149.945
-37.8607  149.945
-37.6125  149.945
-37.3644  149.945
-37.1162  149.945
 -36.868  149.945
-36.6198  149.945
-36.3716  149.945
-36.1234  149.945
-35.8752  149.945
-38.4812  150.204
 -38.233  150.204
-37.9848  150.204
-37.7366  150.204
-37.4884  150.204
-37.2403  150.204
-36.9921  150.204
-36.7439  150.204
-36.4957  150.204
-36.2475  150.204
-35.9993  150.204
-35.7511  150.204
-35.5029  150.204
-35.2547  150.204
-37.6125  150.463
-37.3644  150.463
-37.1162  150.463
 -36.868  150.463
-36.6198  150.463
-36.3716  150.463
-36.1234  150.463
-35.8752  150.463
 -35.627  150.463
-35.3788  150.463
-35.1306  150.463
-34.8824  150.463
-36.7439  150.722
-36.4957  150.722
-36.2475  150.722
-35.9993  150.722
-35.7511  150.722
-35.5029  150.722
-35.2547  150.722
-35.0065  150.722
-34.7583  150.722
-34.5102  150.722
 -34.262  150.722
-35.8752  150.981
 -35.627  150.981
-35.3788  150.981
-35.1306  150.981
-34.8824  150.981
-34.6342  150.981
-34.3861  150.981
-34.1379  150.981
-33.8897  150.981
-35.0065   151.24
-34.7583   151.24
-34.5102   151.24
 -34.262   151.24
-34.0138   151.24
-33.7656   151.24
-33.5174   151.24
-34.3861  151.499
-34.1379  151.499
-33.8897  151.499
-33.6415  151.499
-33.3933  151.499
-33.1451  151.499
-32.8969  151.499
-33.7656  151.758
-33.5174  151.758
-33.2692  151.758
 -33.021  151.758
-32.7728  151.758
-32.5246  151.758
-33.3933  152.017
-33.1451  152.017
-32.8969  152.017
-32.6487  152.017
-32.4005  152.017
-32.1523  152.017
-31.9041  152.017
-32.7728  152.276
-32.5246  152.276
-32.2764  152.276
-32.0282  152.276
  -31.78  152.276
-31.5319  152.276
-31.2837  152.276
-32.4005  152.535
-32.1523  152.535
-31.9041  152.535
 -31.656  152.535
-31.4078  152.535
-31.1596  152.535
-30.9114  152.535
-32.0282  152.794
  -31.78  152.794
-31.5319  152.794
-31.2837  152.794
-31.0355  152.794
-30.7873  152.794
-30.5391  152.794
-30.2909  152.794
-31.4078  153.053
-31.1596  153.053
-30.9114  153.053
-30.6632  153.053
 -30.415  153.053
-30.1668  153.053
-29.9186  153.053
-31.0355  153.312
-30.7873  153.312
-30.5391  153.312
-30.2909  153.312
-30.0427  153.312
