  1   5
  1   6
  1   2
  2   6
  2   7
  2   3
  3   7
  3   8
  3   4
  4   8
  4   9
  5  12
  5  13
  5   6
  6  13
  6  14
  6   7
  7  14
  7  15
  7   8
  8  15
  8  16
  8   9
  9  16
  9  17
  9  10
 10  17
 10  18
 10  11
 11  18
 11  19
 12  22
 12  13
 13  22
 13  23
 13  14
 14  23
 14  24
 14  15
 15  24
 15  25
 15  16
 16  25
 16  26
 16  17
 17  26
 17  27
 17  18
 18  27
 18  28
 18  19
 19  28
 19  29
 19  20
 20  29
 20  30
 20  21
 21  30
 21  31
 22  35
 22  23
 23  35
 23  36
 23  24
 24  36
 24  37
 24  25
 25  37
 25  38
 25  26
 26  38
 26  39
 26  27
 27  39
 27  40
 27  28
 28  40
 28  41
 28  29
 29  41
 29  42
 29  30
 30  42
 30  43
 30  31
 31  43
 31  44
 31  32
 32  44
 32  45
 32  33
 33  45
 33  46
 33  34
 34  46
 34  47
 35  50
 35  36
 36  50
 36  51
 36  37
 37  51
 37  52
 37  38
 38  52
 38  53
 38  39
 39  53
 39  54
 39  40
 40  54
 40  55
 40  41
 41  55
 41  56
 41  42
 42  56
 42  57
 42  43
 43  57
 43  58
 43  44
 44  58
 44  59
 44  45
 45  59
 45  60
 45  46
 46  60
 46  61
 46  47
 47  61
 47  62
 47  48
 48  62
 48  63
 48  49
 49  63
 49  64
 50  51
 51  68
 51  52
 52  68
 52  69
 52  53
 53  69
 53  70
 53  54
 54  70
 54  71
 54  55
 55  71
 55  72
 55  56
 56  72
 56  73
 56  57
 57  73
 57  74
 57  58
 58  74
 58  75
 58  59
 59  75
 59  76
 59  60
 60  76
 60  77
 60  61
 61  77
 61  78
 61  62
 62  78
 62  79
 62  63
 63  79
 63  80
 63  64
 64  80
 64  81
 64  65
 65  81
 65  82
 65  66
 66  82
 66  83
 66  67
 67  83
 67  84
 68  69
 69  70
 70  71
 71  88
 71  72
 72  88
 72  89
 72  73
 73  89
 73  90
 73  74
 74  90
 74  91
 74  75
 75  91
 75  92
 75  76
 76  92
 76  93
 76  77
 77  93
 77  94
 77  78
 78  94
 78  95
 78  79
 79  95
 79  96
 79  80
 80  96
 80  97
 80  81
 81  97
 81  98
 81  82
 82  98
 82  99
 82  83
 83  99
 83 100
 83  84
 84 100
 84 101
 84  85
 85 101
 85 102
 85  86
 86 102
 86 103
 86  87
 87 103
 87 104
 88  89
 89  90
 90  91
 91 107
 91  92
 92 107
 92 108
 92  93
 93 108
 93 109
 93  94
 94 109
 94 110
 94  95
 95 110
 95 111
 95  96
 96 111
 96 112
 96  97
 97 112
 97 113
 97  98
 98 113
 98 114
 98  99
 99 114
 99 115
 99 100
100 115
100 116
100 101
101 116
101 117
101 102
102 117
102 118
102 103
103 118
103 119
103 104
104 119
104 120
104 105
105 120
105 121
105 106
106 121
106 122
107 108
108 109
109 110
110 124
110 111
111 124
111 125
111 112
112 125
112 126
112 113
113 126
113 127
113 114
114 127
114 128
114 115
115 128
115 129
115 116
116 129
116 130
116 117
117 130
117 131
117 118
118 131
118 132
118 119
119 132
119 133
119 120
120 133
120 134
120 121
121 134
121 135
121 122
122 135
122 136
122 123
123 136
123 137
124 125
125 126
126 139
126 127
127 139
127 140
127 128
128 140
128 141
128 129
129 141
129 142
129 130
130 142
130 143
130 131
131 143
131 144
131 132
132 144
132 145
132 133
133 145
133 146
133 134
134 146
134 147
134 135
135 147
135 148
135 136
136 148
136 149
136 137
137 149
137 150
137 138
138 150
138 151
139 140
140 141
141 154
141 142
142 154
142 155
142 143
143 155
143 156
143 144
144 156
144 157
144 145
145 157
145 158
145 146
146 158
146 159
146 147
147 159
147 160
147 148
148 160
148 161
148 149
149 161
149 162
149 150
150 162
150 163
150 151
151 163
151 164
151 152
152 164
152 165
152 153
153 165
153 166
154 155
155 156
156 168
156 157
157 168
157 169
157 158
158 169
158 170
158 159
159 170
159 171
159 160
160 171
160 172
160 161
161 172
161 173
161 162
162 173
162 174
162 163
163 174
163 175
163 164
164 175
164 176
164 165
165 176
165 177
165 166
166 177
166 178
166 167
167 178
167 179
168 169
169 170
170 171
171 182
171 172
172 182
172 183
172 173
173 183
173 184
173 174
174 184
174 185
174 175
175 185
175 186
175 176
176 186
176 187
176 177
177 187
177 188
177 178
178 188
178 189
178 179
179 189
179 190
179 180
180 190
180 191
180 181
181 191
181 192
182 183
183 184
184 185
185 194
185 186
186 194
186 195
186 187
187 195
187 196
187 188
188 196
188 197
188 189
189 197
189 198
189 190
190 198
190 199
190 191
191 199
191 200
191 192
192 200
192 201
192 193
193 201
193 202
194 195
195 196
196 197
197 205
197 198
198 205
198 206
198 199
199 206
199 207
199 200
200 207
200 208
200 201
201 208
201 209
201 202
202 209
202 210
202 203
203 210
203 211
203 204
204 211
204 212
205 206
206 207
207 208
208 214
208 209
209 214
209 215
209 210
210 215
210 216
210 211
211 216
211 217
211 212
212 217
212 218
212 213
213 218
213 219
214 215
215 216
216 221
216 217
217 221
217 222
217 218
218 222
218 223
218 219
219 223
219 224
219 220
220 224
220 225
221 222
222 223
223 228
223 224
224 228
224 229
224 225
225 229
225 230
225 226
226 230
226 231
226 227
227 231
227 232
228 229
229 234
229 230
230 234
230 235
230 231
231 235
231 236
231 232
232 236
232 237
232 233
233 237
233 238
234 235
235 236
236 241
236 237
237 241
237 242
237 238
238 242
238 243
238 239
239 243
239 244
239 240
240 244
240 245
241 242
242 248
242 243
243 248
243 249
243 244
244 249
244 250
244 245
245 250
245 251
245 246
246 251
246 252
246 247
247 252
247 253
248 249
249 255
249 250
250 255
250 256
250 251
251 256
251 257
251 252
252 257
252 258
252 253
253 258
253 259
253 254
254 259
254 260
255 256
256 257
257 263
257 258
258 263
258 264
258 259
259 264
259 265
259 260
260 265
260 266
260 261
261 266
261 267
261 262
262 267
262 268
263 264
264 270
264 265
265 270
265 271
265 266
266 271
266 272
266 267
267 272
267 273
267 268
268 273
268 274
268 269
269 274
270 271
271 272
272 273
273 274
