-42.324156 148.875463
-40.306188 149.077239
-43.609581 147.947737
-40.007732 149.591788
-31.363832 152.978572
-42.583733 147.695445
-35.907408 150.402717
-42.755616 147.106048
-38.877854 149.428802
-40.213382 149.334000
-42.849410 148.633202
-35.772503 150.573449
-38.788058 149.702806
-36.752068 149.786235
-34.076355 151.137748
-39.087508 148.591336
-34.424615 151.286791
-30.831313 153.194772
-42.754036 148.581855
-39.596328 148.864758
-38.216957 149.749258
-37.980560 149.097632
-37.321526 149.468022
