0.405259 8.102917 44.417431 12.911600 3.140655 1.841069 0.327552 8.651394 2.529313 62.008511 82.534381 430.826887 66.869083 3.273982 4.907007 10.674594 2.535641 1.935655 2.493982 880.144419 6.934511 11.358206 1.342159 3.195739 62.907901 0.574575 1.823854 121.318785 24.117850 13.509424 
2.237460 22.402537 0.268310 3.663554 20.969825 10.900343 1.269948 
107.382408 19.593754 0.946611 0.333682 14.065593 1.374866 54.271164 93.563514 0.842728 8.063170 2.321552 3.158429 1.505644 8.006699 8.880099 157.010821 61.109620 4.417716 1.189770 0.385298 24.086511 0.201925 1.009518 6.989672 
2.721159 4.280300 2.513013 0.154422 1.536263 1.862417 1.489643 0.301517 3.594686 38.467661 0.918414 6.491424 1.209462 43.671795 12.122283 
1.872618 0.817889 15.291741 9.624107 6.885513 0.943448 3.373474 0.960800 165.005392 8.133744 1.111767 26.781942 27.391581 0.897086 60.151459 119.946610 10.529995 0.070591 
8.907815 1.438138 12.528599 1.059619 1.383005 0.544404 0.183331 1.624218 0.891266 2.408006 2.136821 2.668690 2.414624 3.876989 0.025265 0.414353 1.051553 1.226939 2.644356 1.123209 0.811399 0.246075 
0.501845 5.189132 74.199448 0.348952 0.216549 3.355380 21.333053 13.216923 13.082562 2.715083 0.734084 11.315793 95.976305 8.669248 0.584790 7.858548 0.262535 6.131657 47.536101 9.478263 0.218699 3.508435 0.378415 0.203845 19.478984 2.302160 1.956976 0.308733 36.529220 0.678503 0.107906 29.885648 163.542021 0.095738 4.626134 0.354864 0.344446 0.108054 
0.905395 33.360538 54.505454 0.698589 15.961618 0.101260 80.840050 4.595592 6.508965 2.544579 22.780599 13.378214 1.008646 1.932437 0.163655 0.493734 5.835819 5.352235 0.242956 0.563437 55.897858 2.168474 8.319013 1.707731 41.255690 
0.233336 5.358845 0.114932 1.845066 38.301208 70.870114 1.829183 0.638412 1.649582 160.748712 20.948098 79.118434 0.947398 321.687243 253.517750 0.350962 55.527231 25.215541 13.805071 4.897279 1.266036 10.601108 1.386699 
1.971747 0.533955 0.552673 8.976911 19.995121 16.329740 4.003099 3.290792 6.659328 19.951206 4.945904 0.510056 2.298639 3.002664 0.630525 31.484705 71.826700 12.946343 40.877552 1.809132 0.846816 1.186705 0.662474 5.282567 5.446836 12.443387 0.778919 1.376102 0.204617 0.845167 11.343720 3.189228 96.490182 3.304548 0.661055 2.823532 0.076963 
0.120315 3.514676 89.378286 1.658727 0.393375 129.958436 0.921829 0.107747 26.277565 12.629551 0.457178 3.383327 5.540496 0.422895 15.964712 0.489387 0.228791 10.596154 2.188335 124.455918 0.276242 4.614664 7.168294 6.064746 7.559303 1.205228 0.043590 4.185523 152.921478 6.711261 0.106742 
1.510789 0.354777 7.732521 2.009690 1.093734 2.741094 1.138276 16.040209 1.060798 4.398428 1.781399 4.418424 2.010291 1.605641 2.724498 12.244861 0.958831 0.676419 1.755314 9.553716 2.404021 0.704287 5.933104 2.900458 3.418326 2.622076 1.365140 2.005591 46.131271 
10.236157 353.929891 7.616179 0.970940 3.106156 0.137601 65.011932 18.872634 122.791099 0.352053 8.068598 99.869114 0.243283 0.246653 383.319642 8.672326 
16.474601 2.731995 0.852602 2.116730 376.830971 0.489544 133.338089 65.039587 30.019566 0.622460 1.543414 7.598411 108.810252 3.858972 22.690314 408.341556 18.442685 
3.899729 0.692870 1.628932 13.883178 1.635646 0.654162 55.645678 33.953009 0.100650 0.375607 0.784750 10.603771 27.881810 41.700404 1.412080 0.538753 0.202427 0.187118 6.735536 2.887897 0.687389 7.007196 
0.585763 4.515290 1.116649 0.400943 7.620257 46.695879 43.649879 0.264674 0.939032 1.366291 2.871671 26.750060 0.152547 3.216663 7.131452 82.424999 0.326928 88.338708 0.459413 148.115545 2.327402 0.256803 0.138775 2.544680 2.284545 0.104851 2.914090 
4.384681 23.797919 0.716406 0.116698 0.793100 5.834612 12.202941 20.864397 196.420380 0.788876 36.252075 524.678637 19.709979 3.647802 56.062929 0.523498 
1.844528 37.976693 34.245236 1.917983 1.036037 0.735743 0.324806 4.646022 0.893880 
0.739925 1.742701 23.432570 0.637416 1.990745 50.213632 55.291017 26.823895 3.924667 580.171158 92.311318 
0.240585 10.185323 8.286929 0.207603 6.477228 1.104759 0.608524 21.920086 19.189807 34.567137 1.746820 0.119821 32.114418 303.491674 8.232945 0.715709 11.900203 
11.364010 15.381510 8.501398 0.237274 4.610332 2.350559 7.401444 0.634260 0.659638 2.044215 5.649720 0.660650 0.229632 14.071263 2.597614 16.082482 0.810335 1.691062 2.997692 7.604146 0.046401 1.174496 0.613913 1.968328 1.712210 4.293458 7.124052 0.545860 2.668515 0.674525 0.689853 0.653192 0.361854 1.577907 0.375307 0.464543 17.178570 0.189471 14.378216 0.162050 
4.379770 0.095662 1.473147 0.900641 178.160316 11.825464 0.081457 22.224270 3.057727 188.733681 2.771413 0.982339 2.958121 12.714171 0.522378 0.329217 0.645625 6.108139 2.989546 0.322501 13.960525 123.061521 32.537957 29.329455 13.089365 98.048665 1.397847 17.426756 80.776226 10.409498 5.927387 
3.708186 4.097167 3.043117 1.012010 2.431185 55.885083 1.553714 0.103963 0.726181 28.205625 5.118594 0.900369 0.390780 204.071835 0.841719 3.986566 1.559948 7.143960 2.816906 6.768940 20.787389 0.630975 20.552283 5.178326 0.896026 4.899091 0.193961 
0.079689 0.615694 1.323397 1.202535 4.792567 1.813122 0.295610 4.308218 8.809398 0.433645 1.532882 1.761944 0.139265 21.360911 9.899639 0.144570 4.901750 1.436890 5.190104 1.667940 2.628845 7.300071 49.008647 24.965436 91.363996 1.082970 25.085450 6.004508 87.322177 1.245465 24.013112 2.322789 0.478628 0.259786 2.719044 1.030136 0.210494 0.942733 0.620589 8.341508 6.209370 0.199793 
19.705361 0.324485 2.219073 14.588121 1.695944 61.242071 1.129286 2.987576 5.317120 9.823300 2.763019 11.640057 9.984683 0.814723 7.049717 0.688845 3.993972 88.106380 1.615541 1.256080 13.454219 2.914859 0.328262 22.789414 8.457630 2.371389 191.001365 10.048931 6.487244 2.605152 1.438268 
4.441104 5.960486 56.005629 11.275085 3.825546 0.913311 0.112753 0.714744 2.961788 74.787878 21.099399 588.266313 5.214219 1.539812 4.793508 15.951024 4.975435 456.300937 1.077430 0.924588 132.464223 
15.161836 1.190537 0.274004 10.250960 2.683933 1.365906 3.278434 3.181173 3.826292 46.925557 6.801424 1.924715 2.436745 7.751314 8.330053 1.971027 4.356827 1.721111 27.169756 8.135421 3.170166 1.094871 8.006003 0.443423 41.631891 10.194660 34.492744 8.308674 2.923722 1.433903 
0.967397 1.339744 0.816981 6.428809 6.529115 0.158443 3.236921 0.976310 126.846177 2.966082 
0.527127 10.087782 1.042761 87.533895 1.566914 27.021946 17.054668 3.098649 38.980361 11.677983 0.522495 1.627490 42.058717 4.823137 0.241171 11.829637 8.550668 9.249033 1.142034 0.338726 30.886959 2.501431 1.296274 1.575696 1.960480 4.825368 8.510886 
0.186527 301.960113 44.259557 42.378300 2.656011 571.554513 2.141092 0.452849 0.189551 2.958671 0.182706 13.302149 649.814564 5.827494 32.041994 4.643536 1.124845 0.671899 4.135777 18.917018 10.693387 0.198260 4.667240 
0.317862 0.126298 39.622621 19.193210 16.184067 0.421745 43.983041 2.813864 0.060827 2.003958 0.250657 14.644178 37.224486 10.660670 1.434498 6.519033 0.550347 0.209045 7.698456 1.471302 0.562957 3.866901 26.124194 2.187195 1.371132 92.617279 1.257569 26.661506 0.142041 1.106221 54.958990 0.400351 0.431920 0.452697 
2.051599 0.064687 1.980409 69.644411 30.610512 6.352318 7.551270 7.654680 0.822428 1.251613 0.424015 1.124729 2.885542 4.894900 8.549643 11.534362 0.567641 0.079417 2.017515 0.785780 
21.715687 0.466512 180.107995 232.934944 2.196299 0.468485 1.955384 0.741929 41.885342 95.413095 12.872438 0.533985 41.098431 1.323071 48.961438 7.236674 0.306187 12.052223 4.109453 
17.261690 3.846308 0.586492 1.701700 0.249232 1.644634 0.238997 90.203799 0.286689 51.014219 70.476298 150.314612 0.750724 1.149907 0.427895 64.534541 28.698174 0.096976 1.555366 8.370199 0.032520 1.274028 119.301116 0.250117 0.406948 11.497684 0.693673 2.571583 0.411132 0.838736 0.584189 31.010302 1.407568 5.557137 108.673558 15.405916 0.348167 0.026615 0.905162 
4.882861 0.064885 54.836685 1.819977 1.149799 21.617268 36.001322 0.290205 2.719894 10.389342 1.638708 0.353988 339.391914 158.273908 44.559313 0.677515 1.657909 27.445469 
11.009847 11.677724 0.618975 7.200424 19.381334 20.394357 39.019166 10.869334 0.345364 1.507954 8.178406 7.131900 229.825342 9.761732 0.780100 2.528526 6.578371 3.441729 1.859488 20.067417 22.012736 0.712260 20.763760 
2.268231 8.075682 7.289816 1.223678 10.810752 44.167632 0.138111 0.603201 3.585118 15.175879 1.179652 4.318564 3.929446 6.494833 3.300746 0.127340 0.391461 13.313641 0.341912 0.740148 0.467830 
1.093786 5.457297 99.165529 0.780022 28.991062 273.932512 1.507759 12.314231 4.728913 12.193254 0.450274 1.725573 0.042823 1.454995 140.277843 60.634286 1.937185 63.815280 1.983928 65.359714 0.193667 6.309570 37.372339 2.947824 0.335766 0.368901 0.141788 2.156710 0.673589 
2.016669 0.563172 71.366018 32.971483 0.973836 2.751455 0.835628 164.945606 113.655139 24.380127 13.448215 0.270812 4.942887 184.618755 6.676803 33.526881 0.262484 5.737926 2.178443 183.944981 0.663884 3.357545 8.269053 4.560049 0.939437 3.985326 0.582221 2.031123 68.155997 51.527621 23.962023 7.013802 0.171919 0.774869 8.138696 7.238141 
3.792899 1224.559181 0.192973 55.554677 1475.293494 0.245653 3.380204 55.684632 6.612277 773.166296 11.941451 0.655483 125.288592 1.210376 779.065134 1336.764126 44.973338 
4.336185 2.536075 0.506192 2.926750 0.398616 6.840004 1.232650 3.665338 18.261607 1.161793 7.240868 1.221264 1.429265 4.907772 3.331936 0.708198 
1.574907 1.287703 18.916656 17.002999 160.519578 0.652337 26.397391 1.108167 14.076663 377.062995 6.322006 3.287204 26.580085 123.734801 0.255298 0.912493 6.933218 
3.693070 1.255691 3.421311 2.819118 9.109310 9.611157 4.101910 6.312360 1.206787 7.529353 15.005799 38.177311 2.139539 12.751747 
0.141630 128.412577 88.468415 1.811528 16.889913 6.740138 0.789476 0.195118 4.617507 1.463345 84.660399 2.671248 0.098001 1.402874 7.614507 
0.144975 3.995280 0.666375 0.273439 12.348004 15.594121 15.209662 42.061192 1.181629 4.930154 4.453076 20.978495 19.870512 42.216205 0.604601 2.059607 1.860083 
0.715451 3.069088 1.934355 3.308379 5.547732 0.182545 14.623432 18.764417 6.428870 1.961807 4.406666 1.077743 1.658423 12.815799 0.101110 0.363299 1.558808 2.712147 3.735931 9.734664 3.806078 1.438536 2.150345 2.762355 0.024559 66.420286 
0.064378 4.828907 0.127175 0.278161 0.918251 1.396227 7.548466 3.707918 4.742147 0.433972 2.984541 12.916792 40.574516 4.806276 5.560138 11.504580 29.100923 5.141747 4.966957 1.024540 3.986126 19.542007 
4.077931 1.174697 16.087119 0.367994 8.564363 10.190798 58.400013 0.061239 5.005259 14.206060 1.762448 2.023376 6.313091 16.842125 1.707892 23.196676 91.008987 0.203369 0.462690 21.472153 2.632670 0.176227 1.047654 2.714852 39.102293 1.783229 3.632453 9.718466 17.526092 1.708772 5.174061 
2.305371 0.759996 2.901514 0.087764 59.800107 3.262568 1.140319 12.375353 3.558090 4.272311 13.760849 16.946148 0.133572 35.729822 4.979254 7.476275 1.818471 3.264217 18.232532 1.183751 81.657337 1.365010 
2.890429 4.404813 21.088576 27.373698 0.491198 0.662768 4.806151 2.716970 0.896748 6.661228 4.795035 1.376594 7.421212 1.729644 4.376525 0.678829 0.252096 1.447189 
9.442835 197.323910 3.690586 1.415087 20.803245 14.421168 0.764383 0.278359 1.126931 0.139540 9.834640 13.065923 0.161435 115.835363 1.758153 193.680825 332.619247 0.497687 2.516467 8.523456 19.996786 0.232853 0.601090 
0.039072 6.834829 162.948840 16.605093 1.028318 131.452725 0.287228 0.142893 10.382804 2.817405 114.531507 15.673674 41.632409 0.998718 35.459269 1.135312 3.358970 0.568803 2.213130 7.303870 0.396640 27.072710 0.703773 
10.799218 0.832696 178.260506 65.149297 11.925537 2.697753 5.416339 0.406001 0.254464 3.998495 33.762920 2.960971 15.496940 17.166251 2.863595 
1.247039 2.516272 1.755205 1.042095 68.986074 0.600505 70.944555 2.580498 3.238033 0.848946 24.350249 2.788773 1.543973 0.765610 0.108472 0.065948 85.707356 10.816794 3.125239 1.311411 0.563983 17.531596 3.948091 0.789187 
0.695027 22.751504 11.624237 51.067959 3.715895 0.807574 25.563939 3.968589 0.225924 1.046716 52.220723 2.695054 1.421463 6.068745 2.061865 0.515156 0.657013 0.043844 0.097296 0.121364 221.542672 16.310205 0.295833 
2.273055 31.894675 2.923538 8.713833 54.082433 4.061658 0.246536 2.374498 1.028999 0.874709 1.220043 0.381298 6.623182 0.724093 0.253002 320.283187 0.090222 13.292243 136.176622 4.089660 19.113153 12.891315 5.937460 8.797369 17.147442 10.361043 
1.058553 26.234557 39.991930 19.547999 22.297625 0.177723 0.293011 15.427219 0.241589 2.937375 8.360002 5.955908 1.491365 7.928180 2.248536 5.982067 1.087463 1.444943 3.243055 28.543292 376.656786 0.751180 2.652971 4.474271 12.091160 2.246632 6.284851 126.528886 
5.198553 0.391709 2.174511 0.424418 60.246562 16.109156 2.000056 10.651802 230.190238 0.074565 0.686358 5.759484 9.705691 0.444567 0.547132 54.509564 0.248053 1.683664 3.240049 3.357970 5.735932 0.493498 0.559127 7.682767 27.982764 7.080427 170.491673 1.474136 
6.697138 0.768654 0.204250 4.723178 2.213180 0.066228 4.048457 1.790957 2.030292 0.537213 3.601926 2.180940 0.658304 2.947618 0.842641 0.148056 23.203899 1.507652 3.272193 24.311497 0.491100 12.547347 1.055705 0.903686 14.753009 97.512181 6.399739 4.387551 0.059783 
3.035704 0.227144 12.809004 6.283170 0.747285 0.049835 59.848847 122.708703 1.665538 0.023308 2.657964 2.068264 6.546262 9.912039 0.820171 0.628761 0.251788 0.110036 25.102159 4.904691 25.163854 34.508487 1.123628 5.336417 90.759741 32.874019 17.626176 0.247182 
0.332594 0.195617 0.923856 4.860298 2.323893 2.536010 5.060339 1.111736 14.110567 12.626672 0.439683 10.865870 6.718119 0.398231 1.311006 12.784885 3.114899 2.413306 76.634516 80.178170 2.835296 3.557596 36.187268 0.150332 
0.365105 76.372043 4.922502 1.583120 0.455195 269.260574 0.098634 34.187745 11.571219 0.579211 30.062324 0.187993 0.270742 21.424853 6.795988 0.093345 1.054350 216.412083 1.237015 1.806398 2.524585 10.906857 1.934352 0.262150 0.045813 94.797114 1.158486 27.219344 0.050853 0.595217 
3.257255 2.591324 28.305262 7.808301 0.436959 97.802587 0.894732 10.934185 0.394514 9.572158 0.226877 3.795668 7.405724 55.552766 3.049990 61.244480 29.678826 1.220339 2.120860 36.232263 7.064623 
7.534209 0.475971 1.327398 164.318622 10.087053 21.037402 2.281940 100.379228 2.556256 0.971921 8.259434 7.482566 9.079604 1.029630 8.990942 7.915566 6.650494 16.367316 7.630852 27.445679 11.083810 
0.878518 0.281606 1.921901 7.742971 6.640392 1.264893 2.675062 0.573279 3.113412 3.200852 22.851573 11.447606 0.255430 3.444498 5.852429 0.734355 2.250090 0.534134 174.194054 92.205562 245.547716 22.546318 1.227136 7.899480 0.881402 0.091957 
9.918782 5.342583 22.981666 67.879678 23.518091 7.221044 2.688703 1.127453 4.720997 0.327913 17.966035 0.584311 
1.688488 105.683876 61.634718 0.079262 7.674198 0.232893 0.655052 9.871553 13.510633 41.874977 3.209682 3.398140 3.246059 0.629044 33.078992 7.077356 41.349677 
70.633207 0.324779 0.927354 0.817955 2.642977 6.078088 0.033812 0.720549 1.407160 3.581351 0.778752 9.670521 0.190354 110.454745 25.298156 1.128352 1.043146 0.454471 2.538048 7.458966 1.293062 110.807456 0.030563 3.604467 99.803103 0.971843 105.773591 8.195541 0.117655 
37.625822 2.944277 3.853186 1.250425 0.226209 9.057690 51.409497 0.575193 1.387500 
4.411119 2.092062 12.070501 1.335048 0.363773 0.371804 4.573831 1.729843 1.644368 3.769532 2.592524 4.855740 124.194856 0.527780 0.864867 0.713728 0.286720 52.831023 3.105309 3.359564 7.874637 16.832190 19.463783 1.584794 2.327168 13.998245 0.833230 2.927483 0.327881 0.204181 0.836845 6.138463 4.006914 
57.882404 103.707081 3.367487 0.578759 1.736985 0.709732 86.710871 44.987800 30.873280 21.733725 0.220677 0.086135 173.379291 1.568238 0.451443 0.061489 1.359455 1.554443 0.392544 
0.074404 249.811428 28.670478 36.169394 0.678088 0.998946 276.903299 1.831595 0.040031 0.755015 3.132752 76.769372 1.120555 0.594346 7.711140 0.218643 0.031867 12.831397 3.274694 3.350839 0.949957 191.414368 23.316341 8.707695 7.255416 1.085831 16.101369 0.305818 0.377141 
3.832979 7.501046 1.442556 17.352144 6.602681 12.597897 4.135119 0.545278 69.311264 4.310028 0.521224 14.748544 45.733896 6.520034 15.131149 3.354459 1.955900 5.130066 4.847734 2.141875 4.207102 2.882162 1.722540 2.565054 26.115761 26.422109 5.516199 
49.072265 0.141906 1.040690 0.900475 0.635559 0.468904 3.412500 0.801273 1.231469 11.457026 1.058129 12.911371 19.820351 118.123389 41.558589 2.418284 7.275629 0.728792 4.054269 41.016707 137.464482 0.569958 1.734186 10.111715 6.160167 
4.039386 0.996848 4.720673 4.641500 2.502863 8.530757 7.810792 0.408444 1.681061 2.472182 26.200180 0.140445 4.457221 13.876352 0.192687 29.990078 0.634018 29.732181 6.080033 4.346361 13.247326 2.217866 3.496520 15.724131 1.280374 1.903349 243.617904 12.407607 0.669496 0.634207 200.176244 4.405443 
38.534681 0.121690 0.062415 1.069930 2.855523 7.174593 1.896628 8.597287 5.050284 99.180181 0.096833 23.315830 19.666367 1.980121 0.355841 1.196933 1.623532 39.337812 2.559165 20.563843 
6.407578 8.025620 250.960942 1.960413 22.671102 3.145774 6.509440 0.081341 1.431841 187.348673 0.564381 4.266460 7.921487 0.336732 7.014271 5.483426 0.222920 3.848279 
10.601806 4.409017 0.361464 1.695357 26.419554 8.166173 0.879727 0.137622 2.640018 13.153767 0.563749 1.159050 0.605198 21.434663 0.430054 0.150238 4.440864 
1.207873 1.877194 36.830331 3.569843 52.618363 0.458725 1.728451 0.163693 44.035713 1.486162 2.816264 61.639708 4.308971 1.969391 3.187450 18.856281 3.777174 2.189200 7.037231 43.237259 12.750050 1.661285 2.659128 7.718769 3.308323 22.406062 1.752661 27.349955 2.247711 
1.154529 2229.715911 21.557705 1.118475 54.156242 36.001174 1.078655 249.046494 0.349982 0.519692 0.579782 21.480183 1.677538 809.578621 22.831778 46.050666 5.586412 7.809063 7.681419 9.104122 0.470067 238.144053 
0.597143 1.225923 2.270836 5.009632 22.459947 0.252505 14.502178 4.553395 3.556393 1.328558 36.990537 8.383925 0.576847 0.519432 0.388164 7.670286 13.634566 3.537950 
1.555044 3.638999 1.464407 0.379654 123.306164 0.309909 25.506663 0.062221 38.393072 20.281186 1.535918 5.708258 80.682286 2.350865 4.683949 18.025573 33.592691 2.524162 0.460007 29.653419 1.564304 0.183949 4.858007 1.324699 10.551489 6.167738 5.144057 3.258858 0.322184 2.998441 0.094013 24.168717 
0.427977 0.405363 8.774893 0.470484 63.398440 3.360725 0.700692 0.649959 3.633784 15.146462 46.754767 2.331446 1.919338 0.801640 7.604214 3.754562 0.206461 6.921308 
2.314647 5.121045 3.054476 8.976073 0.607135 74.440583 6.263097 2.449130 1.894403 7.062339 1.556566 0.055962 18.725851 7.938849 2.286113 8.312023 5.772538 38.762714 
442.431620 0.329777 8.008265 0.173305 39.478698 237.815120 3.871128 6.853380 0.226078 0.948075 0.557163 2.825408 152.266208 14.226217 
64.618080 272.298512 372.225315 1.413221 6.779215 40.168819 0.163194 18.745662 16.809826 91.880351 0.134295 0.477069 0.745027 35.700459 0.767118 0.317689 1.512557 5.460516 6.073917 1.472546 2.669964 1.769155 0.205097 1.737731 10.993468 
1.780184 0.242150 3.217223 0.596276 0.081554 5.577610 0.025512 0.946976 29.077523 8.367551 12.395339 1.049912 1.546601 69.488841 2.464734 43.764165 153.473834 2.739659 0.293447 2.226337 15.682392 1.052760 138.890097 0.318433 
0.189155 3.149769 129.199816 1.455147 28.832971 3.134285 0.950420 0.347016 3.644154 1.351453 1.026934 77.352054 0.028419 3.963167 84.073522 0.213585 
93.969103 2.582567 2.987836 10.154152 1.479144 34.265435 20.724752 0.962406 6.846165 3.244399 0.410736 1.159245 40.994475 0.938142 0.843327 1.437443 12.464513 2.556684 6.969761 1.340940 7.973174 14.807455 0.046584 0.827771 
0.713153 0.619700 1.065974 17.908575 28.570330 1.164898 0.987293 51.684563 4.771993 6.404904 2.520672 
1.149321 18.979282 38.634785 1.438113 0.761243 0.407066 13.561019 1.480736 72.426055 71.039011 11.737399 11.760045 5.560210 0.560457 1.872829 0.163046 
15.323031 0.412592 73.695705 1.414456 0.361770 53.431608 6.129700 8.546793 4.307498 3.375273 0.620807 32.055209 
5.532134 53.114571 0.318581 11.381999 3.826220 0.616509 8.656056 0.256580 0.636013 10.014481 7.258540 58.718709 1.080177 4.351270 4.297960 38.995942 0.641042 5.766132 1.648752 105.318666 4.126536 3.647287 16.963108 17.557339 5.217520 0.249460 0.273916 27.897073 1.837099 10.324031 10.970481 26.707466 
0.570959 0.753711 14.174579 15.695373 27.148784 0.419295 1.934718 35.959841 90.523746 5.406962 16.373924 55.536173 4.760632 
44.411249 1.576149 77.438625 0.415234 1.144645 4.216579 9.265466 8.866996 1.580876 0.257437 3.365203 7.805690 7.785474 14.368125 2.499205 0.703964 20.141496 177.709996 3.760081 
0.217057 2.481684 7.316802 18.476566 2.497005 0.080031 3.269345 1.128808 9.469956 0.615938 0.186968 1.427621 0.459255 3.785542 4.943392 10.088290 0.641042 3.907058 54.505793 3.256831 0.082697 37.450612 0.600530 0.731762 
0.449834 1.179678 0.691051 19.957122 9.540906 3.269635 0.929410 385.219363 37.048378 0.580824 0.348685 25.126496 1.486247 34.695914 3.746530 3.447519 5.594829 48.901371 24.615640 
1.403534 2.186178 41.888498 38.251212 55.612087 1.524601 1.510342 1.807027 5.717166 11.976058 0.285209 17.212543 6.322249 1.193078 2.585391 0.296366 3.550357 7.016536 
0.797903 0.186897 0.859425 27.341240 57.156068 0.582252 208.853359 3.189600 27.667179 30.966540 2.363168 170.856205 24.994442 0.316457 18.771200 1.047137 4.702269 0.421466 1.757430 0.558812 
0.699095 0.169070 0.581436 3.673242 3.806592 6.402864 20.129092 3.117410 6.267889 64.104647 13.929242 0.849430 3.477273 0.776953 2.532100 138.120017 5.761947 1.147355 0.917254 
5.315872 3.648723 6.508562 0.422916 0.161618 4.074946 0.251610 1.636181 1.274068 27.425403 0.805235 0.805442 1.579472 2.027696 1.328476 32.604771 
12.574131 0.939185 6.402592 0.587889 7.916612 6.734546 0.989393 2.819792 58.306178 1.497283 0.137702 2.397547 0.874326 0.352782 1.438254 0.360251 0.406368 4.137235 2.019993 80.039995 0.111612 
0.917844 1.978536 110.023264 37.168779 85.052841 42.216422 11.512955 2.304373 84.847098 9.286069 0.964304 4.246975 0.836240 
91.917723 0.111085 0.192455 6.883086 6.251779 0.837594 0.861966 0.996037 0.540558 1.006978 2.481724 0.110981 12.307786 5.450623 0.264049 5.932290 0.966474 7.289819 18.738275 10.185992 
4.167256 0.774638 33.001297 10.697471 341.239086 12.117728 92.729599 62.710812 234.639557 0.561123 0.368734 0.479363 1.753776 4.374211 4.923747 18.699395 0.084117 1.319406 375.705737 0.927504 5.210928 22.535197 31.458122 0.294563 4.807249 2.978958 0.771373 3.185584 1.375469 0.145229 
2.255653 10.709775 1.709128 9.748186 11.860466 0.759728 22.778362 177.844448 0.609574 7.026779 1.390081 0.815081 0.913927 0.459824 12.152575 0.096029 5.557074 0.278413 2.833730 0.833222 50.894171 2.304348 0.692194 0.840143 0.845154 2.530977 2.716691 9.180947 2.033855 0.297356 0.096338 
2.368601 3.041752 4.782748 11.112972 17.806670 0.958126 4.578554 5.063156 1.120066 2.517431 0.653241 4.093122 1.435407 9.142357 0.404824 8.310240 0.525951 1.217403 0.078429 1.514641 2.003339 4.946701 0.087913 
0.268727 0.539709 0.115489 26.787823 2.932074 2.664364 16.915579 1.830236 0.074051 12.729090 1.286107 0.245113 2.630275 3.369777 11.677965 0.808396 1.002793 16.406436 4.029321 5.992682 19.791288 3.243459 1.401157 0.958248 1.162647 0.573010 0.599750 2.218853 0.508207 
29.734788 1.170887 20.821639 43.815308 2.509902 0.735623 2.227513 3.404552 16.171533 7.258063 24.303076 22.333827 38.484131 16.226539 0.671634 23.448760 7.123063 39.779556 9.965227 5.094037 0.210263 8.127411 1.496165 
0.439717 0.806072 0.318385 10.544236 1.350468 0.264965 5.158232 2.624937 14.496087 78.707191 5.068326 0.505414 0.832028 8.133576 0.385348 0.332971 48.220512 21.692534 0.345130 0.626106 3.668300 
26.751631 9.084626 3.241694 56.735323 18.699510 1.352215 4.572937 0.525006 0.708261 97.686726 0.788388 382.499208 7.026461 26.602583 3.058549 14.544937 0.558467 26.792417 8.013927 97.100266 2.495798 5.655586 4.707986 22.568855 22.940608 1.104003 1.960171 
151.238814 231.430395 19.589488 0.061701 39.464518 24.423723 6.194876 0.052157 5.359063 2.099592 296.581428 6.911671 1.363390 67.053559 0.280558 46.772938 0.706205 71.577023 0.204796 38.424671 2.424424 0.899094 
0.570384 100.713297 0.153156 4.063527 161.989163 7.770623 1.647477 174.020512 2.445437 0.701484 20.330737 0.407463 1.150136 115.180208 2.470774 2.852674 0.607455 53.540921 1.257999 0.589743 15.816650 
16.585343 3.787936 1.367283 0.130228 0.288788 1.023161 1.012273 3.643844 0.772586 10.721884 1.083295 142.128871 2.127574 0.145776 0.176065 2.551885 0.695954 2.741559 2.768875 0.614253 3.184968 0.550384 0.400064 6.478057 1.758347 1.032860 5.501398 3.910960 0.610171 0.239834 
8.525874 0.911293 0.671918 27.073584 4.439149 0.573995 4.429758 12.958866 128.051940 49.676828 33.599865 32.085772 14.259386 
1.371528 2.418626 4.958657 5.232455 1.257965 7.580312 6.891599 2.019427 1.231904 4.316100 0.403616 0.113213 3.069121 22.075379 1.171458 
0.932503 0.436402 10.348094 0.149995 239.490933 1.075545 1.008901 3.201950 0.822037 87.771761 55.701863 24.572065 207.156855 82.142758 1.239744 2.100298 28.588848 0.857845 652.193614 8.306479 
10.131781 0.619349 57.367665 3.305168 3.190451 1.182214 24.513343 0.693898 3.307937 0.431629 2.432210 0.815484 6.029246 4.140710 0.091321 3.255293 3.449747 4.153407 0.409140 
1.029690 0.449809 3.713132 20.847616 1.491146 0.859270 2.374584 0.987275 3.509354 4.619492 20.639187 6.266856 3.750698 1.492946 22.529710 17.802820 0.060164 0.886435 27.519747 0.593323 61.811465 5.776386 6.345958 50.789155 12.591003 0.555329 167.375626 10.605484 1.940554 
34.559825 0.209655 0.428619 0.761592 0.783565 4.487505 209.532521 6.776854 18.010877 0.225757 65.268215 0.293570 13.500662 0.738085 1.225309 5.285928 0.209934 1.033328 2.444897 0.065638 0.831241 12.502939 26.303740 5.349834 8.754789 0.702565 1.229080 0.759310 0.847617 0.249984 1.104294 0.029397 1.242443 1.059201 3.289469 29.950989 9.022104 0.643463 
221.074595 44.181774 0.377006 2.113202 224.914569 0.773677 4.557313 11.256291 15.053236 33.049388 46.116642 16.391299 40.700963 0.336832 4.161983 1.598635 0.487264 
6.745035 6.900980 0.398811 3.527085 1.084352 12.565846 192.769191 19.930786 0.340627 1.760732 9.129441 181.552350 3.404041 5.148130 0.931439 1.521913 0.489157 6.012159 6.965112 21.015517 5.340553 6.836303 9.943556 0.386428 10.550533 0.717595 27.102602 25.957241 5.343384 
46.983881 0.050288 5.441800 0.940817 74.003342 0.458241 3.633704 36.692142 22.453337 3.540690 11.346930 1.119372 5.416821 1.599351 18.128766 11.272707 0.418673 4.374738 2.038095 
0.544168 1.808365 5.271883 2.348685 68.258793 0.303255 1.235937 5.690055 311.074470 154.263773 31.364955 0.207025 2.300801 58.318410 3.590525 0.879749 0.232330 0.678882 0.188848 3.938475 57.422422 241.501763 
18.582742 1.284654 0.287607 0.369082 42.987576 0.123878 0.495960 11.987848 54.468779 102.264874 81.740425 1.228664 0.595038 0.256838 9.005299 1.465072 19.747300 0.129665 8.133878 15.845449 0.312463 0.483179 23.792295 324.689588 5.482236 213.384176 411.236170 
0.203716 16.637562 1.444575 3.295060 0.305841 3.528724 19.852404 0.312309 13.238813 0.238364 2.703845 0.765951 1.404562 0.580970 17.453657 1.350168 27.381036 19.148537 14.357536 23.505028 17.392847 0.652179 89.329035 8.799202 3.355435 24.480999 2.258554 2.809861 11.491292 12.334026 
30.950631 1.231974 11.921452 2.332227 36.036832 2.622705 1.896747 11.262804 120.374873 22.437365 1.472343 98.132214 24.777207 
52.440459 4.588259 1.534136 1.636257 401.751618 2.028203 7.358182 196.702629 317.957605 0.847432 0.768758 1.109192 67.971138 0.673077 134.560399 4.115645 4.667370 2.927843 8.647125 
0.350378 8.469427 3.431786 0.075857 207.283374 37.952055 69.504205 0.667140 0.693456 117.829825 22.449888 0.717314 0.106569 1.414228 3.071348 6.499571 8.077070 7.971815 60.168837 1.081819 121.195783 18.603430 2.260680 64.466632 105.672776 0.980376 8.922532 50.654393 8.322212 
1.032205 9.710061 0.880864 1.087708 6.614605 0.609977 0.687314 178.871676 12.538487 93.869333 2.831065 0.622703 3.556438 235.775855 96.573595 74.604902 147.391958 
0.724892 0.175976 104.349010 0.176670 1.917977 1.570707 0.078986 5.699730 2.301081 23.494695 0.284140 100.305471 80.553989 12.427903 0.374478 0.964516 0.698441 15.388463 1.528184 8.706463 138.162093 254.892485 
1.050065 3.440778 0.388323 4.408740 2.695354 4.911489 0.524892 53.664183 8.306422 0.049629 0.131726 2.667687 36.795535 1.078088 0.658990 5.672390 8.905584 0.919340 1.612502 0.510819 0.266913 0.089400 130.978909 46.578598 1.248269 12.050672 10.414624 7.589973 2.917802 10.331315 1.335975 1.789130 8.663619 0.547705 23.954569 4.792924 
0.482950 10.984609 0.069804 1.288357 29.142904 2.731475 330.954256 0.645682 3.992747 14.199558 1.859985 9.332613 32.369978 0.653379 0.317834 31.732310 0.839456 4.709995 0.733308 
6.515652 1.337626 3.773137 0.054639 92.641950 2.484720 0.894320 3.251324 0.207856 0.241295 0.080790 4.387549 0.053824 2.494510 8.454387 0.257987 30.538758 1.528446 0.472706 3.492046 11.869947 0.325078 18.819537 8.846370 0.277924 19.110508 7.455756 0.343985 25.767238 34.016659 79.185393 5.493074 2.367356 14.056709 0.060987 47.034445 4.174160 1.630874 0.481647 14.130701 1.346187 1.994418 12.250091 0.264229 0.234919 1.897282 
6.970845 4.120743 1.933108 22.882294 0.188429 2.590414 0.800402 0.240162 3.993930 11.779813 60.531083 3.242683 2.499078 27.198382 0.672893 3.928917 0.816044 3.668296 0.267431 2.693585 67.495186 3.396439 13.603424 
2.937596 18.315267 18.418551 0.607769 0.519877 4.041710 11.320786 25.896714 10.877391 107.371672 
51.265298 3.669002 6.849910 3.092183 27.708750 26.438388 1.949112 4.077240 2.346127 48.947508 0.409290 0.588591 6.795745 5.226973 62.517116 2.455389 18.293867 
400.396380 7.619088 0.723590 0.732239 1.849109 1.157163 0.553012 9.753500 0.663793 36.969110 0.683579 4.203914 0.584015 0.200629 527.098602 9.405955 5.832480 9.561218 
23.357389 3.527243 5.517431 0.874481 0.721076 1.004633 0.406890 318.346705 0.424752 9.388647 5.161706 3.902580 21.666689 17.810703 167.830667 1.473035 23.733088 69.161128 38.082807 1.256105 
23.242328 1.846704 0.647353 6.922958 0.797875 0.219879 2.022798 0.761589 1.043881 0.287042 5.782194 14.767232 29.212825 0.249822 2.763301 1.837280 2.358387 109.502520 2.719572 2.294081 44.286819 0.961309 3.134870 6.973489 5.937494 26.816579 20.831148 22.837872 
26.111409 5.989404 47.541428 455.689022 7.428352 1.332004 0.369337 0.231518 1.861056 1.863559 1.220564 47.391750 15.591506 19.020952 11.098145 0.276086 4.595291 4.785723 446.993863 0.197008 7.132010 19.899025 8.800467 10.376823 4.257356 10.016666 
0.164529 265.705115 85.523736 110.843745 1.939190 40.571093 0.304115 49.258062 0.237818 3.385755 14.849579 1.157815 2.395850 2.876247 427.623118 361.942930 1.300353 
0.399897 0.930302 0.222540 30.097786 3.428357 0.054169 3.303324 3.399767 1.269616 2.895077 1.634678 28.557294 15.228947 20.035972 0.489375 16.740622 0.348052 0.348525 0.730993 0.083467 1.500692 21.801098 10.552107 0.379452 2.872585 
0.017815 2.738170 24.891519 0.389844 2.520846 0.503108 3.533936 1.136922 17.432426 1.170967 0.088984 0.059707 135.676351 6.651173 12.641128 0.110002 0.048611 103.959856 1.496402 1.116669 0.069101 27.514737 0.017061 0.138694 1.596360 
4.476194 9.245248 0.585262 2.339714 0.356249 24.266864 6.888877 2.794721 1.759139 1.308420 14.418583 2.063629 1.539671 0.110274 4.813973 11.641308 0.708671 6.795274 13.889122 0.725495 1.705022 6.683291 4.933992 13.300412 3.034394 4.823881 
0.331565 7.149741 3.721845 4.069119 0.856735 2.420087 86.867292 9.008919 0.656325 1.950394 8.415119 0.363690 60.517864 17.793974 0.367828 22.101067 50.422138 0.921330 0.676958 73.337876 1.582945 
24.843754 11.065611 6.614209 1.239797 0.585644 175.106027 1.615255 27.353058 53.262425 118.389235 3.105917 0.819310 
0.111417 7.161484 0.957579 1.659424 8.878168 86.078336 93.447141 24.059930 4.350258 20.413459 5.111399 5.028671 3.788189 7.464678 11.167709 0.854353 109.971307 3.069765 3.231523 7.986855 1.405800 
11.753192 0.389287 2.474205 6.566791 0.589530 11.355347 0.492372 1.166298 32.229818 5.415285 0.732068 31.313600 2.136299 7.507824 0.379535 0.509631 13.088775 
1.266793 2.718006 0.349179 0.181334 8.014277 12.038746 3.409564 2.601986 5.049515 0.316092 0.347160 0.887931 9.857172 0.848483 0.083451 0.617174 37.770025 23.473020 0.671852 
0.298519 28.250152 7.189874 31.447265 0.910525 3.933079 3.112487 5.831881 8.595442 0.066756 1.240084 3.480950 0.168531 0.937191 0.535008 4.182285 1.626149 1.414499 0.799988 0.261504 77.033103 2.796938 12.634847 1.758511 0.107493 0.235691 11.163197 23.610592 3.557772 1.829014 5.678265 1.329651 0.498535 3.849910 5.442677 0.354796 0.476218 1.815660 29.781478 1.476623 1.522405 
1.234832 112.469262 15.400345 18.536164 77.471398 0.277748 7.285080 2.547026 52.528927 633.697901 1.488131 1.258101 463.628516 495.721665 2.082370 113.952694 0.939193 1.429506 2.967974 19.127886 50.969698 4.873212 4.772128 60.000922 0.583831 8.887574 3.738231 2.654407 23.343710 25.233056 3.010227 163.473818 46.734085 209.153077 145.891162 6.865401 36.967126 2.412557 
1.484505 2.369201 378.837502 36.031826 1.436036 1.776835 3.564531 150.720276 5.268785 2.846620 0.386958 0.435836 1.402288 20.768390 5.600750 
36.313307 0.385920 1.601179 0.287260 131.848372 0.842786 0.093476 0.153381 
0.775831 80.745985 0.163728 3.319785 0.455985 0.985947 3.494374 2.121652 69.191995 34.134879 0.703530 4.298389 131.770494 5.956040 93.211828 244.046010 5.230321 0.214168 180.732265 22.967006 0.514586 
0.603944 2.434693 75.033721 0.177338 1.159938 3.360075 9.348133 1.481184 0.465210 0.698141 7.524528 125.064722 0.807675 0.022850 5.240838 2.716994 12.418960 4.813041 0.205252 3.109689 0.330709 0.061823 0.611343 4.982576 1.738397 0.497831 2.988608 9.660415 1.522133 0.282971 0.088199 1.352783 4.186747 5.810671 
0.852427 17.041388 30.776400 35.879578 0.825118 0.101318 0.249827 9.858767 0.573157 0.421111 68.080949 0.094303 1.446648 0.561475 19.513997 11.275349 8.298275 0.636891 0.880898 1.451659 0.161673 3.743543 
15.359101 42.027726 20.220458 81.450919 1.072522 0.260372 2.934354 0.733319 5.983721 1799.402444 11.976947 13.722242 9.671071 70.780077 22.019296 46.819136 
2.833761 48.798841 0.326351 3.486220 2.613140 49.910215 0.307941 10.288901 3.895053 2.754444 1.095379 10.978812 343.435773 0.847324 31.659781 84.730472 55.915210 3.418492 
0.752655 21.617221 240.455978 5.732015 1.535568 33.735387 14.520529 2.778174 4.307701 1.493097 1.977199 0.539330 0.261643 8.073133 219.104965 56.730933 11.850791 2.422791 1.029856 72.501354 1.057368 9.180883 0.908173 107.655532 6.645552 6.627851 0.661299 145.831168 5.378539 
0.251335 6.126100 90.877899 0.525004 16.875364 5.367423 2.569912 5.429425 189.219121 1.344699 0.376414 11.629544 
826.059973 0.881642 0.314783 0.555673 2.738721 0.781216 124.053947 33.892075 107.740943 8.270822 
0.657198 0.416367 1.620836 540.571661 26.148082 763.732543 2.433390 1.003678 1747.939488 0.633816 2687.881164 7.068861 3.705202 27.106769 15.263501 117.242405 18.355011 23.835304 2.343020 209.836882 
1.191525 8.318780 50.696012 31.677467 25.498918 2.030482 3.464718 161.654697 5.028772 3.763396 7.225211 9.359808 0.621814 2.777760 0.444326 0.500322 25.038587 2.270576 12.696996 3.831004 9.222909 6.344169 5.783225 0.402995 0.335651 18.927836 0.077951 85.585040 0.158862 11.720053 0.154808 13.329377 16.957366 0.491737 14.008630 
6.876083 14.103609 67.557277 2.633479 0.256976 10.570756 23.823100 0.862604 1.296112 2.105602 4.648490 1.568134 0.590647 118.575113 22.608052 10.774159 3.383738 91.883493 22.092757 29.787894 37.276122 12.932445 0.373764 
19.350192 58.394957 1.100798 0.257132 17.019220 2.526135 0.285046 19.442437 4.500620 1.105575 63.910061 4.456557 0.320783 52.178394 13.186181 268.881022 19.768136 3.251424 27.289521 2.772937 5.103658 0.954900 210.914897 12.934558 3.868735 3.839214 0.342146 48.599438 682.767952 
32.761162 1.512400 7.673571 1.864573 32.409789 15.589839 1.191235 4.903298 0.293624 5.710624 4.388064 21.774341 38.212387 8.597350 35.621701 31.519077 1.096712 
0.745170 2.190413 2.291294 4.693740 0.365544 0.350149 27.540984 0.077386 0.989554 146.912005 3.371134 1.705488 130.835214 1.442695 9.266257 1.641782 0.164165 14.480598 0.139558 305.402018 2.824337 3.648591 0.333330 4.822292 
0.901471 0.895648 0.319429 0.933077 0.870800 0.558114 1.562616 85.184028 10.839474 11.120919 1.597528 0.816761 6.471772 4.911953 10.779919 1.913192 2.693565 0.688342 0.151024 4.762804 7.791943 4.072689 9.416526 1.403104 0.811299 9.072357 
40.938638 10.727754 153.999152 1.316914 4.995488 0.224483 0.516171 0.068834 0.027300 97.416421 11.200378 0.296280 5.116424 0.459489 5.199432 26.873381 0.139787 5.700946 62.334872 21.108279 0.064242 73.236424 1.251609 0.134471 0.171962 17.473634 24.783856 2.961200 7.308652 1.712360 
8.661161 8.975561 2.020336 75.813633 0.299856 1.652827 4.723729 1.026862 14.246588 1.008870 0.760164 33.469035 44.327184 0.375546 1.190815 1.236397 34.661188 1.963259 0.672438 6.657717 53.769260 0.549863 88.723175 34.882615 19.925193 
36.444430 225.447579 66.578286 63.291258 0.394082 38.248053 2.817329 0.497588 1.151297 
3.727765 8.914672 0.332776 0.381625 93.304499 15.131085 6.247797 29.248153 9.133841 7.306159 1.945635 39.664674 24.618137 0.941563 11.090203 0.302969 0.642394 12.946179 3.441647 0.182062 0.326000 7.429216 0.938132 
68.079633 37.318482 6.300386 0.870836 5.164780 3.602705 3.386078 29.049336 2.838051 1.604882 1.694261 4.633014 0.471082 39.653189 6.018538 19.240200 11.376305 5.674388 1.565203 141.463701 231.824216 
14.974986 0.605540 7.459626 39.896381 5.234768 0.997044 7.165780 0.658834 0.210444 43.024674 24.656775 77.617313 4.915061 0.455689 9.622626 316.149400 3.191065 
297.899210 6.204860 46.593751 0.775325 2.793361 0.584429 7.236517 82.855984 15.079516 7.183081 0.787172 4.217525 3.466326 0.772591 16.921551 0.657814 15.751491 
0.236883 0.066148 323.372884 7.742923 0.811126 7.775101 2.956043 39.488873 3.268688 1.068052 1.067917 14.309456 112.941941 0.386905 2.785977 19.183124 5.550511 1.154113 166.769754 8.685979 8.850270 1.304994 16.135352 2.572866 4.477160 30.615079 18.303838 1.924625 
9.249037 0.979909 270.323988 237.363052 29.487783 0.594194 0.458642 160.044006 424.844783 14.404097 13.517973 1.004307 49.794834 2.829997 2.922238 8.926966 1.229181 0.638304 2.292351 61.243240 2.519175 0.666247 0.790138 32.534935 17.677408 109.938529 
5.810310 1.620415 5.489337 97.631032 78.317654 0.250222 20.936285 14.150883 1.720422 19.078363 5.699179 62.185404 3.145107 0.822013 0.919983 0.324136 
4.304176 5.318750 3.669831 6.137809 0.372823 0.190993 2.645612 149.102427 12.513543 7.120894 21.223368 91.255007 37.362431 0.765139 38.235803 182.339034 6.261737 60.356354 12.786538 19.957212 24.210863 8.815015 25.535562 10.557259 0.455158 49.440329 11.300908 10.927721 
341.980062 0.860712 175.847504 16.405588 3.049050 8.703441 0.343323 0.363124 0.353578 8.542703 10.246415 
1.073346 0.627573 0.760485 26.202348 2.879822 7.878073 133.630397 0.331647 3.038177 20.461070 2.015481 1.358116 369.130993 1.374566 2.430262 1.394929 
0.118095 0.011206 0.415152 0.371607 0.296609 1.197315 0.059914 1.038017 0.160039 0.234577 0.233094 0.943719 1.704697 0.080521 1.655031 0.604789 1.845115 1.491061 0.008616 1.494725 2.185913 0.662218 0.179133 0.655433 0.029645 4.696775 0.762391 0.549474 4.357240 0.004182 1.151652 3.230618 
4.107220 18.382443 43.600780 0.037855 12.023912 5.127439 1.087549 0.634851 1.160540 0.168315 0.783504 14.202185 0.630984 12.337347 5.549518 2.760254 13.933815 4.659711 6.346039 5.745466 0.479234 10.418102 
11.767684 5.427623 4.610136 4.403311 0.702814 6.170073 1.209874 8.960408 0.726946 0.169853 1.266203 1.645020 17.047560 10.000491 4.342635 119.915167 3.416056 2.888195 24.046151 0.304814 2.451455 
4.462306 0.712882 0.601038 24.629161 5.795855 9.489241 6.957296 70.973400 7.872042 41.060470 0.693931 155.738676 18.493265 3.232013 1.714318 0.771161 0.320351 36.917444 40.484621 
0.994705 63.028778 11.897129 6.619671 4.217608 0.606588 0.413929 0.980391 0.253995 7.854749 0.663257 11.543701 3.762803 53.535861 1.305518 9.357906 6.714039 32.504787 5.801198 6.890498 0.870797 8.111933 2.815562 0.267966 4.069110 1.185227 
0.692043 4.572472 0.794188 1.088786 2.508256 35.208286 4.174896 8.935574 4.113405 0.212670 1.086792 2.535811 0.073522 1.223487 7.094169 
1.853715 2.125439 5.405672 145.802626 10.664413 5.477650 0.526870 0.145433 0.685738 28.018588 4.249526 
0.987867 4.100866 9.634923 0.820387 1.826736 0.613250 10.276984 0.781230 2.764711 0.855340 63.632066 5.609722 6.767161 13.302773 0.432693 0.277336 1.956581 14.698170 2.277318 14.812185 10.555968 2.061523 4.636542 2.471746 18.132711 42.327768 2.082697 7.652274 1.946110 4.970547 
0.335117 5.498118 23.382303 36.538782 1.154373 19.154318 20.332434 289.469153 10.880262 29.329483 23.944506 0.752205 15.470928 0.191641 15.375095 12.545285 10.022370 15.957229 31.591403 59.000554 14.972737 37.488085 7.564396 42.425111 5.962967 2.847485 
89.076941 3.679115 3.270052 11.132106 132.432789 1.244481 9.577538 1.343390 87.015166 2.271595 1.466137 4.326175 11.357546 0.419255 7.024916 49.571223 1.681780 13.878648 
2.083948 0.799546 2.925678 20.050199 4.439358 1.126685 1.788394 4.741520 140.666816 199.034390 1.481211 327.267489 0.913218 16.917063 0.504829 0.553520 2.399117 181.515564 
0.288259 3.707597 62.513603 1.288263 62.746196 2.245957 10.367862 10.580233 0.499344 0.354732 3.825556 0.940884 4.342831 23.923043 13.200531 5.028518 6.687170 13.956176 3.326407 13.474892 0.953114 2.312355 1.376589 6.352989 119.379582 
17.144130 1.418661 0.792095 16.081200 1.686076 59.978251 0.194851 11.322959 2.407441 10.349069 2.836110 0.318653 7.330729 21.093051 81.020228 192.932082 0.389112 19.503994 17.666886 1.250701 0.220451 20.207840 0.079411 
78.601657 0.201786 36.468135 0.633615 0.925806 493.101913 35.352934 1.455647 10.091633 0.727439 22.138548 350.989887 5.568165 3.740790 3.498768 90.766902 1.831616 0.695902 
3.240825 5.011419 47.538468 1.316225 1.458582 0.118960 64.417200 5.682908 1.159362 388.855530 3.947963 2.610150 0.183720 115.530969 67.260937 70.677988 1.279096 24.118939 5.343423 
2.061509 4.491184 0.444861 4.508103 0.432656 0.639689 5.440256 0.478943 3.757261 3.407194 0.134852 
1.883058 2.348109 0.997767 120.806981 1.231037 0.156347 0.482628 0.417740 5.073864 9.248829 1.149842 6.431531 58.799037 0.434723 5.592673 0.872337 33.090651 18.683342 207.750965 17.338506 0.119928 4.938090 
11.746051 169.273988 0.270623 2.697689 0.629970 6.019821 46.782022 0.353241 0.795652 57.833825 3.147984 1.507523 0.337400 1.032829 3.708533 0.573830 1.137523 4.666370 60.670369 10.327880 1.623876 8.406723 0.905466 20.515825 1.002913 0.158786 0.666400 43.566006 16.920883 
102.741612 0.309974 3.044092 1.575656 0.691396 2.846401 516.412299 28.450059 0.538191 0.150292 15.914112 10.908598 456.529560 9.446515 2.693585 102.809836 81.291071 6.462607 15.210159 0.387451 517.903651 0.156236 4.005534 44.044786 17.408821 17.962607 6.567305 637.552445 20.761322 4.019631 17.989734 6.997223 18.508262 0.582724 7.270354 0.391349 37.730686 5.097303 
2.853126 3.191957 34.189067 93.071490 48.097070 5.584551 0.591425 3.435481 0.265465 11.893014 0.157353 10.261289 17.703665 5.952272 79.647153 3.539379 28.219435 57.128488 5.114394 8.264945 3.898762 25.395664 95.088100 3.933134 6.489345 752.277454 22.033476 7.039323 1.856342 25.203233 
0.396029 0.379013 35.924926 17.653339 20.691914 0.292643 0.750654 20.874474 0.314196 2.967752 10.054699 2.925430 1.780787 1.810193 0.514758 16.856721 8.193689 11.313096 22.684232 1.196226 0.451434 1.941280 0.119048 0.704086 0.754089 0.547132 0.751519 
233.438441 2.299445 0.883236 0.194136 62.957474 0.533280 247.488716 0.105317 0.239457 123.245302 1.364078 0.994738 32.501601 2.679049 76.568579 3.364195 123.236773 0.274787 12.843945 0.134461 3.395121 104.949560 0.129430 2.590022 
42.925974 7.296270 36.032786 0.310766 71.811865 6.333913 545.341556 1334.981208 9.679812 1.443662 9.242944 0.141657 4.962508 315.110718 0.478776 0.682209 0.987980 94.616470 472.817648 20.283619 6.174831 7.660051 2.569770 4.770669 14.083627 99.877411 7.147519 1.742789 72.938002 
0.912739 0.550097 1.852406 155.806393 10.794502 2.188055 2.230731 0.117065 80.054979 1.424660 4.553714 4.857260 12.756637 3.045023 4.674748 4.713828 28.399835 
5.913674 3.389830 82.586575 0.425328 1.617659 2.254952 107.408993 0.060004 0.383234 2.538467 0.813032 3.935963 5.213994 6.343745 12.668269 2.452257 45.595655 43.063842 0.749804 1.886350 
1.986072 2.655754 0.434136 1.209328 5.565105 8.161219 1.780397 39.820031 0.617823 2.465758 0.533463 1.739634 2.093277 1.464581 30.802484 0.589709 2.359295 0.075714 
7.573616 0.161913 0.483434 0.412933 6.691630 7.347423 7.722043 13.300936 1.050598 3.552963 0.440064 5.858195 1.427227 5.549244 1.432622 29.600364 3.088125 0.065853 112.729682 1.349266 1.958686 9.473677 3.920944 10.944056 14.615823 
3.926660 2.939890 0.148043 0.401103 86.832810 0.579816 88.666057 8.592103 1.701549 5.407424 1.458963 5.938662 4.209334 1.845501 80.030949 2.434610 0.615574 18.933439 1.509530 14.950555 4.466513 17.964366 0.167163 0.563356 114.130207 2.890136 2.645919 1.133957 4.250377 8.658596 
0.218826 0.317734 0.183147 2.442598 0.945348 19.104786 1.978945 39.134941 20.038271 1.860259 95.856565 18.239790 7.160734 1.114279 158.779863 665.395342 
2.092749 41.241681 30.091091 258.966475 0.757927 23.472132 2.994968 249.287530 6.008332 2.271233 1.705342 1.705123 3.252194 14.694195 0.333582 3.103360 73.238823 1.367094 1.904276 1.194721 
6.869465 1.582142 18.964629 23.098721 17.591455 0.245526 1.050361 1.721319 194.254128 1.887647 1.455327 6.915423 29.641655 0.449184 25.202706 2.226295 0.309829 
0.038051 0.544334 9.801803 2.170355 0.675144 3.290139 5.749687 46.358662 0.279517 0.872879 3.577900 10.408122 0.387246 2.788254 27.097056 1.804928 0.697446 0.056388 2.866045 16.133435 1.770971 0.418693 6.950673 2.409257 
0.498214 27.357825 0.132924 8.300046 12.895769 25.720518 4.747157 4.947038 13.305395 2.491948 5.005622 5.003608 0.365134 9.395660 264.882383 15.319382 0.505014 8.343600 26.983676 17.535131 0.410727 63.667436 4.526804 32.455033 5.881711 
14.636616 6.115067 44.949165 19.748390 1.836742 1.136267 1.321362 8.706370 1.600635 0.531098 3.996691 16.486110 3.670015 1.208968 2.031419 144.814119 1.236271 0.813034 9.556425 0.647710 1.802239 82.097344 0.548115 37.446530 1.348680 2.744452 4.776307 0.564191 76.967008 
0.347905 159.143294 8.482725 218.287322 4.421881 0.253097 0.970302 0.371167 0.803966 0.766549 11.816813 1.319540 4.122252 7.760727 4.318552 0.285374 3.036085 3.116367 0.294929 26.925242 5.981368 28.432597 1.288542 19.780784 11.302159 3.142129 0.740017 1.662819 0.027357 65.695269 13.266701 3.600975 
1.472674 3.848073 0.696393 0.658243 0.748515 116.558395 649.551140 18.496472 0.117584 10.144128 0.897641 3.936508 458.219728 
0.363839 0.418999 568.006623 2.634200 265.879559 4.061800 732.486408 5.307493 67.469081 0.391883 33.389467 322.433948 0.567406 10.989976 1821.013018 0.978026 0.477335 
3.482449 176.872345 0.387316 80.239276 32.941959 1457.647787 1.545620 0.603096 3.911268 17.839574 1.661846 5.975340 36.035549 
1.033684 108.404184 58.431893 16.325981 17.824274 3.439830 4.494772 3.153433 1.072974 1.602372 83.930209 524.453233 12.014499 2.408405 20.701753 4.540530 1.405816 1.310052 704.934018 76.991739 11.355163 
25.018473 89.565221 0.311231 0.192803 0.618285 3.232220 91.517892 1.472727 52.819860 1.332394 1.911065 130.272559 
0.384989 1.575143 2.727821 144.207310 381.112139 7.715270 40.608429 7.869201 20.473577 1.105598 0.256745 169.027272 95.708375 2.127232 6.901311 26.824561 0.593581 17.289484 0.595322 
0.329743 1.209701 3.667296 26.548677 2.436560 82.762740 13.375522 0.824543 3.504342 2.696225 3.903519 8.939202 2.821345 1.308886 0.320539 1.502398 1.211361 0.983927 1.632063 3.373059 0.612500 0.089602 2.139058 0.704229 59.783907 2.603889 0.188637 1.297165 0.803347 1.168769 0.699222 4.290891 11.950448 2.848563 0.063577 
0.344312 0.883073 1.978959 0.664804 32.951579 1.512658 4.880038 3.580206 138.898209 5.138180 57.739983 1.314309 5.920786 13.250073 4.821638 2.401710 4.123508 52.105256 15.672110 
2.268629 0.158729 0.535487 51.582997 0.985082 0.122554 40.211539 52.176199 1.271602 0.199114 5.387096 3.165447 8.921920 103.331817 63.113844 
2.377775 0.300768 2.973843 69.929485 17.350139 1.047476 0.631230 2.002953 1.608160 8.103042 14.920410 0.098664 55.743401 0.140188 2.699246 
29.449499 6.317173 0.102370 24.430887 5.602162 1.159420 4.405586 44.009147 21.754870 7.555256 0.516514 28.790742 1.722678 1.898379 86.170389 25.408210 0.611047 3.997936 11.996183 88.888587 473.457764 
0.070545 23.157240 104.431687 0.893023 4.472731 0.712816 0.353193 17.700868 1.070290 20.442968 0.844464 2.168395 497.067276 271.683917 2.719168 164.291867 1.144028 7.712520 60.104270 0.534117 0.609841 242.945026 28.185180 2.890515 0.484352 38.411237 0.556909 
0.791240 11.028454 1.612798 5.904721 19.032510 0.326089 1.666845 12.307379 0.907817 1.550704 10.973658 76.519353 3.739411 1.509613 31.278428 3.293395 8.295849 4.907048 2.659554 3.066105 105.397099 15.508371 0.143826 3.433750 1.452835 5.025137 2.037120 
2.002988 2.147246 10.425530 6.127828 2.063395 0.111618 3.558060 7.419513 0.638820 0.598788 6.778320 2.702483 1.027101 4.439610 0.851287 10.765944 11.207238 5.021018 0.668441 0.792557 13.516654 0.868817 9.021862 2.609189 3.343454 5.794885 5.765088 2.447934 0.267178 7.862960 35.725074 0.278326 13.266238 
32.861484 1.216928 0.740552 37.940074 28.607010 0.131540 0.406188 12.913682 15.936581 62.439641 1.335112 3.472174 42.731595 14.458948 105.912555 69.278906 2.287485 27.167039 0.133913 3.094771 
0.129808 19.157459 0.932020 0.780325 2.811841 4.835954 4.947818 2.779854 65.643664 8.328808 33.178184 19.512601 5.369226 0.713129 76.984717 16.207052 0.098961 11.357632 
3.572201 0.739365 7.833729 424.292775 1.668453 2.613511 2.423662 4.802339 1.060532 122.165206 0.709791 68.058669 
40.624864 17.043859 7.418851 1.002803 11.116692 158.389925 0.463839 17.462675 0.563638 3.412834 2.672115 6.055069 4.972298 1.217961 13.394763 2.221088 4.524848 3.187521 12.998355 1.310513 16.388657 6.546571 31.055476 1.825128 8.852920 78.581487 2.430816 1.334870 
0.377650 1.090912 6.127954 0.097300 38.809565 0.310970 39.578154 1.396499 4.098320 7.513674 111.081814 0.214080 64.163204 59.148285 4.206795 1.715928 0.289388 0.818111 0.838746 2.250970 3.257218 3.094200 8.483533 4.936829 
420.637999 1.221190 2.340455 0.472019 0.347351 68.252566 8.896350 4.492918 7.241773 
7.202633 6.057537 187.834805 1.177218 2.408638 10.871000 39.385787 58.529737 1.981522 0.717178 5.274016 5.275264 2.515240 1.492668 4.662989 5.206944 4.885410 7.134482 6.022777 3.256656 8.013926 3.559315 
2.108582 0.160515 1.194644 0.967693 0.947385 98.411683 2.175226 23.505229 31.724185 15.148361 4.340737 0.646210 17.758229 2.681740 17.340987 2.108571 39.279479 18.163234 15.012076 8.185874 1.693157 14.755740 5.305877 9.176407 25.848033 1.167604 
24.191863 1.260662 9.337865 0.666889 5.264739 2.289828 7.979346 40.548352 3.987862 0.709739 38.307898 0.128982 0.800206 1.320986 0.810422 1.018994 6.911424 
3.502290 126.371913 0.582740 0.637629 14.417777 0.643889 266.457963 2.897978 10.436288 100.508647 0.194458 35.477619 0.770564 1.006343 0.904578 1.507246 0.159396 55.150963 12.690059 8.390345 1.467020 0.233904 351.476668 0.838217 0.291989 46.314132 
32.284800 2.234692 5.916809 39.675694 4.343557 72.518831 4.717768 2.172177 0.213268 0.649593 0.242650 0.624866 0.932121 128.875328 28.059330 3.013859 11.819280 1.536296 0.055093 4.754198 3.102221 19.021362 
0.880406 95.064886 0.060873 1.167470 0.721443 58.513373 7.524381 3.409065 0.472699 0.442948 2.634065 0.172994 2.729943 1.443056 0.397751 0.431059 1.977468 2.187285 
45.753234 12.965624 5.264023 0.527518 0.724446 2.168735 0.604686 54.866942 105.757527 0.299464 31.902667 0.134376 2.749820 4.878022 1.729290 1.456088 37.149161 12.131669 0.756967 12.498893 0.368569 1.614890 1.160056 6.757441 3.604062 1.277654 35.996846 4.174975 0.189074 0.089326 0.669087 0.768804 1.720549 1.357286 
24.507102 0.692215 0.785359 1496.505110 0.542947 7.753963 2.790464 27.681317 14.182047 500.819396 28.492368 1538.803334 1.022774 144.949825 16.245835 139.445785 3.659196 75.120638 
0.161125 29.415310 0.128854 0.084822 2.982300 54.333979 3.872039 17.178906 11.812448 28.253852 4.299500 0.393021 185.185278 1.064967 0.200473 0.293632 0.820632 0.315344 8.761393 1.459261 9.591485 
0.733340 0.587696 2.577362 117.914667 0.153696 0.485838 54.184843 7.669136 46.574895 10.967823 3.985021 7.327188 14.986318 79.866097 81.529060 0.602083 1.993755 0.313355 4.421766 0.310588 2.225476 0.167778 2.814906 
40.727153 20.390029 0.380821 40.397578 1.512681 13.137944 1.090901 6.186719 1.123853 151.201516 6.949897 6.585689 0.422070 3.892339 2.036158 0.708819 0.148547 36.964816 42.096188 0.479894 0.403445 2.633985 18.065245 323.411021 2.634500 1.154590 20.283109 10.468992 88.377459 16.962951 0.110125 
23.514140 15.350349 1.010660 2.072291 5.153766 0.058472 1.213661 14.586038 0.491339 2.493206 2.970289 1.728024 9.340174 
0.393335 26.187994 3.058072 0.628892 1.345735 5.949259 7.693159 3.184741 6.332796 52.601036 0.317730 1.653367 7.818096 0.089609 0.171768 263.448208 0.070386 4.159350 11.585290 3.215342 14.957428 0.147080 3.108439 15.586606 30.317281 0.548514 5.113209 5.321926 57.320831 2.527292 70.824837 0.759474 0.239187 3.923792 1.234806 6.272906 
46.637841 2.387521 2.289253 6.896333 4.592825 7.507895 6.455078 108.004493 10.659445 0.979558 10.179699 0.221597 4.039202 0.118929 137.399320 0.469870 0.891071 9.663174 
0.666318 0.531123 4.289549 20.243796 3.592332 2.298664 0.434979 4.233310 0.393514 3.408718 9.863541 2.403427 0.534687 1.060833 0.077440 2.522677 18.489549 0.497964 
4.999869 21.123597 1.437991 2.330885 0.511881 7.400660 1.152330 48.598923 2.165949 2.076571 58.612200 37.128235 0.545388 10.793517 4.252406 3.247053 1.364599 0.133319 114.344413 67.445804 34.205534 7.343962 6.982623 68.022844 1.996178 3.207118 0.945242 14.113716 0.510406 9.058372 2.958445 14.323228 4.271556 3.590820 0.592897 4.161236 52.275212 0.462683 184.911379 
0.376528 420.770796 8.065524 172.453510 7.455987 0.233444 24.237451 6.545579 4.343060 454.116102 2.565523 2.165884 0.341206 16.234585 47.145199 11.580628 2.023700 0.620857 3.399219 0.431870 10.791125 1.890382 4.922057 1.129808 1.437914 1335.816356 423.109783 
1.221712 0.262476 0.026402 3.907716 0.040512 0.615432 50.972949 38.963034 5.920009 4.837483 6.628503 4.705759 2.234542 0.186005 32.768867 0.346971 0.822538 1.155604 5.391240 
0.991059 2.897775 0.352297 4.220649 2.572577 12.533465 0.312878 0.982655 0.522847 0.448165 0.094498 0.567755 3.086758 1.573577 0.433930 5.666451 67.735404 24.799100 
0.460585 0.469712 18.346339 26.510965 9.202757 6.814471 0.926027 0.278612 2.288327 1.990181 0.614502 2.096690 8.930677 
0.669912 11.442002 178.454528 0.333191 19.118666 19.209311 2.720048 0.297834 2.722024 48.751634 24.830527 222.176073 2.485451 2.585515 0.440674 143.190463 
2.588774 5.850250 0.437638 44.680764 5.603440 284.924155 1.683767 0.543423 0.261232 0.467055 33.637645 33.674998 9.236679 13.664293 48.274950 22.810692 0.972939 0.248018 5.265214 200.490209 6.874333 5.639546 0.115834 0.456298 3.497327 0.381041 0.146011 6.632396 0.194373 0.536528 
1.409842 80.740515 0.218015 1.043047 0.216687 0.451557 11.408529 1.034312 5.990958 64.021062 0.510839 6.474970 2.795467 2.329688 1.006085 79.014419 7.482485 
0.383111 0.721093 0.364350 0.771356 1.783678 51.680025 4.880557 0.345782 0.623639 0.176644 0.242480 1.502138 23.435656 36.959274 0.313498 14.510157 56.736572 2.355773 76.508005 50.795424 1.633353 10.308460 58.719307 
45.780041 9.285269 0.319610 0.814500 2.916918 6.421783 0.574082 44.758718 16.002142 5.345126 81.884046 6.091499 11.878635 26.047244 1.678367 4.825087 1.602895 5.303164 4.802412 0.087102 0.699565 0.453477 0.265462 16.217963 0.684629 0.174345 0.028453 0.315417 3.023781 0.228964 17.082797 68.742750 0.466349 0.395358 8.471987 13.253357 24.722827 0.236913 0.662437 0.861621 
48.215064 56.388985 0.536846 112.002981 3.640157 17.519402 3.325736 53.147109 7.494481 15.604217 0.358441 12.279484 6.887524 64.227850 21.540637 3.519443 0.549453 53.086842 807.447057 1.673937 
2.215752 338.290331 190.413133 698.736827 2.954693 0.758325 24.971527 0.723341 2.483392 7.609408 17.445603 0.585058 146.862927 399.996590 0.668023 1.988564 
0.808336 1.718182 56.327098 2.260264 1.966356 1.130058 298.429234 280.235874 1.623884 0.420778 1.381229 6.198577 2.469226 1.590560 8.527029 14.779264 1.886992 269.909658 6.565930 7.228866 0.541855 1.121592 14.708529 
146.687319 5.938689 0.445545 11.480972 1.683544 29.456144 1.563523 8.403374 49.343036 169.368079 2.000506 1.900202 5.107681 74.447086 
1.091697 0.232056 0.330805 2.202528 3.882556 11.238703 33.313835 1.309984 0.350275 5.338559 28.727496 349.953458 5.513003 2.506469 15.670408 2.258413 14.828350 96.727102 22.697802 70.833007 1.877958 0.220351 1.024700 
1.424647 436.965377 32.592531 71.820854 3.935280 5.944266 387.949919 0.485102 0.920654 21.305170 1.579010 0.552456 
21.020834 6.542195 0.158960 0.166863 0.238778 0.225117 2.207159 25.660204 1.466953 3.032766 0.213526 2.756150 47.912458 1.865913 10.052389 0.572215 6.081779 1.227097 0.753709 25.544874 40.386159 17.777502 
2.265528 1.221566 18.051763 336.927969 16.172956 59.559073 7.502132 76.727426 0.126012 0.714434 0.171251 6.132184 0.526210 0.121011 1.253653 1.756439 0.306444 0.723694 14.101852 6.113908 5.997213 0.101304 2.343818 15.154370 4.931472 1.178727 48.340991 0.203536 
70.219353 8.661794 0.932712 14.035292 2.543608 4.175847 3.945992 0.945365 0.295799 1.994829 9.063954 20.110435 
0.595976 4.924178 6.568003 48.068849 78.611932 0.766334 6.346150 11.701857 7.223564 2.973100 3.303779 
2.920805 51.841564 0.670512 2.154477 1.015378 14.668760 0.730456 30.914976 18.273325 0.661564 0.323822 12.570233 7.239201 75.235242 34.628154 6.905677 31.698835 33.296055 3.801344 31.662842 75.975256 6.140051 11.729429 0.253922 38.776406 
6.569091 532.227595 53.579942 0.854455 0.827847 12.642087 3.243881 1.526972 8.108741 9.204074 0.772019 6.580844 64.134392 0.172884 1.036780 43.635262 0.214774 5.782292 3.386290 2.467502 50.958156 5.436853 0.328369 41.418838 125.019644 0.175404 16.534880 0.175114 7.666115 3.759011 320.429316 0.912649 
74.429218 0.213028 134.659423 0.997424 3.747441 8.425561 1.763046 18.559320 5.602108 1.111272 0.754285 1.651870 0.077654 0.210443 0.496160 11.486778 0.492854 7.426413 4.486362 0.523791 27.446087 3.240461 45.404506 73.330610 273.266501 4.190782 0.216121 4.077165 
2.570815 53.989630 1.787771 31.926858 109.300318 8.735467 14.230835 0.153594 4.375513 8.886326 0.547004 44.862807 3.624835 22.048910 0.872336 0.459538 10.906299 0.973839 0.112086 0.688985 0.422174 13.521232 4.168145 1.160678 3.048980 2.187523 0.669067 6.061413 6.756214 0.904859 4.979479 7.681710 3.225442 
1.616524 0.222595 259.992682 490.616193 4.132240 0.153986 13.752204 0.374347 2.941385 3.367104 2.959497 133.076603 5.736624 904.462602 5.932384 74.065677 85.839973 4.515216 
3.129629 0.832858 4.528246 32.838895 28.832568 0.135165 45.243491 1.144299 35.870085 0.087257 6.600241 6.041744 2.941402 9.129801 
5.304087 1.824665 1.425547 3.337767 10.872131 16.609699 11.628545 1.721796 1.419488 3.490603 18.059982 60.169229 0.271840 0.208592 2.540866 3.081305 0.313004 0.523782 2.541132 3.031929 31.961386 0.491711 24.176263 1.530613 0.461197 1.914873 7.927636 0.589385 15.808487 0.418093 
8.331503 1.166600 4.215371 6.508548 19.144156 32.304365 1.153849 0.232884 21.334009 0.578466 0.475784 465.530203 1.178884 55.039227 3.001817 24.796098 5.923095 11.543986 39.142499 2.436041 70.228098 7.909068 
0.830295 1.336779 28.355690 52.493435 4.140253 94.883844 75.716345 0.378986 1.115525 106.743922 6.327636 1.281933 0.053425 0.763731 144.929006 21.831639 1.977492 1.166466 5.235014 2.231157 0.788670 3.058900 16.487341 16.118740 1.379225 0.492896 0.264166 1.350706 2.197360 
0.271351 356.532779 2.870704 2.421954 0.626874 5.258943 30.731453 0.551000 83.921646 0.109855 2.838774 7.665301 1.307532 1.276714 41.017426 2.998771 1.973583 670.955419 
43.250065 0.399137 0.718781 24.634946 0.423780 6.530417 246.515707 592.131714 84.085636 4.304856 355.535291 5.647877 33.550069 16.107730 2.661625 58.011686 8.588699 4.555921 9.108230 0.755850 295.550979 115.881984 
1.507129 5.884025 0.494840 91.276923 2.992034 6.397584 10.617834 1.952234 0.296588 18.228972 0.084604 2.416352 29.473984 0.366234 3.374541 4.921067 3.210781 0.523483 1.351810 0.048773 1.858098 41.932016 
6.557503 2.371944 0.525028 11.623020 0.394982 0.470973 1.717810 38.378406 7.403896 31.928423 7.170556 2.126816 9.248832 0.896644 2.450978 0.434547 0.106789 1.485894 24.958823 2.992090 24.029911 4.174021 0.559159 1.413371 7.503732 11.367756 0.191930 1.337612 2.023535 0.233762 0.675208 3.597801 0.106532 
58.818723 2.950113 0.338759 0.280425 0.597541 18.331168 1.986751 2.390239 401.483033 54.854009 345.387232 3.200599 3.974568 63.158551 3.524716 0.587968 
8.616787 0.425197 203.719712 0.696157 2.110247 101.369538 9.447921 14.572039 150.820862 24.376568 13.813394 1.801698 6.050671 2.346396 
3.778963 1.822776 1.916937 10.240429 193.490870 207.944087 5.552427 53.762734 22.125022 1.400145 1.883283 5.218986 1.664395 642.042574 0.596897 0.236422 34.300016 32.083793 0.322294 2.591238 3.669284 392.097667 0.266440 5.146846 74.367984 
0.524103 2.383034 4.021196 5.629769 0.784541 38.798495 13.819525 3.057720 0.482271 12.655409 5.966690 1.955184 26.434474 124.129504 2.066784 21.966492 5.520489 23.182984 
157.854231 24.614301 178.935464 0.397205 8.223303 15.065209 33.216913 0.110702 26.758843 188.074717 0.191502 1.891993 6.766033 1.366610 62.641767 0.320590 2.202228 0.788440 0.981232 
3.374326 1.322252 3.364488 0.362473 65.911395 5.877760 4.167892 63.645038 0.561533 0.418185 0.237501 1.562158 231.127895 2.541440 214.612418 216.129734 3.822563 6.607090 78.780710 4.058159 19.574338 3.177061 1.351024 10.360937 0.868261 0.354957 0.943899 68.771156 3.956558 3.705116 
1.023124 17.897274 16.510942 0.267539 0.183844 0.283049 339.494226 0.717257 65.625945 32.442270 7.647088 0.140597 1.205312 2.068495 26.576415 18.737178 23.537735 4.078772 0.276360 9.775418 17.721860 23.506585 2.617265 4.093653 89.033246 1.717667 2.658913 
0.709862 0.260544 153.512962 1.428399 0.785790 8.837021 2.356000 2.026476 3.884649 142.654230 7.562477 13.305183 1.681301 12.436031 6.675557 0.535216 7.116372 0.831866 1.601225 0.253121 1.756145 0.767938 89.907016 6.602873 0.657835 1.492346 1.079644 1.780243 2.160719 1.883023 0.850832 0.955600 3.414351 1.258046 4.890411 
1.061646 0.875315 60.019088 0.382910 39.105787 10.084764 17.679913 0.083796 36.375443 0.829987 123.800728 0.629356 0.210975 5.989011 163.558414 225.786046 1.947340 8.835605 
1.075617 110.101824 1.204338 2.528864 8.889689 102.519010 0.753634 3.094380 95.035018 10.217468 0.127390 82.164586 9.906791 0.280040 14.546498 0.929369 0.518116 1.731331 2.450170 9.413583 1.165951 1.831439 1.482608 0.103467 5.724053 2.587948 6.774422 0.387430 0.177235 
43.210305 283.742627 177.833190 2.962976 0.727961 1.653742 2.568037 71.709515 1.885554 23.794171 8.263973 1.104040 3.006577 0.201349 0.433497 10.534006 3.818469 24.957899 0.458261 0.391357 26.096371 31.290159 5.582352 1.483056 0.100428 7.854955 7.105550 
0.060949 1.208837 14.187025 0.286134 1.957827 0.526575 0.744369 0.952153 2.723319 1.010518 0.218735 0.239849 0.472763 0.886852 2.124937 2.127981 0.649007 10.654559 1.802890 11.404080 
96.816608 0.470743 1.687781 2.567184 0.514701 12.493736 36.222044 22.576406 0.811975 3.642565 0.027399 1.181044 0.285055 0.206664 0.206254 3.363579 7.684454 2.059435 136.653759 0.498349 0.226473 0.247927 28.594943 0.041653 
2.234166 1154.516374 46.448692 1.420959 0.755649 13.789633 0.649320 65.584142 2.753859 0.323583 219.090248 1.110072 17.096210 2.232325 50.558060 96.539388 0.903386 55.787605 
42.314090 20.366840 0.787160 0.989289 0.704889 52.004614 0.303825 19.640356 43.162283 2.812192 50.864108 0.171665 6.374650 0.591813 11.797639 61.780727 1.605415 8.508764 0.373427 37.470207 1.604428 239.603061 54.244519 5.032577 0.058327 1.686660 2.176767 2.541259 5.899717 7.965365 1.057907 162.643215 29.685178 0.338296 30.318248 
36.296851 26.537612 1.953086 3.595519 35.847653 0.403839 14.509803 1.968436 11.090068 1.144501 12.374967 3.794930 302.096685 43.509123 1.144878 12.107503 13.793110 0.110420 
1.476271 70.952774 0.299786 4.084901 2.600159 3.721629 0.667408 0.706670 0.811350 51.448020 91.014728 2.069436 284.634728 0.237974 6.649387 8.991885 6.483909 145.705868 3.555113 0.189545 
38.030630 5.049217 0.454537 0.664876 29.579975 4.544255 10.747318 2.753042 7.310533 2.632383 2.611994 0.266051 4.983813 3.576737 5.965558 1.412937 1.385567 1.377050 9.312632 2.665639 41.402301 1.769219 30.683957 17.092439 0.576073 3.536449 4.982968 
24.085674 55.200816 10.399615 0.266004 1.282672 0.746863 1.846573 0.405857 96.567344 203.851943 2.628818 2.522466 116.031112 
271.826346 0.751963 0.253658 0.214004 0.356486 155.120588 1.182032 26.392451 56.538863 6.520036 5.498102 5.990708 285.937601 9.779861 5.589680 61.462205 25.930826 1.457246 0.182034 0.157723 25.335008 0.886774 0.349239 3.438269 43.875624 0.551398 52.368296 10.863462 0.663796 
2.015519 7.526607 371.034922 0.602423 206.478562 1.112327 124.519947 7.975429 5.800507 0.430950 2.237506 21.563484 2.451264 8.547304 610.403938 
7.580304 1.093208 5.509673 9.033211 3.458007 0.248231 1.375313 0.656759 40.144005 3.486490 44.089212 6.806061 2.825347 4.837082 3.485191 2.851774 10.665441 1.106680 0.245947 
0.558009 3.932685 4.504540 0.482693 8.645473 1.573358 9.908263 1.368357 0.489939 47.270759 1.202770 1.610875 3.311886 0.729250 0.505144 4.102726 1.231042 42.699835 52.440828 11.614503 125.009362 0.495528 1.387846 
1.262157 4.654727 12.697179 2.109366 1.207499 0.336732 0.513812 1.809268 3.455971 2.053451 7.678539 0.716103 0.671873 15.941712 2.262871 0.314876 0.844201 2.440633 1.501794 24.833179 2.148265 10.410760 1.140359 
73.640416 5.604870 1.325231 1.450148 3.277428 0.095512 3.560591 1.620224 14.463562 56.419541 0.150126 67.209665 20.718986 226.729312 15.987272 0.386339 10.516490 8.631027 20.943539 1.449201 4.150950 0.591307 7.362841 0.639708 6.871779 8.735351 10.995491 0.932689 2.615030 0.373716 
1.922474 513.875757 6.042511 1.170795 0.810997 2.977002 5.073610 33.456355 4.418132 12.893851 2.196611 0.150889 14.173258 5.267130 22.841823 3.825697 0.289113 2.179555 
0.090146 10.560306 30.352528 9.449991 3.084679 106.411127 5.557993 21.806239 2.828990 1.747119 0.360300 0.488120 0.427195 3.054290 6.070587 7.397697 0.404612 54.180649 1.978005 107.301935 0.736967 1.262466 0.208865 2.646389 2.460831 
5.691929 0.779067 16.992379 4.257706 10.201413 143.219267 22.691144 0.346539 7.554345 2.037338 0.547264 2.646391 10.862225 120.573209 1.627498 15.779574 1.099977 0.268133 0.066902 3.976810 
4.383200 20.730445 0.650993 1.034643 0.899315 0.699622 0.243773 0.697768 1.654519 520.716898 3.703149 9.975106 27.663372 58.921995 44.115356 35.832827 49.457289 13.521614 
13.226465 62.488666 25.310799 122.411305 134.034380 122.275601 25.239046 12.366844 2.282468 0.859096 4.240743 0.737040 0.121885 21.825334 10.061336 0.617718 3.795790 
0.142894 37.672766 9.750485 30.617822 1.916870 0.157773 5.509824 0.989523 2.602869 4.868952 74.533033 0.343049 0.258731 33.578320 8.611653 91.605265 0.320736 0.038185 8.653199 0.083810 0.397941 0.564062 1.205313 18.334169 2.349498 18.540893 9.117343 1.027162 1.208564 2.417781 
29.423300 0.068197 0.336309 71.698196 265.429596 136.838175 0.559766 89.924737 0.413581 0.123650 3.933832 1.690373 9.551105 1.562996 4.924059 144.003164 1.571965 40.965984 1.688409 1.545161 
3.183370 174.782952 1.479924 0.344647 7.740517 0.650339 19.976882 204.379441 1.350128 4.494973 6.135958 9.930702 0.350030 5.752637 2.049736 211.485245 22.573436 29.526204 345.724974 15.547863 2.881665 51.698359 18.464520 2.757013 5.489570 5.810971 4.821763 18.263497 0.580176 
32.207123 0.523136 1.048338 1.575616 3.581022 16.182466 28.922296 18.395854 3.265122 8.108607 4.819928 2.957534 1.050977 7.196300 0.273389 0.485792 0.029672 1.387683 17.397189 0.222158 6.672207 1.446992 
0.220146 2.125815 2.416730 2.258232 0.462731 50.731936 0.471655 4.674883 35.105131 0.716744 84.897670 0.506872 
2.118842 0.536692 1.465001 1.174946 0.417996 8.662556 0.072831 14.861126 0.683689 4.032502 6.173508 3.980728 0.100572 1.691519 1.537666 0.010409 10.828618 0.968642 0.965928 0.418797 2.151239 1.201779 0.596671 7.970656 18.460401 3.634455 
11.575811 71.625449 0.437878 555.215753 0.084227 4.435834 0.378455 106.842088 1.218511 0.087868 453.497777 0.217615 20.652321 0.087127 0.199290 3.021723 0.387342 19.506853 53.044078 8.546826 1.617227 139.241361 181.969011 0.819457 37.227455 14.701043 32.214231 25.092629 14.619566 
96.199243 3.972928 6.660668 4.644107 0.948450 185.607407 8.645760 15.952760 8.139855 0.635693 0.056872 0.155086 0.824539 0.408225 24.844450 8.473887 192.301922 0.201499 0.258741 18.830592 2.905175 39.618830 2.248341 
182.406031 2.916437 500.056373 21.057391 10.300621 833.310650 0.237253 390.792995 0.417310 5.497500 7.440580 3.657652 11.947409 64.770248 66.187796 0.226208 10.380762 
0.058898 1.467231 67.884544 17.847551 1.168620 3.023169 36.456089 10.983820 1.743753 4.489192 2.090456 1.123224 0.308887 4.617714 0.830762 0.133767 0.038517 6.386762 52.810819 4.455077 1.554364 5.933386 
3.926346 3.778702 5.071165 1.414651 5.003287 0.630157 1.081828 1.543977 5.255628 31.715377 5.074563 17.172177 1.495288 17.612892 8.252457 2.709241 1.436794 5.210768 26.951576 4.767377 6.139152 1.032621 1.091655 2.060809 
0.427176 522.807045 2.316624 205.209821 25.774158 0.319049 1.117884 137.684601 9.844983 24.877839 0.372171 122.164192 0.618064 60.636985 0.212905 4.027637 2.683598 5.727709 177.030390 3.771046 30.030916 
15.601788 204.950033 0.096598 6.805651 6.332355 0.083571 0.752254 0.758244 50.430163 2.164137 10.007539 225.681987 12.697886 0.190002 1.167423 14.877914 135.616252 1.437710 1.959037 71.580660 26.051153 13.381187 3.567811 18.048740 0.778403 0.466757 15.781364 0.828211 0.560590 17.958151 3.504996 3.225199 0.847258 1.686105 0.902422 6.910315 56.317990 0.390435 120.527613 0.138349 274.601371 4.154207 38.218358 5.229403 
0.547375 9.899735 4.363087 6.423085 8.815645 3.160833 7.475344 9.635281 12.612383 0.264921 0.099562 0.540319 20.656119 1.021211 0.637915 0.547201 0.121677 2.690371 0.016574 3.553683 0.503273 24.117442 2.203945 2.442961 101.871415 0.636066 1.505372 2.107522 31.735128 
3.674357 2.667016 10.916315 212.439783 3.267993 1.389095 4.433954 0.286854 8.752295 0.468541 19.738013 52.529258 8.144995 1.658597 2.076109 11.022113 0.339414 7.668701 48.020834 71.138713 6.749168 2.030893 25.438281 0.443181 
2.076436 1.087374 0.617169 0.647113 5.807286 6.954260 0.475071 0.973457 3.231726 3.693991 2.130295 39.328311 1.949912 15.430122 11.292492 2.023002 0.074312 18.226003 5.615103 2.379597 4.200412 8.421722 
0.482045 2.405834 3.977602 0.214334 0.486394 277.648315 2.285773 2.374993 21.876401 1.891412 5.505063 4.143645 39.622352 
0.314963 4.770611 246.419634 33.376711 9.149762 2.527117 0.484046 1.292423 2.480979 165.720152 63.176972 10.257862 69.736708 4.082392 3.639007 42.448985 
0.185399 1.322131 56.723168 10.084121 180.226541 1.854987 6.213828 5.390427 151.398097 3.089240 0.134453 27.572486 7.736010 8.454758 1.367965 2.209508 23.696221 126.310021 
0.040968 2.597273 21.064970 17.773517 0.767165 0.806704 1.510581 0.225332 1.992963 23.553513 5.269860 11.066762 10.592310 0.233528 2.496792 11.712265 1.335319 14.675315 0.486129 1.206170 0.288281 9.725915 2.059516 7.424113 10.885621 2.456708 5.965562 4.054473 0.192195 
1.403954 2.249432 1.312012 16.907896 4.626562 0.040603 1.217124 2.807651 2.474697 0.641577 4.398031 125.134369 11.448897 0.298783 9.129422 0.301346 4.847547 0.219433 7.485393 5.503079 0.530373 17.684782 174.858390 10.963707 1.783097 1.090036 0.739397 0.558116 0.235458 0.194194 0.209688 7.960188 0.598354 7.112452 0.541757 11.533004 12.245371 0.433200 1.021223 0.081080 44.681651 0.230240 2.322809 
3.809115 881.214129 2.564946 83.033643 65.273185 17.718056 540.000441 216.372905 0.139523 6.088430 5.183160 0.764624 488.769044 4.924746 125.192313 0.609856 0.269952 57.329833 167.618718 28.379199 12.861499 35.376503 113.713557 0.669269 78.972412 46.028086 253.452439 0.611231 
45.168709 2.162457 0.949749 5.039021 5.483570 8.286746 0.545049 73.219408 3.131101 0.852157 1.136767 2.640189 1.160170 5.776540 2.612199 120.570456 1.012051 
33.370833 0.582615 2.138973 3.990300 22.962567 1.734902 10.474997 0.252057 4.176773 16.604881 1.436923 0.159372 0.481012 0.104423 0.571667 7.051068 8.714725 2.946688 3.022591 7.077557 1.866896 2.004168 
9.515821 0.827013 0.400943 62.431546 17.686103 0.648238 13.453600 0.617497 5.246910 2.419890 1.674274 0.652430 0.033747 234.386434 0.710134 44.834791 3.450237 13.188299 8.041163 4.827501 5.381357 0.761280 1.039220 1.279617 1.954704 0.077873 29.200919 0.937394 49.609729 
144.382861 0.197822 1.910960 0.216980 33.296540 111.697867 0.307135 12.601823 56.774671 27.639656 0.783169 4.062386 5.276277 0.404516 3.942556 10.516134 5.110141 4.251384 1.119946 10.868714 31.807488 2.242174 97.146684 91.099187 0.575402 1.132737 282.771843 1.074961 0.633994 1.479682 0.904103 17.978842 94.492097 0.147831 0.185553 1.183831 1.310663 61.985904 
84.129148 7.045355 40.166351 13.531719 5.644929 310.904739 25.400759 0.253198 13.763098 9.318621 0.234496 2.159294 102.931919 61.628589 0.486954 1.349892 0.543813 0.270605 9.914565 53.268361 0.333465 
1.453002 0.241803 106.283603 1.006761 0.163414 12.230271 0.099256 15.028281 0.064462 2.745567 12.518316 8.563701 0.922297 1.585073 12.801783 5.911581 21.489812 
2.600873 4.261257 11.227773 0.603154 7.041645 0.695841 11.843931 4.791095 4.037374 23.920649 2.666794 0.570315 0.379974 2.615405 3.279037 15.984589 6.645941 
1.876425 0.326539 2.417699 8.133577 0.733157 152.186054 0.224401 81.263482 18.598829 250.942365 102.368659 5.289314 
5.582945 6.561850 0.212096 6.316898 0.190994 0.129322 21.529504 31.395234 214.399160 1.396398 42.956205 3.755449 0.860353 1.877064 0.539431 0.340954 0.547367 2.154516 3.205081 21.903525 8.889243 
0.932151 4.387702 1.983650 12.346255 0.559107 2.947446 7.456067 3.438995 0.139246 5.949902 10.590255 1.421510 33.605776 4.794636 0.650208 0.858042 5.173073 3.247926 0.756590 4.111324 
0.251058 1.057859 3.938314 0.956658 1.737170 2.677782 2.732215 2.421156 3.552877 1.426576 2.223984 0.610638 4.210177 4.630917 6.496428 0.885040 0.993905 0.241324 
6.940592 3.086803 14.039688 1.595320 7.130093 165.439015 0.069530 0.554556 0.329134 2.538815 0.439332 0.362280 0.650917 1.043578 96.869626 5.733353 145.834063 11.720471 76.214033 1.747567 
1.951088 7.923041 0.683675 133.908921 0.415413 12.150208 123.905295 0.372280 152.609379 1.342418 6.506590 0.732077 0.278182 1.339693 2.634734 5.183330 7.170449 16.046017 1.506529 16.219064 2.697675 0.284851 94.582781 4.487585 2.791270 23.969418 
0.964522 0.541648 2.572357 3.746532 1.756182 0.982914 3.134929 9.192242 4.010079 0.268394 3.373748 9.093218 84.596558 7.096115 0.448067 2.033938 7.467962 4.258634 4.187327 8.244604 6.546935 9.843084 9.150487 0.320864 8.099994 3.201277 1.457378 16.587101 3.553305 0.356317 6.150886 4.564446 0.287218 1.229595 29.197192 0.545144 0.874590 1.212963 1.969174 2.368981 1.954533 
7.305934 0.251185 14.168453 18.389883 1.453371 3.940359 3.316872 0.453791 227.648942 53.574068 4.231017 0.623455 9.571979 0.552558 84.732573 1.945913 2.072825 
3.456304 0.930956 0.764985 105.387538 0.179481 24.908556 89.339879 2.101463 4.088438 0.104894 22.944687 1.946965 3.680650 0.361620 45.767206 
2.536208 4.218829 0.514873 0.702228 2.886587 1.626233 3.063253 7.748516 0.594247 1.115924 2.129650 0.648083 1.265361 0.695830 3.485489 0.082994 56.474646 3.064389 4.576254 0.974812 3.480278 0.884450 1.210440 
1.313460 41.890774 1.573348 0.275475 19.025021 17.791403 5.135180 22.195791 6.888713 6.273822 23.547603 16.211003 174.818184 1.208761 2.768547 1.209366 0.902782 0.227428 24.438985 10.081780 1.338370 24.260934 9.951367 10.077043 99.286721 1.018334 2.663451 1.093010 4.214393 0.051650 5.480978 191.609393 0.911239 0.240008 2.573486 3.438409 44.440528 0.675291 
5.317498 0.353458 32.330923 21.620788 0.451523 16.534798 2.287856 0.285450 3.441033 4.882917 6.231342 5.598970 
31.802384 0.378798 1.175618 0.643534 499.408453 0.183224 113.309133 0.234143 48.230186 1.180992 5.868594 89.240977 0.979530 2.598866 9.477346 7.338591 3.347072 6.760956 8.364175 0.250227 285.227505 
85.739788 26.499888 0.265592 13.852279 116.244209 2.654234 2.044261 1.011433 11.340503 10.287370 0.791949 0.708042 3.682193 2.954676 4.256906 10.313996 3.793082 1.406952 93.316795 19.115353 4.630688 47.885849 2.401604 74.689693 41.647862 
7.990073 6.893975 11.072032 3.863508 0.856539 0.474494 6.484315 2.109863 4.585096 5.514350 0.896881 0.494543 18.869290 0.739977 0.386482 
76.600007 11.665733 19.481674 105.604798 168.466411 40.466689 44.039166 279.577497 43.487058 8.782980 3.280760 3.425145 1.155007 2.323760 1.166199 0.148763 138.117914 0.424083 29.086314 10.367075 0.913266 86.383057 0.091203 1.822700 8.731390 0.871730 17.769772 6.495142 
1.119949 0.515931 28.186212 4.184588 1.512471 0.229926 2.606592 2.050023 1.049731 1.429948 0.887231 33.793617 
1.672537 177.587734 34.003539 4.762692 0.313594 101.396303 15.012304 8.914301 3.177253 1.089674 8.870775 0.146413 0.365602 2.822638 37.177809 6.481161 
0.059595 0.122213 6.653221 1.216790 117.535611 36.271950 3.342627 71.929489 0.733290 2.625898 29.082502 25.044565 0.277273 152.572428 0.705648 2.460410 1.701130 57.386388 6.174555 7.667582 0.158184 1.265744 33.660940 37.175598 0.208720 1.458813 1.082463 1.685083 
6.540773 57.878540 50.636070 0.271589 48.153515 7.370275 0.125927 6.505291 6.382777 2.674344 9.665978 15.766292 6.389940 14.336709 0.454140 1.288228 3.746939 0.268479 0.350500 1.301492 703.979441 428.760402 30.363413 25.621461 539.222441 3.172408 
6.981818 0.425453 0.318538 5.592751 5.476686 3.077231 7.881234 1.213522 0.234152 59.120795 3.587633 0.677858 2.019674 0.868404 2.739170 0.210025 1.583922 29.518384 
1.901452 90.099069 0.213905 0.292170 19.868236 0.332658 9.056886 0.843818 24.452211 43.776866 2.817495 4.860213 0.768747 23.020305 60.118909 53.994266 1.216542 1.496154 0.858641 4.753586 197.435924 1.352492 13.501413 617.818982 
2.849720 4.458689 2.715157 29.799515 1.365638 0.539347 21.375169 2.027073 7.519093 0.707450 3.355323 1.924249 5.545238 21.786249 1.694291 2.051480 1.537653 2.083217 1.668925 2.486876 
16.807488 0.808949 13.558344 23.320651 5.366112 76.024955 10.500714 3.490268 1.047428 2.004666 30.394580 73.457366 6.177171 16.156787 101.659605 1.164676 74.863524 90.932842 10.482588 30.587037 3.031340 1516.086202 0.557583 175.001289 0.843520 
151.402288 7.351245 1.701147 7.437266 0.949285 3.619424 0.405061 3.058703 1.876505 0.885788 28.758502 
1.037362 0.405547 1.565055 0.576243 0.867431 0.435672 2.635286 0.713120 1.683089 0.833826 1.504688 1.545755 4.396589 1.561942 7.778402 0.421312 0.317824 3.467474 0.531064 1.934367 3.506914 2.666846 6.965772 12.630895 2.887352 0.259324 
0.528840 7.987002 3.861936 5.081264 4.935987 0.507369 11.398882 0.583273 1.495607 0.102813 1.672119 13.755645 105.519935 96.137119 10.009641 4.228827 199.507847 39.038113 3.166411 0.548491 59.980952 1.006534 
3.692370 5.106242 4.825994 1.976306 1.695149 6.514929 1.223885 2.316054 11.584630 10.556538 1.055118 0.122169 13.992368 0.527941 4.356000 5.857891 1.899096 8.441681 12.343600 
2.738963 50.333923 23.231511 0.272073 4.256115 9.001579 2.488581 44.245646 0.925841 2.660401 16.830336 1.044008 0.262648 240.688520 16.227506 0.411808 152.514978 1.593957 72.795754 8.236833 1.248489 0.781062 2.783127 184.517904 137.164939 0.364228 
0.486870 7.864710 28.334819 4.402658 0.186877 0.093189 0.084418 6.876302 1.431420 50.978720 0.481115 27.177676 21.140937 0.075326 1.346669 5.551061 0.310802 1.590969 0.359351 6.876594 0.649034 1.344217 0.105746 40.448158 23.402623 
32.223043 2.939153 11.327342 0.547512 4.931586 3.048904 3.474742 3.340106 0.803825 139.144150 0.522362 141.199461 1.015452 2.504595 0.073340 0.526306 2.156242 36.373333 1.044364 
3.295656 0.164929 23.259817 0.786918 35.360481 4.283421 112.091765 0.886608 3.612496 0.360912 1.236000 0.720069 22.724425 20.388178 
29.015855 28.023425 0.087364 292.528722 9.704599 0.213553 0.741839 0.264400 8.693984 1.308395 142.597836 17.193392 2.199906 0.413424 4.736372 0.318004 41.075603 70.712880 
0.385053 0.355733 10.522761 0.250474 27.874299 5.214535 0.098642 0.224676 5.097814 0.568650 2.033660 0.655051 5.570052 39.285447 1.503997 2.038365 1.176283 5.574565 1.408794 4.354583 5.756133 102.657746 56.455463 0.425652 0.547113 
0.222962 2.081636 162.161504 0.103249 19.536690 0.530478 0.503468 2.293978 21.781598 2.171547 3.766137 1.098522 6.054803 5.662319 7.620524 10.531442 2.769623 9.379251 11.031163 9.421160 42.536665 2.350760 5.415366 
7.500485 0.203323 9.184287 1.803961 0.963256 9.531816 3.049833 192.433845 8.070769 4.389983 0.303797 1.362072 11.299055 0.714147 1.913112 29.031310 13.470969 7.492399 11.431670 4.192219 2.524945 8.132751 23.212802 8.827105 3.984912 0.692833 25.902727 13.897296 1.520468 27.201292 0.324573 25.768587 10.376105 24.392154 
123.239413 2.447517 0.196862 1.295947 0.309468 2.504937 3.487039 5.107490 2.788581 2.225101 0.239829 3.251426 0.549296 0.370004 12.434566 1.351455 0.924404 4.583052 0.779977 1.637605 2.357262 
4.366171 11.094208 2.029933 0.253603 66.392500 308.535768 0.547675 2.224541 14.131158 8.681440 1.239759 7.550771 8.915450 0.464611 0.286933 1.394696 1.183779 34.526595 0.150514 0.304303 1.321185 4.638484 0.232348 6.846390 0.095699 56.157547 
1.484658 0.375959 5.999358 36.177719 6.137938 0.353285 3.941749 1.306508 3.255620 1.258180 270.000533 230.979126 1.643288 0.060706 41.278759 16.320242 1.999681 
0.268050 234.488506 1.613022 1.177404 0.097397 2.719092 197.571425 429.716861 22.893929 0.231919 35.684432 43.892547 18.242985 217.534958 32.495394 
1.201120 5.224373 6.508967 0.330222 1.023197 365.183029 0.915851 1.804532 1.535735 3.416044 75.112865 25.646853 0.115235 5.914052 78.755540 0.667872 0.094224 2.156682 0.759295 164.525490 1.027497 31.229128 75.458334 0.217594 0.086771 2.347966 
8.333461 6.284543 1.138596 2.433679 3.102758 0.439599 0.259601 21.884612 25.117884 4.178567 1.533630 3.972791 40.482062 6.902208 12.605774 19.308530 5.479517 24.035632 173.994917 
0.729414 1.002166 4.934473 4.094174 6.957870 5.554977 3.481518 0.960457 0.601948 7.763833 41.576067 18.414060 4.645400 11.054528 0.868268 3.234819 14.064623 2.575404 6.217647 4.092390 7.137659 
1.623988 0.166787 0.164582 2.239536 2.280805 52.815576 0.954623 0.157830 1.741621 1.345172 0.093926 1.297922 1.160723 1.201400 7.545336 
0.078718 3.364496 1.594207 1.952591 425.583456 19.447285 0.824113 9.474447 18.914965 135.479609 119.388993 0.920201 2.248790 10.010556 37.892740 
89.019269 6.881017 8.950169 0.214444 0.220362 0.138174 303.003601 1.249021 1.721175 4.390547 0.544418 2.693842 0.511436 0.692066 7.100984 0.539317 14.108924 565.485268 
3.492612 0.560313 6.460757 1.111018 0.401243 8.091727 0.367883 0.308641 55.470666 143.018696 0.880791 0.706080 3.512695 0.984127 
13.524196 0.785132 420.614511 3.868596 2.313860 0.172604 1.224167 63.147508 7.509618 6.277184 11.005540 95.291866 0.433892 0.106134 0.406904 1.996066 0.385549 0.538007 
3.518844 0.390013 3.850989 3.855981 1.143778 17.514764 4.385577 0.702916 111.570421 24.772575 60.802041 14.593330 2.769491 0.406318 2.586897 62.181523 62.168761 0.270475 0.517156 1.036805 26.609375 0.216182 135.619528 
0.192098 0.826445 2.625126 40.911147 1.191513 15.041724 53.464300 595.809757 8.087299 12.325699 3.026996 3.243783 1.234602 4.504217 5.236898 0.298673 161.989434 0.135527 2.647475 3.921850 3.279511 28.517189 2.535541 
0.528604 31.948288 4.068601 4.513112 0.281296 2.844575 4.185291 0.857895 0.183239 4.679542 4.327188 7.093110 4.043031 3.187932 
0.192073 36.718098 0.154111 42.646905 0.486907 1.475161 293.023784 0.274068 5.819889 0.063521 6.045145 6.203751 0.177910 3.955623 0.523627 45.312033 0.644389 6.711272 2.182772 3.675884 0.741948 11.494925 2.603468 4.194128 48.667097 0.778661 5.659472 0.915471 0.167671 104.653102 31.801514 7.148851 3.697787 8.930985 265.773169 
0.984386 4.582447 0.154415 132.560233 2.085082 0.633419 0.200815 2.398483 837.209936 44.503751 18.394900 250.641221 0.432081 0.432194 266.671756 38.980855 2.721003 289.188176 763.284272 6.228598 2.399270 
0.975494 5.439712 1.427462 1.255132 25.679533 2.197451 8.152428 4.279767 1.235600 5.946185 2.198258 0.396362 3.096242 10.797238 34.021255 5.197432 1.114723 
0.134726 4.833678 821.864724 1.151892 95.336204 4.307162 0.438386 2.714302 0.453269 367.053002 0.635316 
5.472862 0.274288 3.434373 0.840754 158.648236 7.273794 6.277249 13.086799 24.136071 0.844739 34.200836 47.980583 1.696594 36.047772 2.971497 111.430389 9.729674 
