    76.096346 -27951.427411
   104.201756 -27950.847353
    99.055036 -27948.259143
    89.551845 -27947.876604
    60.454029 -27948.980326
   101.571329 -27952.200693
    85.229322 -27934.485499
   114.783584 -27942.938826
    56.172044 -27947.308981
    53.466258 -27948.642397
    75.291199 -27944.508816
    69.889823 -27960.005224
    73.081542 -27950.828639
    74.086443 -27944.026558
    63.297452 -27941.182019
    73.488634 -27942.116777
    71.898373 -27943.509833
   100.485533 -27943.043237
    74.707654 -27954.775899
    76.428425 -27949.157447
   101.937307 -27951.496892
    71.108994 -27941.283515
    80.435591 -27947.736554
    77.976313 -27941.661985
    64.260940 -27946.190432
    63.798980 -27939.648672
    77.018006 -27943.969287
    58.325814 -27950.423352
    58.777995 -27942.737737
    61.622694 -27947.179266
    65.038411 -27949.589573
    90.282776 -27939.218084
    65.150043 -27941.960592
    64.038806 -27945.064483
    67.709639 -27950.270406
    88.930278 -27949.769963
    92.346104 -27953.191962
    65.059215 -27947.456905
   127.236660 -27936.079562
    82.589367 -27948.100708
    81.332074 -27943.447929
    69.087105 -27954.097342
    80.854724 -27948.523800
    76.071964 -27944.042278
    67.342817 -27941.873990
    61.146395 -27950.874255
    82.360069 -27949.083513
    96.081198 -27948.773170
    77.725655 -27944.877811
    80.033673 -27953.301956
    72.825376 -27945.584320
    81.792081 -27944.083384
    63.003946 -27946.199804
    67.571408 -27945.308601
    61.272708 -27941.446123
    49.022535 -27948.755131
   127.969054 -27946.558534
    84.495713 -27947.665029
    90.478523 -27948.835920
    82.443726 -27944.730244
    68.916674 -27946.565350
    73.145051 -27943.474461
    68.486840 -27951.226251
    75.273574 -27940.639422
    73.206950 -27947.898406
    86.806368 -27942.047159
    85.867453 -27942.238161
    90.140785 -27940.617191
    96.664427 -27949.158731
    81.105118 -27948.055822
    93.084440 -27946.249298
   108.448246 -27948.194384
    65.744865 -27948.041918
    63.767699 -27944.594589
    63.698309 -27949.901938
    67.888708 -27949.656634
   130.656938 -27943.436660
    69.874150 -27942.915804
    74.196271 -27947.155974
    89.271237 -27940.448217
    81.632337 -27944.589401
    91.848239 -27940.595469
    78.359374 -27945.965035
   105.249069 -27949.737448
    77.218126 -27944.415226
    44.190017 -27942.990490
    67.225431 -27953.668778
    58.865534 -27947.649601
    46.356337 -27953.222553
    75.899368 -27946.416665
    79.694705 -27943.737012
    72.808007 -27951.273281
    67.591066 -27941.436622
    57.988812 -27943.834679
    52.702818 -27942.237078
    82.556027 -27956.015377
    93.291490 -27950.294015
    58.804386 -27942.183259
    54.360493 -27941.290099
    43.213121 -27957.041740
    98.573167 -27946.073704
    61.265485 -27954.018166
    68.412401 -27947.142887
    78.760712 -27942.485580
    69.712348 -27941.507028
    65.422256 -27947.418684
    78.937866 -27950.649609
    97.523203 -27953.636671
    69.476085 -27946.508991
    80.994378 -27943.147093
    63.847644 -27950.091098
    80.055517 -27944.318422
    73.362913 -27948.515668
   101.468562 -27947.012697
    87.352032 -27945.277084
    82.601921 -27954.044595
    56.181067 -27943.771796
    97.555725 -27941.047524
    48.652741 -27947.407226
    72.408367 -27942.302266
    70.607647 -27944.388651
    83.856935 -27946.282203
    66.769281 -27946.494617
    80.298682 -27941.391855
   103.691060 -27947.138072
    62.908555 -27939.924364
    77.712408 -27944.014043
    71.741170 -27936.244803
    63.794045 -27938.182310
    51.488519 -27940.002259
    68.800567 -27944.260751
    68.871631 -27947.733178
    83.611662 -27943.888703
    60.724283 -27943.011023
    82.590691 -27942.162927
    93.431378 -27944.952874
   135.763159 -27948.235042
   100.521092 -27935.364513
    79.345785 -27943.300508
    65.636264 -27950.566768
    73.048901 -27944.010746
    71.056240 -27943.437232
    67.674885 -27945.977423
    68.108812 -27950.890365
   102.892770 -27953.466763
    93.676971 -27941.231441
    64.445952 -27950.082991
    80.509743 -27941.446931
    84.445293 -27947.670828
    79.057905 -27947.638148
    75.977277 -27949.534384
    72.564887 -27944.500614
    57.106315 -27941.428663
    66.373289 -27947.579917
    62.713817 -27949.175290
    74.041489 -27955.779410
    67.263615 -27950.063442
    96.490440 -27943.573090
    63.059376 -27936.789170
    61.019409 -27940.848566
    81.389061 -27951.241138
    62.456284 -27940.289389
    83.457313 -27935.884928
    63.500957 -27938.480771
    79.165850 -27947.140624
    64.865558 -27941.364751
    77.319911 -27955.246394
    57.118005 -27942.389566
    54.620595 -27945.476218
    65.356605 -27938.285538
    70.254183 -27937.894749
    81.711114 -27939.816624
    67.360771 -27941.993762
    60.955878 -27946.750854
    82.489607 -27952.283151
    61.527836 -27942.395635
    76.323638 -27938.665766
    74.647723 -27939.359799
    74.549157 -27951.304292
    69.427799 -27940.406486
    96.743107 -27948.843018
    73.368141 -27954.051335
    67.094156 -27964.716852
    78.539372 -27945.785081
    88.194097 -27947.439387
    73.063917 -27952.189409
    74.025271 -27949.007861
    82.007446 -27957.454524
    95.890463 -27949.984328
    84.564850 -27945.917212
    92.775472 -27945.274853
    89.356394 -27946.840501
    75.534673 -27948.756435
    63.838236 -27943.190977
    70.064138 -27944.672474
    91.204277 -27936.392473
    61.140213 -27954.906795
    58.752476 -27961.025582
    72.053746 -27941.076770
   102.599037 -27944.176576
    61.137284 -27945.966886
    56.162171 -27945.852785
    65.749617 -27950.767674
    90.747446 -27944.904647
    69.448558 -27942.166381
    91.705201 -27946.528732
   104.672747 -27947.533296
    87.006994 -27940.397802
    92.183185 -27942.352209
    93.249674 -27943.107788
    78.955034 -27948.033508
    86.874294 -27942.079271
    75.025974 -27948.033044
    73.509329 -27946.944499
   112.359898 -27945.890473
    91.058740 -27941.783728
    71.522174 -27940.453032
    61.405581 -27947.155300
    56.025919 -27943.437415
    85.034384 -27945.516653
    78.261491 -27947.429520
    80.987249 -27938.720754
    73.760378 -27942.522467
    85.134882 -27943.371517
    82.754192 -27955.513756
    64.918735 -27942.035411
    68.253192 -27948.437169
    59.702039 -27950.556355
    82.742707 -27947.345786
    77.574288 -27952.881644
    75.337752 -27950.661009
    55.541222 -27947.236315
   118.457976 -27950.873358
   105.763073 -27940.398490
    80.144491 -27941.914671
    65.714461 -27944.742339
    61.669362 -27939.706443
    98.481645 -27943.773077
    91.096499 -27947.525880
    99.911236 -27946.304170
    80.671581 -27943.969292
    70.749680 -27940.150648
    88.585501 -27941.524809
    64.683426 -27950.488854
    61.058668 -27943.093342
    51.491019 -27942.894811
    75.379629 -27941.086348
    78.288679 -27943.457729
    88.200400 -27948.288830
    78.595606 -27946.372597
    62.955698 -27942.406921
    55.903648 -27951.132964
    61.258893 -27944.269673
    77.187536 -27945.508648
    83.726842 -27943.213040
    88.910547 -27941.879685
    76.568914 -27949.758938
    65.167064 -27947.719696
   114.095147 -27940.607218
    74.847258 -27944.535786
   110.804570 -27943.376083
    67.739847 -27949.923667
    66.973520 -27949.754826
    77.917886 -27943.340821
    78.334828 -27947.130772
    69.171621 -27943.417406
    71.612005 -27943.583006
    94.861738 -27940.787429
    80.749191 -27942.369404
    58.780109 -27946.545449
    76.223582 -27946.976686
    99.197434 -27944.206966
    65.381754 -27941.008030
    78.930085 -27946.543419
    58.969885 -27940.610889
    69.814541 -27946.956865
    79.646350 -27942.580517
    74.136196 -27948.656899
   112.020759 -27940.069912
   115.149576 -27945.391018
    77.656462 -27940.139149
    60.634441 -27939.178218
    98.028950 -27945.774504
    52.036570 -27941.786937
    84.000946 -27946.325229
    77.256994 -27943.181617
    66.014028 -27941.567853
    74.571486 -27946.025960
   109.989898 -27943.306964
    61.098936 -27937.703556
    60.417671 -27943.985867
    95.656201 -27944.368722
    92.953335 -27940.663080
    76.174291 -27938.563260
    62.696480 -27952.348820
    84.424451 -27937.838334
    95.946674 -27955.037807
    56.787392 -27954.669249
    67.367975 -27941.576433
    54.762336 -27938.617383
    65.584703 -27945.089170
    49.865920 -27945.500319
    81.801045 -27950.546076
    76.360601 -27941.541684
    62.210818 -27943.673327
    85.771036 -27946.045249
    72.609581 -27951.561565
    56.773450 -27942.943385
    87.186824 -27953.261465
    70.173619 -27952.084844
    79.868300 -27950.149556
    81.866269 -27949.071756
    61.881810 -27949.466551
    61.691753 -27945.527956
    70.114088 -27942.567919
    50.118997 -27946.159298
    56.781792 -27946.373902
   107.787755 -27937.708546
    72.937096 -27946.443983
    56.755361 -27954.958694
    55.017117 -27955.364206
    56.252684 -27942.962289
    69.207954 -27937.557326
    88.241981 -27944.715078
    76.516273 -27962.407717
    93.677317 -27950.383856
    79.793427 -27939.413515
    67.245624 -27942.157645
    58.159320 -27948.905936
    62.695876 -27946.845156
    94.932537 -27949.254673
    72.953166 -27944.965344
    91.594166 -27940.692515
    57.468258 -27945.154251
    91.449980 -27939.437791
    85.304554 -27946.729926
    78.207804 -27943.082762
    95.155788 -27941.141895
    70.748740 -27951.404798
    66.603684 -27943.453683
    54.304934 -27953.306562
    55.887268 -27944.328730
    44.242497 -27945.993229
    62.565084 -27949.544906
    61.784988 -27944.701897
    70.336654 -27948.791901
    87.619853 -27947.805549
    65.602967 -27953.574878
    59.990297 -27941.978492
    67.700195 -27940.026237
    81.352855 -27944.995877
    58.483510 -27944.663248
    93.571169 -27942.616925
    78.024989 -27951.491605
    68.419280 -27952.114979
    74.581621 -27949.290154
   104.446387 -27941.223246
    90.003148 -27951.757974
    74.276783 -27948.195596
    50.700379 -27948.897077
    97.023632 -27957.968916
   104.323213 -27946.030711
    64.226378 -27944.276491
    82.280783 -27944.479490
    79.381435 -27943.980343
    82.408392 -27950.332416
    83.293914 -27946.654053
    66.453537 -27949.340048
    79.986014 -27942.456584
    79.745176 -27947.600095
   115.493883 -27951.603567
    97.075611 -27944.974399
    72.129394 -27938.190785
    83.162608 -27946.996457
    54.899018 -27943.620587
    78.880641 -27943.017187
    68.426758 -27949.220144
    71.875536 -27944.367613
    69.791477 -27947.305314
    84.019303 -27953.880597
   107.848395 -27947.590850
    90.252063 -27946.148219
    71.848465 -27944.664160
    72.713722 -27943.819762
    97.278768 -27938.543426
    81.415245 -27942.388564
    84.934491 -27947.491868
    73.830095 -27945.407889
    63.315513 -27945.337614
    62.232442 -27944.187015
    52.202359 -27942.435675
    53.889771 -27947.028206
    68.492746 -27941.612090
    76.005002 -27944.198621
    73.379404 -27945.144449
    61.504117 -27941.973842
    69.759949 -27954.898931
    77.553325 -27950.830233
    83.253706 -27948.993843
    78.053237 -27950.216945
