1.122697 0.931890 1.003135 1.062252 1.247163 1.248390 1.139284 1.107878 1.169794 0.806556 1.204638 1.081772 1.006690 0.800733 0.824151 0.836408 1.032855 1.075267 1.236259 0.899419 1.217438 1.039809 0.890541 1.137407 1.162700 0.879702 0.852683 
0.802715 1.075114 1.198668 0.860843 1.187977 0.848771 0.804786 0.909403 0.907127 1.226241 1.213335 1.130496 0.814858 1.192989 0.796041 0.928108 1.118782 1.014502 0.888881 0.999714 1.204149 1.149548 1.055784 0.995537 0.844778 0.928679 1.192224 1.204766 1.011608 0.861959 1.244198 0.900391 0.857091 0.907703 
0.802715 1.169819 1.021988 1.196263 0.819855 0.825902 1.023835 1.233052 0.947496 1.226241 0.805132 0.896432 0.943438 0.946888 0.832683 1.103251 1.039760 0.816106 1.258303 1.157590 1.020200 1.162582 0.981993 0.801816 1.120195 1.104230 0.934770 0.928310 0.971835 1.238285 0.863129 1.225685 1.142342 1.205147 1.048997 1.007171 
0.923451 1.208251 1.141091 1.049964 0.849672 0.825902 0.859830 0.848153 0.977639 1.225261 1.000668 0.944746 1.033121 0.837037 1.103480 1.037112 1.228587 1.085935 0.981752 0.975301 0.987309 0.807683 0.878958 1.107004 0.825458 1.013022 0.976308 1.133534 1.016950 0.874716 0.864476 1.240818 0.985640 0.853787 
0.816975 0.926723 1.245300 1.075409 1.188597 1.152654 0.806545 1.133438 1.238601 1.153104 0.899722 1.127902 1.081787 0.906918 1.112587 1.187994 0.894114 
0.816975 0.815421 1.074041 0.815865 0.916762 0.847946 0.799093 1.138459 0.958550 1.246065 1.201377 1.180152 0.986085 1.011617 0.969141 0.947527 0.939035 1.182548 1.209164 1.235778 1.212786 1.225059 0.953114 1.119836 0.908319 0.945494 0.826285 1.116645 0.947851 1.011866 0.860310 0.996510 1.009281 0.870665 1.104353 
0.798367 1.245866 0.809007 0.808900 0.892483 1.132530 0.799093 0.917494 1.020670 1.254988 1.245027 1.209216 1.002666 0.990257 1.129538 1.152899 0.885341 1.025589 0.891001 1.100377 1.196311 1.110882 0.891394 0.874466 0.819211 1.132028 1.150632 0.811693 0.959483 1.115829 1.236711 0.903288 0.922044 1.254412 
0.796016 0.854673 0.809007 0.808900 0.932291 0.957616 1.206054 0.806395 1.225314 1.150430 1.247262 1.025120 1.246076 1.038090 1.173860 1.033212 0.925342 0.963667 1.095150 0.809950 0.831226 1.109850 0.998694 1.225361 0.809483 0.866948 1.103348 0.954870 1.211581 1.250760 0.870119 0.963805 0.922085 1.015102 0.879686 1.095117 1.095247 0.833152 0.824977 0.867921 0.808303 0.814041 1.235735 
1.154438 1.130203 0.799893 0.808900 0.983625 1.254742 1.257743 0.843693 1.225314 0.824291 1.168992 1.028622 0.915861 1.132804 1.040563 1.118072 0.806318 0.968546 
0.961216 0.814723 0.876000 0.955158 0.799005 0.952031 0.924724 1.210630 0.821767 0.954734 1.077470 1.242776 0.868576 0.974950 1.074943 
1.145142 1.065210 1.192261 0.799867 0.799066 1.242709 0.853389 0.961564 0.824065 0.947726 0.813455 0.983198 0.900887 0.807934 1.099134 0.958651 0.952146 1.071922 0.924614 1.164894 1.223698 1.224299 1.042371 1.151869 1.136266 1.084016 0.886011 
1.028136 0.900240 0.802610 1.000031 0.810223 0.861935 0.856553 1.165486 1.065581 1.245282 1.063524 1.203901 0.972638 0.886011 1.203900 
1.093182 1.019096 0.887500 0.804322 0.822188 0.798979 1.258199 1.138022 1.233296 1.022501 1.134217 1.139734 1.025642 0.919294 0.898167 1.136051 1.148934 0.941343 1.161065 1.029605 1.008995 0.893404 1.035724 0.957555 
1.024551 1.238403 0.912935 1.120185 0.817897 1.235918 0.831276 0.951537 0.999567 1.026852 0.805266 0.902364 1.114491 0.848983 1.244081 1.216576 0.988439 1.149336 1.237950 1.043335 0.906111 0.930033 1.122475 0.799472 0.905893 1.015585 
0.917456 1.249115 1.154950 1.206353 1.250383 1.235918 0.799472 0.838523 0.976284 0.926959 1.135897 0.816356 0.809662 1.211123 1.244081 1.058497 1.069719 0.879060 1.172842 0.837236 
0.882897 1.007240 0.810120 1.164167 1.250383 1.244887 1.258137 0.805279 1.220181 0.959314 1.202925 0.823498 1.031889 0.865202 0.794716 0.935857 1.078467 1.118464 0.831759 0.913370 1.010840 1.145114 0.877705 
0.802711 1.044855 1.187570 0.936030 1.159421 0.828031 1.248322 0.801692 0.809064 1.242879 1.224411 1.132138 0.811471 1.116288 0.867507 1.116568 1.248243 0.828663 0.913957 1.011369 0.851994 1.086690 1.203792 1.082538 
0.822912 0.806193 1.198541 0.925810 0.985208 1.127837 1.253609 0.924699 0.906363 0.923137 1.037614 0.871202 1.014831 1.019362 0.826307 0.864982 1.200957 0.824799 1.120768 0.898322 1.133914 1.061327 1.190732 1.120296 0.905390 0.975812 1.090089 1.245764 0.887205 0.800264 0.960507 0.809407 0.983424 1.039129 1.009021 1.148282 
0.850819 1.106586 0.854646 0.809407 0.946853 1.250541 0.906255 1.226247 1.236554 0.868488 0.805913 0.806424 1.247380 1.151208 0.941640 1.256199 0.948781 0.936828 0.881300 1.116399 1.112879 0.949823 0.866820 
0.821347 0.899456 0.815797 0.801976 0.951925 1.243179 0.816608 0.939989 1.100063 1.082557 0.864318 0.847634 1.254719 0.908291 1.110217 0.896202 0.862509 1.083652 0.875978 1.045397 0.869822 1.153909 1.095391 1.166091 1.000293 1.200919 
0.896449 0.931597 0.888939 1.193318 1.070713 1.236215 0.816608 0.965462 0.913903 1.128075 1.128405 0.881566 0.837572 0.834322 1.184294 1.227678 1.248447 0.842065 1.088214 0.921806 0.931002 1.233478 0.822398 0.956143 0.937243 1.089470 0.863293 1.051999 0.880641 0.898895 0.922010 0.938641 0.998168 1.246027 0.942519 1.087874 
1.132483 0.991116 0.832643 1.247945 1.221585 1.086772 1.111665 1.002788 1.232673 1.206692 0.801090 1.246027 0.878888 0.811354 0.818319 0.897768 1.137828 0.876414 0.918629 1.105138 1.111559 0.941853 1.074990 1.154762 
1.253215 0.952877 0.818836 1.222708 0.852297 0.858768 0.889731 1.207010 0.797305 1.067571 0.979039 1.250949 0.866008 1.123929 0.894378 0.862267 1.081480 1.119301 0.934254 0.947894 1.179715 0.820165 0.804467 1.195456 1.175919 1.026251 0.988881 1.114335 
1.253215 0.818980 0.812816 0.925445 1.161323 0.907066 0.888797 0.944460 0.797305 1.175978 0.989525 1.250949 0.951378 1.040039 0.852784 0.823119 0.976206 1.016941 1.246431 1.197843 0.853451 0.861653 0.912321 0.855218 0.902533 1.130483 1.065644 
0.797229 1.247676 0.798032 0.835303 1.171147 1.147879 1.080290 1.231803 1.018058 1.004938 0.927522 1.074008 0.909587 1.072710 0.798800 1.151312 0.836550 0.855895 0.981110 
0.794619 0.967649 0.800524 0.917483 1.070458 1.253647 1.122275 1.087083 0.883085 1.174119 0.907360 1.199401 1.228694 1.167618 0.812185 0.912197 1.187805 1.051593 1.181473 0.918427 0.863911 1.081843 
0.825710 0.800670 1.079863 1.184084 1.086277 1.009726 0.833367 0.979573 1.233524 0.912132 1.233434 1.128447 1.184903 1.257094 0.803565 1.182598 1.153042 0.925464 0.923676 
0.798068 1.257094 0.858246 0.963832 0.814163 0.829141 1.068873 1.250263 0.889901 0.834246 1.194807 0.970568 0.904206 1.012804 1.014939 1.134127 
0.798068 1.257094 0.968344 0.808192 1.055322 0.844931 0.897354 0.817006 0.884791 1.241268 1.180298 1.082154 1.040962 0.798127 0.894712 
0.982561 0.868487 1.157996 1.070817 1.246100 0.797622 1.089000 0.802724 0.887896 1.201359 1.076182 0.839619 0.932492 1.257653 0.919362 0.990869 0.795445 0.908304 0.960611 0.988179 0.939959 0.987006 
1.014493 1.001436 1.141474 1.052672 1.052996 0.826785 0.947872 0.857307 1.157535 1.064417 0.838027 0.797318 1.215459 1.257653 1.171392 1.072941 1.188756 0.991259 0.907919 0.960129 1.093713 0.809907 
0.868031 0.968691 1.237334 0.954192 1.086267 0.801866 1.252917 1.240177 0.846052 1.132066 0.961794 0.797318 0.815504 1.231778 1.166924 1.005810 0.826284 1.130198 1.114061 0.821666 1.179752 1.233529 0.815748 1.230048 0.974103 0.813494 1.130799 1.226209 0.897505 
0.810886 0.923712 1.159073 1.241002 1.150069 0.801866 0.947510 1.031167 1.203175 0.805995 0.816265 1.253565 1.039586 0.853035 1.210738 0.971600 0.990978 1.103313 
0.806938 0.805995 1.208056 1.211673 1.253565 0.808342 1.213912 1.235401 0.850869 0.898420 0.951159 1.153942 1.225136 1.080983 1.000624 0.806052 1.028029 0.931529 0.809082 0.876338 0.868780 0.855278 0.813198 1.205931 0.865847 
1.182138 0.945816 0.812010 1.205536 1.253565 0.891930 0.795336 1.038782 0.959595 1.134329 1.182097 0.942408 1.071675 1.097180 0.848988 0.884321 1.165482 0.887912 1.053100 0.820366 0.911900 
0.805789 1.133103 0.845075 1.226686 1.251824 0.998557 0.795336 1.073753 0.898310 0.857392 1.024634 0.962486 1.201465 1.167978 1.231675 1.158118 0.807566 1.127919 1.238265 1.031481 1.097757 1.142621 1.101034 1.235157 0.980707 1.121302 1.157449 1.181388 0.994497 
1.244131 1.107765 1.247555 0.803823 1.198022 0.837151 1.089568 0.872032 1.105158 0.922577 0.972963 0.906105 0.908387 0.816976 0.844995 0.887240 1.146311 1.061746 0.924003 1.222569 0.978167 0.960541 0.796504 1.035614 0.987195 0.826842 0.798153 0.965610 0.872572 
1.231687 1.182590 1.088261 0.969238 0.830098 0.883185 1.087659 0.947863 1.230706 1.052316 1.162601 1.047203 0.810179 1.099814 1.051733 0.810313 1.097865 1.209791 0.952779 0.924262 0.901658 0.893716 
1.008597 0.915095 0.955987 0.799535 0.873944 1.072048 0.972373 0.993413 0.927630 1.163870 1.090711 1.225365 0.872877 1.244541 0.871766 1.233682 1.080109 1.070687 0.837827 1.080766 0.893508 0.832866 1.257108 0.977256 0.900792 0.933106 0.837616 1.125207 1.161099 1.190554 0.798629 0.976063 0.874261 0.816162 1.128138 0.867656 1.010916 1.043702 1.247143 0.993185 0.989570 0.974653 0.864733 0.902779 1.083869 1.248830 0.842925 0.935484 1.167533 0.816363 1.004341 
0.812792 0.894774 0.824486 1.192080 0.796042 1.196094 1.220904 0.804784 0.884639 0.907226 1.129727 0.900135 0.943458 1.212144 0.964675 1.200130 1.001083 1.222937 0.831774 0.976185 1.106385 1.161071 1.185527 1.135670 0.912207 1.158025 0.828528 1.255928 0.891126 1.113314 0.821571 
1.132809 1.130162 1.231614 0.810116 0.796042 1.017856 0.966351 0.812057 1.251238 1.123994 0.879555 0.898213 1.211309 1.050802 1.158347 1.069392 0.878120 1.120470 0.843162 1.149806 0.817654 1.254683 0.862139 1.121462 1.054743 0.989931 1.173504 
0.805678 0.818849 0.851722 1.022671 0.839123 1.139652 0.825507 1.189780 1.247097 0.882473 1.006497 1.056241 1.207746 0.861566 1.107611 1.065585 0.988528 1.144518 1.199674 0.951795 
0.828738 1.128554 1.149530 0.854957 0.896186 1.168352 0.803186 1.144922 0.865450 1.255521 1.253038 0.812191 1.241736 0.963862 0.810977 1.193523 1.231520 0.874142 1.191251 0.839394 1.154600 1.183598 1.157433 1.072282 
0.803107 1.226449 1.127128 0.799376 0.830963 1.057008 0.800803 1.045369 1.157289 1.025600 1.245421 1.024849 1.085332 0.839360 0.951483 0.888933 1.111173 1.210825 1.123434 1.089885 0.837310 0.891570 0.921115 
0.843567 1.218561 0.821477 0.950339 1.117121 1.111202 0.800803 0.842250 0.850513 0.914544 1.245421 0.817905 0.811761 1.249015 1.152826 0.866816 0.899883 1.142886 1.143424 
1.245421 0.837363 0.811761 1.100290 0.801539 0.876511 0.845430 1.180030 0.845204 1.248398 1.246154 0.882829 0.877096 0.973387 0.973484 0.943930 1.183994 
0.873615 1.191458 0.811761 1.026725 0.801539 1.136737 1.257060 0.957179 0.984870 1.248398 1.230927 1.088288 1.079753 0.846408 1.056804 0.906373 1.082796 1.023204 1.192007 0.993827 1.088226 1.121821 1.152084 0.832719 0.909509 0.952258 
0.817136 1.031654 1.249681 0.873736 0.991993 0.877953 0.949744 1.224192 1.203943 0.815821 0.847153 1.251315 0.816775 0.836180 1.013376 0.800126 1.072456 1.013455 0.805126 1.091263 0.930525 0.948256 1.042907 0.911370 1.013332 0.990051 0.924249 1.032437 0.929393 0.998978 0.946799 0.990876 0.875057 
1.014858 0.911250 1.194725 1.023056 1.089593 1.045878 0.935847 1.224192 0.969749 1.094330 0.796619 1.151501 0.811809 0.800126 1.257757 1.026029 0.840284 1.202727 0.960755 1.184661 1.222232 0.980026 1.049604 1.049546 
1.067049 0.986583 0.874091 0.833292 1.086024 1.190224 1.098933 0.999799 1.203248 1.127396 0.796619 1.093416 0.893023 0.805900 0.851232 1.179207 1.036039 0.837068 0.796376 0.846276 0.878148 1.021727 
1.034805 0.914385 1.035796 0.813595 0.815003 1.257076 1.053768 0.795712 1.011126 1.119591 1.084810 0.817987 0.806092 1.249841 1.009793 1.224974 1.175451 0.899341 1.084983 1.064528 0.955122 0.850093 1.127411 0.974654 
0.850160 1.057814 0.915591 0.804092 1.095562 0.825633 1.194026 1.092213 0.804614 1.210853 1.220114 1.223173 0.805305 0.889007 0.858078 1.210911 1.128798 0.822961 0.854697 0.900503 0.896397 0.797853 1.246612 0.982514 1.069487 0.944914 0.796293 1.211805 1.022853 
0.879076 0.866616 1.256035 1.104226 0.886038 1.068516 0.874390 1.226702 0.807102 0.810930 1.040751 1.002275 0.871076 1.204584 0.810336 1.145874 1.046456 
1.256743 1.003466 1.256035 1.165963 1.097380 0.818262 0.795290 0.971103 0.837013 0.819251 1.094811 1.167004 1.063078 0.819800 1.204303 0.794590 0.970635 0.833205 0.866422 0.825559 0.955071 1.188336 
0.881155 0.824243 1.256035 1.242208 0.797265 1.158512 0.933393 1.244709 0.818798 0.984544 0.794590 1.231112 1.042721 0.866987 1.099663 1.233571 1.200428 1.159297 0.864245 
0.799194 1.035081 1.256035 0.812401 0.813376 1.239220 0.942568 0.795251 1.054061 1.110374 0.853227 1.070969 0.820223 0.854973 
0.929889 0.822517 1.256139 0.909861 1.072907 0.985209 0.965086 1.180471 1.114807 1.108730 0.816480 0.799375 0.968796 1.257053 0.941788 0.837480 0.834444 0.984480 1.087957 1.133200 1.138539 1.096806 1.115169 1.051559 0.993923 0.935299 0.803976 1.197365 0.839818 0.908835 1.207421 1.168351 1.199630 1.086145 0.841376 1.256855 1.124615 1.052690 1.201514 1.035294 1.119231 0.977306 0.903754 1.087318 1.004131 1.086676 0.848047 1.040278 0.932978 0.893167 0.917122 
0.884379 1.112327 1.256139 1.218033 0.856148 1.137668 1.128369 0.801336 1.036667 0.835321 0.808454 1.202070 1.032747 0.883363 0.856349 1.051873 0.810751 1.065756 1.066126 1.053745 1.221682 0.809243 1.145167 1.127802 1.219545 0.983243 0.861802 1.042749 0.985690 1.057169 
1.257795 0.861475 0.832636 0.809643 1.107891 1.075486 0.824809 0.833184 1.065020 0.881699 1.116679 1.251293 1.118881 0.883542 1.253232 1.146307 1.229217 1.045168 1.095870 1.039285 1.022174 1.051443 0.828010 0.886880 1.009968 0.925477 0.884204 1.160700 0.997326 0.984051 1.049503 0.904441 1.005008 1.060619 0.976693 
1.257795 1.041281 0.950746 0.856595 0.835082 1.221162 0.873137 0.801380 1.169614 1.077678 1.040904 1.253232 0.955358 0.928678 0.980430 1.131261 0.825368 1.056157 0.817183 0.939354 0.867146 1.041775 1.105370 1.058084 0.919468 0.942527 1.237223 1.190220 1.001665 0.988359 
1.257795 1.132889 0.974942 0.801258 1.034651 1.119771 1.007511 0.801380 1.081683 0.895947 1.212260 1.132879 0.986360 1.000142 1.126655 0.915214 0.938638 0.986840 1.197806 0.810076 1.172583 
1.241332 1.251454 0.861624 0.801258 1.157293 0.898219 1.002292 0.821437 1.060141 1.090610 0.809885 0.844430 0.961836 1.024896 0.807149 1.139567 1.051692 0.886658 1.249216 1.123796 0.819856 0.896740 0.862583 0.954244 0.938277 0.827466 0.875591 0.837196 
1.128351 0.964622 1.240027 1.081610 1.249952 0.795372 0.875796 0.922418 0.822066 0.870537 0.852322 0.959094 1.126137 1.192353 0.844946 0.929504 0.813156 1.143933 0.962679 
0.958219 1.241561 1.122278 1.167144 1.233773 1.205352 1.125611 0.805305 0.817290 1.042567 0.998250 0.978841 0.940645 1.236981 0.800202 1.154738 1.123701 1.209892 0.915625 1.057412 1.163321 
1.249608 1.231425 0.846099 0.804734 0.946981 0.794431 0.807208 0.805305 1.128594 0.896893 0.905974 1.145917 1.042905 0.841294 0.901662 1.100666 1.051956 0.977624 0.884010 0.876380 1.131257 1.113059 0.898104 1.198013 
1.249608 1.024441 0.841673 0.804734 0.885982 0.794431 0.826175 0.843572 1.002058 1.159507 0.798727 1.248417 1.216016 1.126239 1.032953 1.189430 1.009182 0.920912 1.228782 1.047793 1.243475 0.916256 1.149254 1.186100 1.215830 0.884530 1.124805 
0.866654 1.087558 0.896351 0.801429 0.931298 0.794431 0.826175 0.955055 1.105738 1.242372 0.936626 1.248417 1.207900 0.846073 0.960234 1.216298 0.856840 1.135031 1.063129 0.874396 0.858345 1.162787 0.884727 0.988223 0.846802 0.886349 1.071470 
1.119906 0.960210 0.838684 0.801429 1.161595 0.794431 0.859347 1.246553 1.078345 0.994112 0.859867 0.826031 1.017896 1.152910 0.854797 0.933641 0.939620 0.953946 1.063519 0.944963 0.915356 1.232251 0.880988 1.114090 0.936491 0.913739 1.231446 1.142292 1.091076 0.855134 1.016049 0.809233 1.234684 1.148182 
0.815113 1.138855 1.074628 0.821542 1.106488 0.794431 1.108633 1.070029 0.905623 0.859046 1.123695 1.154748 1.062167 1.245620 1.029937 0.866863 0.940623 0.812579 1.003292 1.091830 1.216809 0.852427 0.882562 0.832287 1.223163 1.008214 1.112189 0.980466 0.961409 0.904345 1.017724 0.874343 0.854783 0.988787 
0.941273 1.155937 1.023459 1.221753 1.062503 0.794431 0.872867 0.867229 0.926401 0.802437 0.815955 1.213478 1.237181 1.070814 1.025383 1.058703 0.928551 0.813128 1.153851 1.234784 0.798690 0.984448 1.003992 1.065703 1.136888 1.026311 1.017135 
1.042606 0.813943 1.238635 1.234784 0.961296 1.143976 0.844359 1.032622 1.070762 0.810700 0.836545 0.820499 0.860002 0.841418 1.097228 0.944185 1.042070 0.830440 1.256384 1.201828 1.086286 0.851286 0.972623 1.073501 0.973012 0.892242 0.799828 0.826280 1.140659 0.830612 0.933744 1.144067 1.097164 
1.124378 1.056231 1.227964 1.234784 0.945647 0.993866 1.088903 1.094806 1.185920 0.839903 0.956223 1.091302 1.022854 1.131578 1.257446 1.103791 1.214452 0.953261 0.812879 0.866785 1.234675 0.827490 1.034157 0.947561 0.917002 1.030722 0.907841 1.100741 0.863441 1.158760 0.797657 1.021737 1.245103 1.204884 0.878053 1.183065 1.184586 1.084883 0.896690 0.950453 0.895631 1.059739 1.140324 1.019185 1.066581 
1.118661 0.848728 0.832980 0.893430 0.805544 1.254555 0.818617 0.888746 0.984802 0.800911 1.096285 1.038709 1.201736 1.082122 0.929848 0.936977 1.106353 
1.042550 1.190010 0.887961 0.869982 0.805544 0.973893 1.137786 1.244772 1.224115 0.821408 0.898397 1.116807 1.250125 1.089318 0.997361 0.873286 1.228553 1.182356 
0.829903 1.087099 0.815985 1.228341 1.236707 0.799325 0.835878 0.879783 0.821076 1.254836 1.141410 0.976313 1.146202 0.869756 0.938997 1.073754 1.193007 0.842645 0.935038 
0.816974 1.200609 0.804639 0.860247 1.022705 0.874587 1.219598 1.188124 1.213070 1.254836 1.142814 0.971148 1.058921 0.845510 0.978326 0.865028 0.857324 1.088741 1.130361 1.217193 
0.824908 1.139483 0.804639 1.020996 1.080222 0.823528 0.854693 0.905096 1.037006 1.254836 1.251358 1.001976 0.885921 0.817106 0.824114 1.240529 0.968123 1.055759 1.008567 0.829761 1.030788 0.857052 0.861625 0.962900 0.855730 0.806758 0.885689 0.843157 1.030343 1.109976 0.865182 1.009170 0.827590 0.890696 0.898518 1.023757 0.860158 0.951592 0.807862 0.914553 0.855530 1.024037 0.871570 1.106380 0.856939 1.096373 0.946436 1.091336 1.034744 
0.845385 0.797749 0.804639 1.256550 1.013333 0.862137 0.822446 1.039419 0.855222 1.254836 1.013808 1.043871 1.015361 1.258255 0.861365 0.958707 1.176546 1.219722 1.072244 
1.080589 0.797749 1.062810 1.244546 1.241254 1.140211 0.853522 0.914506 0.873778 0.928337 1.070633 0.809216 0.908443 0.811749 0.929107 1.109969 0.840336 1.126242 0.974976 0.809991 0.895229 1.009939 
1.079004 0.995763 0.803139 1.216990 0.966920 0.801339 0.795928 1.040596 0.818044 0.795413 1.239688 1.028342 1.030845 1.079406 0.796789 1.164526 0.849254 0.985211 0.866569 1.041754 0.825748 1.122701 0.819970 1.049747 0.930604 1.051359 0.837534 0.991022 0.993819 1.006196 0.865781 1.007590 
1.176226 0.798279 1.153103 1.255392 0.860757 0.875524 0.795928 1.201144 0.931930 1.113301 1.239688 0.848851 1.107050 1.237309 0.796789 0.993679 0.927379 1.232492 0.807701 0.814455 1.038973 0.907844 0.807455 
0.983918 0.810621 1.035313 0.876897 0.796789 0.829413 0.818210 1.010905 0.946845 0.814493 1.238906 1.213983 0.879382 1.049242 0.839494 1.204835 1.255867 0.806974 1.164346 0.974718 0.910662 1.009209 1.057217 1.131794 0.977425 1.056507 0.803825 0.923602 1.206444 1.012638 1.149937 0.951319 1.168397 
0.945980 1.190047 0.994346 1.070120 0.796789 0.796843 0.865685 1.147919 0.805521 0.876872 1.238906 0.951011 1.253295 1.181379 0.884680 1.238700 0.996682 0.796063 0.827543 1.041445 1.184858 1.124611 0.973219 
1.006536 0.915677 1.230012 0.929394 0.796789 1.227558 0.841087 1.016858 0.809983 1.045885 1.238906 1.110779 1.114182 1.012127 1.041685 1.189080 1.079992 0.823266 0.817259 0.817675 0.941851 0.807656 1.082638 0.824665 1.202831 1.157743 0.855078 1.018041 1.051661 1.132420 1.151318 1.141275 1.004543 1.028337 1.046449 
1.113649 0.944919 0.988475 0.930390 0.796789 0.949663 1.050028 0.813073 0.978371 0.824880 1.230716 0.838006 0.851399 0.794699 0.930425 1.073967 1.249271 0.802099 0.943975 1.102210 1.052097 1.120577 0.967176 
0.806232 1.079011 0.838864 0.998704 0.806323 1.256093 1.162643 0.957814 0.887394 1.054885 1.230716 1.141836 0.805995 
0.806232 0.803045 0.937020 0.821899 0.847688 1.211882 1.214570 1.065295 1.223461 1.100130 0.878640 0.794774 0.804866 0.800268 1.214815 0.897259 1.205615 1.225400 1.248349 0.983942 1.127169 1.236118 
0.870279 0.803045 0.795618 1.058964 0.988801 1.236795 1.211022 0.987232 0.809991 1.150601 1.151167 1.221862 1.202567 0.941969 0.832123 1.076004 0.833016 
0.919314 0.826493 1.255894 1.097864 0.822995 1.235858 0.887926 0.814173 0.835343 0.831485 
1.244516 0.848002 1.255672 1.192632 0.826081 1.224861 0.900032 0.911827 0.811187 1.179897 1.184992 1.222431 1.148910 1.090927 0.961430 1.060008 0.836391 0.816677 1.098825 0.865969 0.907382 0.865355 1.162510 
1.244516 1.250198 0.874582 0.887144 0.801559 0.823951 1.102165 1.117295 1.050756 1.112510 0.812490 0.926016 1.182340 0.991849 1.123543 0.933339 1.164581 0.835836 0.887860 0.951409 1.190803 0.824733 0.991968 
0.877961 1.036303 0.835219 1.115701 0.801454 0.824250 0.959352 1.084190 1.154744 0.810637 1.238721 1.006683 1.037757 1.245740 1.185248 0.795714 1.174716 1.012889 0.934330 1.132408 0.939509 1.183445 1.236666 0.877043 
0.972539 1.045744 1.245740 1.056553 0.860247 1.254945 0.841189 0.881365 0.813491 1.213357 1.111720 1.114391 1.137457 1.104285 0.806866 1.012275 0.993835 1.055421 0.938783 
0.906970 0.889919 1.118548 1.107531 1.144701 0.841242 0.842694 0.978685 1.229121 0.955694 1.242744 0.794778 1.059282 0.952375 0.967992 1.218387 
0.912330 0.799926 1.189756 1.066418 1.258719 1.108643 1.198778 0.833328 0.820668 1.075238 1.157917 0.825816 
0.875911 0.860809 1.245104 1.217461 1.258719 0.859280 0.799356 1.063169 1.090089 0.807964 1.132990 0.804904 1.108962 1.093446 1.171731 0.872629 0.894465 1.229175 1.080052 0.892013 1.226266 0.979218 1.161396 1.055941 1.088636 0.901081 
0.987130 1.052391 0.810238 0.796862 1.258719 0.873950 0.830432 0.983069 1.227752 1.087980 0.870791 0.997831 0.830752 1.135127 1.083326 0.832070 1.146611 0.891145 0.971404 1.001869 1.013839 0.878594 1.252312 1.188073 1.075965 0.988702 1.184602 0.862090 0.874013 0.801304 1.223950 1.028986 
0.927576 1.112102 1.192507 0.795932 0.852023 0.849144 1.239653 1.255989 0.877676 0.820750 0.814389 0.888210 0.959775 
1.027952 0.824912 0.875146 0.795932 1.217138 1.018595 1.235346 1.183751 1.240271 0.818017 0.809268 1.229021 1.065545 1.013381 
0.918373 1.246413 1.012144 1.046666 0.795656 1.240271 0.816130 0.811304 
1.244146 0.850206 0.866973 0.808107 1.238025 1.248207 1.034334 1.055671 1.017063 1.193234 0.892471 1.241293 0.961364 1.251073 1.215906 1.018417 1.178645 1.033354 0.995025 1.090151 0.820214 1.136597 0.924069 0.894414 0.975855 0.812467 0.898880 0.979628 1.241930 0.821876 0.846587 1.023185 1.099391 0.872505 
1.210296 0.797955 0.821789 1.202229 1.246125 1.091991 0.819343 0.908869 0.831537 0.887870 1.065185 0.841206 1.013095 0.989833 1.070566 
0.813960 1.108990 0.893363 0.864035 0.854883 1.164528 0.817760 0.977321 1.253242 0.821921 1.057320 1.256889 1.101979 1.203968 1.073205 1.092486 1.037261 1.120794 
1.186999 1.068784 0.860733 1.013100 0.844669 0.903581 0.817760 0.874433 1.253242 1.015548 0.834649 0.943991 1.256612 0.805464 1.193453 1.027242 1.030354 0.864153 0.843728 1.207376 1.189089 1.113059 1.258515 1.005194 1.139964 0.984796 0.904029 
0.934510 1.165874 0.798603 1.147897 0.815816 0.969861 1.115547 1.082472 0.897184 1.066873 0.809645 0.959253 1.256612 1.178371 0.955382 0.901466 0.852528 1.258009 0.804769 1.140136 1.021622 1.156445 1.214242 1.216219 0.912977 
0.955604 1.060509 1.036845 1.011561 0.797634 1.227352 0.931461 0.911214 0.811849 0.887812 0.797640 1.044554 1.009321 1.052498 1.251647 1.167237 1.208534 0.942576 1.211546 0.871875 
0.867698 1.017215 0.808673 0.980505 0.797634 1.031582 1.033543 1.225186 1.242255 0.829423 0.846643 0.979544 1.015562 0.832476 0.968010 0.938590 1.114395 1.061670 1.206242 1.258401 0.918030 1.038330 
1.094873 0.957951 0.801625 1.143568 0.944304 0.878592 1.163537 1.227637 0.830339 1.246406 0.821906 0.843999 1.011754 1.142717 0.922150 1.018894 1.047620 0.905937 0.939068 1.236466 0.984105 1.151946 0.955095 0.935209 0.801491 1.206280 0.874429 1.000117 1.103205 1.150092 1.007202 0.867729 1.026574 0.941445 1.080080 
1.239806 0.889504 0.799928 0.902237 0.836492 1.225752 0.813171 1.255096 0.954253 1.100613 0.795186 0.810249 1.075870 1.246310 1.222269 0.965821 1.232309 1.063038 1.029168 
0.913296 1.136681 1.036778 1.187076 0.851216 1.246310 1.111165 0.929977 1.240792 1.098459 0.835099 0.981616 1.171783 1.168126 0.939755 1.099174 1.089844 0.949647 0.801852 1.191472 0.904195 0.898449 1.176040 1.045947 0.835877 0.949712 0.828092 
1.257407 0.988673 1.194164 0.813160 0.926212 1.231639 0.826617 0.855405 0.992946 1.231607 0.985228 0.947413 0.982964 0.809510 0.930819 1.136850 0.857635 1.058847 0.819504 
1.056618 1.250447 1.135031 1.257507 0.801117 0.909960 0.955664 1.154816 0.795792 1.051922 1.097984 1.245603 0.887631 0.948806 1.131546 1.210036 1.053156 1.225378 0.814005 0.830948 1.141826 0.813926 0.863017 0.850067 1.110574 1.022240 0.962351 0.794364 
1.018348 1.250447 1.052119 0.868667 0.802721 1.254024 1.040483 1.082436 0.795792 1.196573 1.204858 1.133469 0.830338 1.182986 1.068485 1.255783 0.842693 0.948539 1.189021 1.029459 0.858480 0.822831 0.895361 
1.219532 1.131295 1.023110 1.255783 0.802721 1.250511 1.034869 1.014184 1.018999 0.819728 0.903185 1.038858 1.246284 1.178189 0.818115 0.794677 1.220285 1.150441 0.837932 0.841739 0.958395 0.914346 0.922471 1.079841 0.842788 1.210167 0.820408 0.933944 1.003432 1.120294 1.231573 1.071729 0.980275 0.911303 0.940125 0.999689 0.849271 
1.212135 1.030889 0.881011 1.162312 1.225259 1.250511 1.200500 1.103795 0.846361 0.951186 1.242876 0.796865 1.248727 0.932458 0.973325 0.794677 1.159753 1.141925 1.250120 1.223951 1.069836 0.973046 0.917461 1.246192 0.996734 0.977161 1.070595 
1.184044 1.224179 1.075320 1.183469 0.987096 1.250511 1.071917 1.009426 1.025380 0.957367 1.005947 0.990327 1.133300 1.010782 0.801829 0.794677 1.091267 0.801026 0.891277 1.018434 0.951798 1.176167 1.060317 1.231005 1.239356 
1.231559 1.024682 1.071574 1.219541 0.968693 1.250511 0.818362 0.869363 1.087377 1.082949 0.933769 0.993177 0.881768 0.888336 0.796591 0.934198 0.802618 
0.801047 0.942269 0.900301 1.106512 1.131750 0.808018 0.992116 0.987657 0.959615 0.959982 1.249141 1.146351 1.077588 0.830112 1.047611 0.872273 1.106228 1.226191 0.799916 1.114551 1.188462 1.067368 1.114436 0.985392 0.815282 0.837730 0.938946 0.831260 0.891174 1.023412 0.815082 0.976970 0.902207 
0.801047 1.234569 0.839551 1.090983 0.990971 0.805362 0.872904 1.195671 0.854490 1.256393 1.129864 1.137384 
0.801047 0.833355 0.930692 0.807876 1.113195 1.115089 1.244781 0.923480 0.869705 1.256393 0.905776 1.141604 0.826735 1.045429 1.088901 1.119595 0.977115 1.075684 1.185020 1.108365 0.931890 1.196038 0.904969 1.101694 0.823137 1.165192 1.251034 1.101746 
0.795143 0.988611 0.796176 0.949936 0.849998 0.955422 1.204189 0.810685 0.927687 1.256393 0.833448 1.154711 0.799456 1.029579 0.991083 1.069114 1.190456 0.922881 1.027453 1.098927 1.219274 1.111504 1.140741 
0.830835 1.051267 1.256393 0.852071 0.942362 1.021804 1.169746 1.085517 0.830426 1.113634 1.056125 1.030645 0.844259 1.148440 1.059924 1.182156 0.923780 0.855684 0.806815 1.177474 0.914291 1.026265 1.037559 0.959759 1.237905 1.035899 1.130882 1.026341 1.189897 0.880841 0.980690 
0.829023 0.805165 1.256393 0.798893 0.842345 1.027716 1.247703 0.886700 1.252932 1.026615 1.146020 1.123790 1.028473 1.215154 1.117205 0.926196 0.866389 1.150185 1.027464 1.047175 
1.204529 1.245781 1.256393 0.812726 0.923771 0.917102 0.852229 0.830131 0.849731 1.009241 1.225183 1.134137 1.114287 0.955179 1.051810 1.112488 1.114602 1.140110 1.152039 0.807297 0.991511 0.978452 1.159127 0.887635 1.139650 0.874783 0.969865 
1.010862 0.930942 1.256393 0.795092 1.082073 0.934396 0.810315 0.962889 1.172191 0.976276 1.202093 0.958953 1.193425 1.198770 0.881473 0.808825 1.053259 1.048305 1.152008 1.118193 0.918224 0.902973 1.120159 0.863307 0.802850 0.866310 1.086662 0.984695 0.917707 0.984266 0.901107 0.868397 1.019399 0.997612 0.978503 0.827258 0.825835 1.034562 1.140531 
1.008529 0.869989 1.256393 0.822346 1.242109 1.152971 0.840334 0.821572 0.801895 0.955013 1.140597 0.827675 1.131076 1.076439 0.863038 0.832576 0.865335 1.251372 0.991581 0.849923 
1.228309 0.811966 1.256393 1.175595 0.804388 0.953331 0.802398 0.867693 0.803261 1.213967 1.142709 0.906343 0.817711 0.843850 0.810359 1.054098 0.963578 0.892088 0.851060 1.174583 1.131349 1.083899 1.014283 
0.800033 0.829809 1.256393 0.926727 0.797188 0.880978 1.045172 0.880594 0.803261 1.104891 1.114004 0.947779 1.208537 0.904942 0.797255 0.816672 1.178856 1.178116 0.978332 1.052873 1.117841 1.201466 
1.145571 0.843157 1.256393 1.027354 1.017472 1.209531 1.158589 0.935472 1.214650 0.809723 0.815984 1.065278 0.805761 1.092167 0.959127 0.889062 1.040650 1.145752 1.242737 
0.934648 1.015422 1.248269 0.999424 0.882815 1.153819 0.814163 1.180865 1.116363 0.809723 0.806354 1.242737 0.969480 
0.900924 1.252305 1.248269 1.076314 0.919067 0.834754 1.200977 1.043773 0.797101 0.810016 0.805121 0.935712 0.939998 1.002712 1.075447 1.215112 0.909699 0.976749 0.818856 1.040073 0.849523 0.841505 1.052589 1.110301 1.014415 1.229072 0.945940 
1.040069 0.998676 1.089889 0.844700 0.807150 1.246711 1.055453 1.218694 0.797101 1.048369 0.796604 0.833475 1.021813 0.857221 0.806148 1.256801 0.833091 0.828274 1.163242 1.150477 1.112465 1.225588 1.095871 
0.887558 0.863099 1.253185 0.810007 0.811103 1.250407 0.842062 0.875903 0.934024 1.135182 0.857954 1.212433 1.231823 0.840984 1.180385 0.860800 0.867965 0.946648 1.115652 1.092877 1.224544 0.847221 1.039608 0.947142 1.215615 0.969960 
1.047277 1.138041 0.836836 1.116514 0.972150 1.113484 1.108227 1.253398 0.864719 1.139530 0.943652 0.893152 0.889683 0.836048 1.239853 1.234470 0.895072 0.794768 1.241657 0.828330 1.235745 0.879301 1.010682 0.855277 
1.217194 1.120906 1.027956 0.981081 0.967955 0.851854 1.206759 0.936516 0.794490 1.211015 0.800675 0.918408 1.067292 0.992782 0.889966 1.249692 0.973727 0.794768 1.021422 1.176726 0.843556 0.812903 1.076675 0.801130 0.819080 0.944788 1.182696 0.916286 
1.030173 1.240975 1.180420 0.954324 0.839991 0.825900 1.167541 1.170571 1.246151 0.875115 0.803943 1.216231 0.968945 1.027019 0.905527 0.905151 1.178147 0.901947 0.798958 0.869492 0.971500 1.076340 1.035344 1.117592 1.184092 0.867254 1.041950 1.059007 1.226372 1.188727 0.945409 0.822060 
1.092613 0.822246 0.887966 1.194504 1.044067 0.972286 1.238740 1.257844 1.246151 0.883432 0.820590 1.140394 0.794970 1.125535 1.257266 0.802215 0.840746 0.915308 0.904285 0.805112 0.880099 1.158209 0.817125 0.898789 0.999253 1.184136 0.847945 0.936078 0.951396 1.114315 0.836715 1.216913 1.153749 0.941071 0.853038 1.142282 0.980809 0.903152 0.840572 0.978384 1.179934 0.948512 0.816340 1.060223 1.162179 0.884331 0.927808 1.235982 1.233065 0.957071 1.232156 0.942697 1.245313 
0.828820 1.057375 0.893133 1.153506 1.112469 1.146344 0.912382 0.800219 1.246151 1.086785 0.845816 0.800705 0.801450 1.025175 0.874494 0.803589 1.002026 1.243156 1.232556 0.897357 0.880626 0.960544 0.830661 1.050468 1.099229 1.116129 1.133919 0.925110 1.061324 1.104755 1.080038 1.089317 0.839570 0.885529 0.821904 1.177420 
1.035978 0.931677 1.252203 0.967539 1.000888 1.150549 0.907266 1.113935 1.234035 1.078594 1.143023 1.008231 0.801450 0.868930 0.913953 0.803589 0.841658 1.243156 1.232036 0.914795 0.917508 0.987516 1.072905 1.156557 0.896042 0.795107 
1.212727 0.901043 0.852440 1.204720 0.800300 0.795107 1.249384 1.013026 1.163361 0.881887 1.215830 1.231426 1.089516 1.033901 1.245957 0.920925 0.995689 0.871020 0.966649 1.027093 
1.251566 1.162187 1.142728 1.046711 0.957707 0.795107 1.002209 1.043789 0.855811 1.183782 0.817658 0.991012 1.005853 0.972737 0.812791 0.922854 1.200536 1.054511 1.083239 0.798917 0.994472 0.955267 0.974141 1.081588 1.168399 0.795939 
0.829699 0.812791 1.137782 1.240302 1.062862 0.925632 1.237682 1.061317 0.911171 1.006194 1.129810 0.802788 1.038032 0.906138 0.842985 1.068366 1.006843 0.934921 1.007614 1.094896 1.257613 0.807394 0.900392 1.249123 
1.230308 0.803781 1.090697 1.233143 0.900379 0.928967 1.249327 1.126494 0.879245 1.079123 0.795092 0.805632 0.935118 1.038681 0.814785 0.999304 1.258814 1.068219 0.852064 
0.886788 1.037975 1.018482 0.834425 1.127558 0.838258 1.249327 0.886136 0.981228 1.050240 0.795092 0.832387 0.835607 0.813608 1.133017 1.014899 0.848629 1.254485 1.041631 0.970653 0.982322 0.974369 1.011409 1.202490 
0.939550 0.814950 1.213114 0.813955 0.794538 1.049724 1.249327 0.828814 0.967652 1.088225 0.795092 0.938916 0.869243 0.852963 1.145208 0.862796 0.909930 0.826736 1.026198 1.010466 0.863412 0.797384 0.965016 1.192842 0.797675 1.209920 1.025108 0.952928 1.069346 0.871321 0.996454 1.141447 0.957960 0.888535 
0.807859 0.978356 0.980500 1.092746 0.880726 0.952101 1.249327 0.821540 0.830571 0.836704 1.056513 1.122666 0.987291 0.875718 0.883967 0.814761 1.056775 0.838188 1.119678 1.169213 0.953348 1.052172 1.237369 1.134218 1.208168 1.219155 0.937330 0.945242 1.151116 1.011835 0.889644 0.804594 
0.830942 0.833340 0.944449 0.956861 1.250248 0.861374 1.257646 1.038191 1.199668 1.040374 0.879722 0.843589 1.065538 1.074843 1.121241 1.221700 0.959103 
1.133762 0.795804 1.253922 1.072815 0.969195 1.257829 1.054333 1.180914 0.887043 0.797564 0.956432 1.228919 0.923838 0.796295 0.988183 0.894251 1.235758 0.795497 1.035885 0.994480 0.989462 0.922889 0.895445 1.149025 
1.051014 0.837129 1.134421 0.897715 0.982356 1.257829 1.129702 0.918667 0.828574 0.839266 0.847424 0.940393 0.946695 1.085965 1.091098 0.999420 0.868909 0.800711 1.239822 0.914999 0.990335 0.869444 0.999462 0.995690 0.979724 1.086965 1.043777 0.888160 0.808847 
1.135162 0.796199 1.255860 1.030157 0.939630 0.965481 0.837795 1.208818 0.868761 0.794490 1.151337 1.011257 1.118520 1.233385 0.816766 1.099389 0.804002 1.033058 1.077319 0.939312 1.236782 0.806555 1.114709 1.003823 0.970430 
0.921406 0.975555 1.214123 1.256512 1.195345 0.799182 0.912121 1.241656 0.925425 0.822981 1.055169 1.007326 0.883137 0.954682 0.814161 1.099389 0.946900 0.957783 1.088654 0.923304 1.213544 1.166753 0.883909 1.062126 
0.814161 1.045031 1.226910 1.240804 1.030105 0.799182 0.930375 0.984200 0.822044 1.001129 1.182581 0.907561 1.007735 1.019550 0.980135 0.989943 0.813065 0.916504 0.813958 1.058474 0.818362 1.255033 0.986558 0.860670 0.887429 1.071569 0.820805 
1.243443 0.804483 0.866559 1.058797 1.022542 0.799182 1.174399 0.905541 0.901296 1.216867 0.929687 0.830775 0.848472 0.890629 
1.090304 0.806126 0.953775 0.883337 1.218638 0.796738 1.240725 0.886356 1.004351 1.228701 1.143644 1.218299 0.985613 0.930790 1.172032 0.973313 1.162978 1.247702 1.177468 
1.257761 0.964527 0.823120 0.806220 1.022810 1.208834 1.188238 1.253092 0.877844 0.848713 0.968421 1.062704 1.167057 0.944568 1.151498 0.916423 0.917219 0.971847 1.036417 
1.013176 0.979547 0.966478 0.806220 0.857648 1.211435 1.100480 1.236716 0.797187 0.932421 1.224950 0.910526 0.809907 0.963726 1.069347 0.798272 0.840474 0.855724 1.134753 1.216718 0.936319 0.853352 1.152987 1.242981 1.163593 1.154303 
0.864005 1.220272 0.876513 0.801164 0.918539 1.226069 1.019721 1.144590 0.795054 0.881302 0.912690 0.795039 1.029840 0.986106 1.214317 1.209824 1.087321 1.114220 1.037341 1.207738 1.117961 
0.890264 1.063403 1.208312 0.823784 1.054462 1.044536 0.847477 0.812412 0.809525 1.254779 0.950035 1.226742 0.828713 0.831883 0.968357 0.985532 0.850823 0.919843 1.119941 0.803195 0.822917 1.168933 1.005602 0.827689 0.959614 0.860117 1.100723 0.967172 0.997460 0.845490 1.069524 
1.181749 0.795900 1.038443 0.796094 1.163986 1.096964 0.958844 1.230099 0.797486 1.254779 0.798440 0.948029 0.923408 0.820360 1.118144 1.053078 1.008197 
0.827861 1.164298 0.823072 0.806092 1.095650 1.254779 1.112711 0.824684 1.221158 0.823516 1.135064 1.009263 1.037820 0.986543 0.984335 1.175178 1.186948 0.930754 
1.253700 1.170057 1.244699 0.825966 0.815841 1.185264 0.844764 0.917900 1.065097 0.923352 1.251069 0.954623 1.134984 0.829993 0.855714 0.979428 0.963482 0.971376 0.929538 1.153995 1.049430 1.048397 0.975515 1.082464 1.139821 
0.952043 0.820405 0.964111 0.905509 0.797316 1.113426 0.804267 1.222539 0.883237 1.006300 1.248304 0.802491 1.190340 1.129848 1.239856 0.829082 0.983657 
1.250538 0.935360 1.107775 0.812983 0.873811 0.985553 1.122782 0.865163 1.037608 0.859632 0.908976 0.803611 1.083525 1.087486 0.882218 1.225990 0.988361 1.047911 0.915928 1.064220 1.088801 0.944630 0.799618 1.010233 0.906611 0.853282 1.151828 0.867850 0.895076 
0.795068 1.172246 1.012277 1.238512 0.925662 0.929787 1.250452 1.080449 0.799618 0.803611 0.853083 1.213717 0.801176 1.086648 1.037757 1.017897 1.186476 0.936329 0.835529 1.028287 0.996293 
0.965124 0.960344 1.040590 0.809576 1.014562 0.927632 1.035482 1.114726 0.910753 1.031225 0.995852 1.250418 0.963941 0.931584 1.009832 1.241042 0.993969 1.117116 0.838515 1.010512 0.856455 1.257521 0.883751 1.065720 1.083338 0.842924 
0.845977 1.213996 0.890825 0.800085 0.855254 1.212419 1.036137 0.827980 0.828468 0.903085 0.866909 1.240891 1.091650 1.033736 0.886856 1.005027 1.234097 1.001759 1.235123 0.921871 
0.976623 1.240051 0.795769 0.858343 0.927308 0.837933 1.132664 0.917869 0.805467 1.252950 0.825343 1.229536 1.039517 1.126182 1.107381 0.958131 0.952854 1.184924 0.891971 0.959320 1.059035 
0.795917 1.088667 0.988632 1.233620 0.809179 1.223019 0.867356 0.970023 1.009238 0.850557 0.876272 0.821170 0.954432 1.156909 1.088164 1.054504 0.819798 
0.930319 0.938213 0.842615 1.236499 1.021691 0.794339 0.819059 1.256250 1.043874 1.092413 0.880957 1.079867 
1.164519 0.880270 1.094806 1.037124 0.897028 0.794339 1.132196 0.868520 1.254376 1.061455 1.169461 0.830190 1.171101 0.834371 0.850506 0.916091 1.047246 0.941547 0.843467 0.859725 0.926961 1.067462 0.971187 0.919232 
0.944856 1.205921 0.878325 1.037124 0.912987 0.794339 1.217510 1.203835 1.167302 0.928276 0.795034 1.117295 0.996017 0.819742 0.860089 1.049204 1.038488 1.203746 0.871026 0.868446 1.246791 
1.258319 0.882491 1.018546 1.062586 1.118937 0.794339 1.057590 1.090855 0.827390 1.220767 0.929083 0.944302 0.987757 0.795384 1.113414 0.968829 0.857982 0.951923 1.123205 1.004426 0.978549 0.925918 1.091702 0.825232 0.899357 
0.879010 0.943399 0.799534 0.856690 1.037596 0.925541 0.854466 1.253560 0.961875 1.257755 0.953402 0.978145 0.881585 0.795384 1.013280 0.934015 1.190782 0.884745 0.954679 
1.104135 1.183319 0.872065 0.839368 1.218839 0.818299 1.205917 0.831557 1.134665 1.257755 0.810405 0.810486 1.072817 1.085521 0.942585 0.986290 
0.795784 0.795375 0.966065 0.857688 1.155843 1.074531 0.836120 0.924697 1.240594 1.060949 1.072556 0.864814 0.840884 0.990522 1.046589 1.148995 1.116015 0.861087 1.111828 1.032042 0.854198 0.842293 1.243809 1.212834 0.951938 1.149661 
0.807049 0.943852 0.797406 0.912829 1.034267 0.941723 0.949478 0.850050 0.817070 1.189162 1.248014 1.146922 0.871057 0.943983 1.096713 1.056399 
1.077115 1.237314 1.245487 1.254726 0.867772 1.198460 1.207955 1.198215 0.817070 1.128377 1.248014 1.166809 1.030873 0.795197 1.156793 1.015671 0.804486 0.953046 0.918571 1.081142 0.822033 1.202011 0.879579 0.806863 1.091636 
0.794441 1.258683 1.061208 0.797844 0.970647 0.872083 0.901815 0.952843 0.799924 1.031681 1.248014 1.111206 0.871082 1.055738 0.942237 0.836012 1.255054 0.875838 1.217291 0.880217 0.807037 1.139635 1.112926 0.820973 1.062901 0.841779 
0.794441 1.088560 1.144736 0.797844 1.200740 0.897740 1.257674 0.811729 0.834361 1.045598 1.135911 1.217698 0.903335 0.960612 1.237146 0.891264 1.063470 0.897227 1.192342 0.883196 1.023943 
0.794441 0.808334 0.799475 1.085815 1.024407 1.057731 1.236534 1.226941 0.799475 1.142762 1.059760 1.256384 0.937371 0.959810 1.142230 0.804443 0.811097 1.246905 1.103006 1.050263 
1.116715 1.039690 0.984541 0.931705 1.093854 0.918714 1.236534 0.802342 0.799475 0.905364 1.093911 1.249865 1.198151 1.077019 1.132315 0.928091 1.037910 0.805152 1.118681 0.795901 1.150347 0.943859 1.076410 0.826409 1.016831 1.233117 1.018463 1.055576 0.910087 1.111281 0.958203 0.932662 
1.026065 1.217711 1.233929 1.173683 0.853592 1.082510 1.081961 0.814801 1.226993 1.107651 1.010022 0.851119 0.810981 1.224487 0.932546 0.853390 1.176688 1.167439 0.938103 1.251538 0.820353 
1.077633 1.175194 1.140433 0.928842 0.821316 0.812808 1.220042 0.959423 0.828773 1.190039 1.104260 1.246926 1.022787 1.222517 1.104622 1.019271 0.952608 1.046079 0.936798 1.098893 1.021132 
1.232018 0.807480 1.142759 0.929320 1.090283 0.907970 1.245625 0.800681 0.800763 1.208950 0.959284 0.798940 0.891220 0.854108 0.887708 1.021680 1.246689 1.256017 1.031686 1.086209 1.072087 1.102311 0.901043 0.928247 
0.883325 0.806456 0.806314 0.809017 1.250440 1.176329 1.206805 0.794812 1.232806 1.232564 0.810760 0.798940 1.091740 0.912095 1.194378 1.187891 1.078090 0.949176 0.848573 1.163189 1.220118 1.002416 1.011172 1.138292 1.253216 0.859317 
1.008118 1.005500 0.856214 1.179846 0.902026 0.797201 0.860520 0.794812 1.181420 1.065009 0.869538 1.205521 1.252582 0.842703 0.846182 0.975330 1.061056 0.976320 1.167098 0.855075 1.153247 1.085470 0.850142 
0.811532 0.949742 0.807724 0.817205 0.928497 0.816386 1.254553 1.053467 0.902288 0.981923 1.244021 1.221417 0.916630 0.909360 1.004520 0.961820 0.813660 0.927730 0.797820 1.106944 1.026981 
1.218502 0.813882 0.821660 0.915152 0.921199 1.114553 1.012905 1.236698 1.178382 0.860387 1.257414 1.033696 0.910790 1.091448 1.197161 0.905409 0.902164 1.242165 1.063405 1.067806 1.132304 0.978275 0.957273 0.797150 0.936790 1.114431 0.876961 
0.926455 1.013814 1.033414 1.198034 0.835910 0.800232 0.973100 1.236698 1.258458 1.032261 1.078804 0.806689 1.224367 1.129470 1.039677 0.839560 1.187943 0.880743 1.110862 0.808136 1.251700 1.116460 0.887525 1.101432 0.820219 1.017588 1.183274 1.083171 1.099345 1.051749 0.876391 0.873367 0.868202 
1.091097 0.817155 0.810027 0.934467 1.141246 0.842899 0.901271 1.256727 1.231096 0.802936 0.807956 0.798970 1.082892 0.872915 0.979275 0.982255 0.808740 1.002507 0.906521 0.982765 1.024491 0.812377 1.172606 0.975211 1.186660 1.072903 
1.144686 0.877868 0.977251 0.952551 1.249052 0.949140 0.992658 1.170286 0.999732 0.824008 0.938588 1.196534 1.144744 0.812060 0.870988 0.885585 0.906617 1.245897 1.247789 1.105392 1.219086 1.184342 1.014627 1.131813 1.239168 1.144996 1.003170 1.056237 1.109002 0.876242 
1.019476 0.830989 0.819062 0.865890 0.809302 1.142599 0.986076 1.245353 1.012261 1.061152 1.187986 1.243129 1.184908 1.117251 1.099201 1.074642 0.814001 1.150643 0.927589 0.819847 1.247081 1.065275 0.813773 0.906645 0.919140 1.028502 1.147772 0.956947 
0.814709 0.880493 1.188569 1.253285 0.891045 1.072995 1.158689 0.971146 0.907287 1.240286 1.072146 1.155772 1.226277 1.112630 1.194161 1.098941 0.932633 1.029967 0.857299 0.843470 1.119458 0.936168 1.064201 0.872240 
0.814709 0.932874 0.830344 1.253285 1.210957 1.115514 0.953898 0.945464 1.017230 0.975595 0.797424 0.829985 0.837390 1.087303 0.980748 0.908310 0.908494 
1.050035 1.048805 1.128314 1.224972 1.214168 1.017032 1.017525 1.048029 0.799495 0.806824 0.813760 0.899224 1.073609 0.895226 0.880633 1.222428 1.144488 0.880614 1.173421 1.120706 0.887013 0.998739 
1.033255 0.795283 1.185514 1.254964 0.840612 1.256311 1.194376 0.798376 0.810257 1.058275 1.080041 1.174455 1.081615 1.005682 0.825384 1.156333 1.190984 1.161374 1.074325 1.224654 1.140373 0.933115 1.194184 0.863137 1.088381 0.836361 0.911896 1.070692 0.831441 1.085781 0.895997 
0.801800 0.814712 0.919062 0.864207 1.093126 1.152204 1.254232 0.871940 1.182215 1.212985 1.252728 0.939094 1.197326 1.239985 1.155598 1.133219 0.805316 0.801284 
1.123534 1.002750 0.934173 0.888874 0.834157 1.074802 1.248984 0.811790 1.205804 1.025762 1.065172 0.871988 1.055064 
1.145245 1.244897 0.852400 1.234047 0.966607 1.236935 0.799784 0.812718 0.805732 1.063848 1.114245 1.029882 1.140914 1.185731 0.883981 0.915676 1.091833 0.993802 1.170589 0.923965 1.203196 1.018392 0.995635 0.918204 
1.216469 1.004114 0.805105 1.234047 1.150794 0.937680 1.103317 1.002053 0.919924 1.257484 1.065500 0.836561 1.136697 1.060135 0.834373 0.816221 0.920144 1.164277 0.927862 0.980172 0.862520 1.099225 1.215520 1.073214 0.815508 0.873950 0.971416 1.141414 0.830932 0.966473 1.134180 1.142161 0.993824 0.991654 0.831861 1.052917 1.089735 1.027490 0.933713 
1.229099 0.825515 0.812232 1.244024 1.255300 0.954309 1.248047 1.091188 1.025971 1.048307 0.801590 0.805918 0.917949 0.998573 0.820875 1.192536 1.134275 0.800680 1.140622 1.002296 1.198251 1.074746 1.146227 
1.184941 1.180850 0.835625 1.202642 0.908886 1.068910 1.105640 1.247556 1.003739 0.844209 1.187357 0.880315 0.795894 0.795369 1.053031 1.085377 1.180901 
0.841228 1.127024 0.870785 1.029332 0.867751 0.820242 1.184757 0.812746 1.235844 0.797645 1.111904 1.138546 1.099818 1.192401 0.822400 0.932791 0.920027 
0.815595 1.122375 0.935783 0.862139 0.995454 0.933628 1.215507 1.206407 0.942068 0.797645 0.908342 0.823795 1.098913 1.185581 1.031819 0.828173 0.975947 1.256452 0.922333 1.101953 1.063854 0.965770 0.896645 1.152125 1.109651 0.871635 1.108540 0.895161 1.103606 0.935221 1.132629 1.257919 0.794507 
0.809438 1.256752 0.981047 0.807285 0.830387 0.811293 1.209545 1.151738 0.866103 0.797645 0.901969 0.829682 1.204421 1.184045 0.925270 1.248414 1.173842 0.959992 1.037676 1.127142 0.795324 0.978589 1.057196 1.117276 1.256411 
0.801257 1.254605 1.195347 1.077749 1.191589 1.031174 0.910327 1.245161 1.052798 0.797645 0.963339 1.226384 0.992634 0.815172 1.152587 1.042819 0.996503 0.936237 0.928483 1.027778 1.067007 1.007467 1.050443 0.940084 0.923043 1.138591 0.939958 0.817472 1.215623 0.976379 
0.801257 0.949470 0.936303 0.951608 1.115213 0.919522 1.077708 1.144223 1.254854 0.806470 1.220738 0.973566 1.220891 1.183881 1.152719 0.812060 1.234773 1.179160 0.947839 1.223664 0.796548 0.803863 1.023232 0.802653 0.859277 0.821529 1.213774 0.894585 1.182221 1.176894 0.985649 0.831002 1.117276 0.801484 1.116420 1.141680 0.878039 
1.126398 0.801287 1.164735 0.917517 1.137813 1.060079 0.807907 1.243907 1.239908 0.806470 1.195452 0.991927 1.220891 1.202043 0.914634 0.801904 1.156773 1.113713 1.033380 1.049644 0.796548 0.918804 1.210082 1.060281 0.813243 
1.009299 0.882809 1.114624 0.995464 0.926641 1.176736 0.795000 1.181906 1.240522 0.874900 0.993596 0.837385 0.821845 1.233747 1.187411 1.172701 1.107236 0.923898 1.190744 0.909399 0.987201 1.214715 0.907254 0.806424 0.986823 1.006894 1.215202 0.851092 1.170631 
0.875752 1.258026 0.891563 0.971101 0.996168 0.904378 1.196106 0.872044 1.243889 1.141984 0.795208 1.197822 0.872744 1.092590 0.841166 1.052940 1.004152 1.252828 1.036719 0.910968 0.888532 0.949491 0.984643 1.132085 1.038258 0.887872 1.135400 1.121529 1.248980 1.098856 
0.914027 0.966016 1.228143 1.031480 1.018310 0.800437 1.003858 1.024041 1.253466 1.223173 0.795208 0.843804 0.812352 0.800676 0.836227 0.918811 0.937203 0.798166 1.163229 1.080760 0.932248 1.078784 0.979513 1.144769 1.008394 0.976612 
1.166668 0.794584 1.007810 1.031480 0.800676 0.845073 0.852011 0.917260 1.025563 1.253785 0.795208 1.050865 1.206624 1.009193 1.236614 1.131673 1.040854 0.922135 0.940710 1.029691 0.841277 0.808381 1.147797 0.832987 1.180077 1.145787 1.070384 1.055978 
1.201706 1.200208 1.179164 1.028827 1.076190 1.188923 0.804851 1.146689 1.228093 1.226505 0.814851 0.838277 0.956299 1.043858 0.860408 0.934987 0.850292 1.054321 1.032441 1.189808 1.172977 1.070520 0.896921 0.826661 1.251082 
1.220484 1.190424 1.117566 1.140432 0.815584 0.889588 0.804851 0.797076 0.874864 0.819367 0.815113 1.131564 0.796251 1.202694 1.233930 1.140384 0.925036 0.947989 0.863782 0.853741 0.885733 0.949695 0.804776 0.937541 
1.219676 0.833796 1.175751 1.049625 1.028718 1.150679 1.141565 0.840809 1.128652 1.008547 0.973606 0.810736 0.801638 0.940752 1.165931 0.816985 0.835718 1.162373 1.235342 0.999817 1.204942 0.950776 1.058691 1.236008 1.004052 1.033069 0.885632 0.867965 0.842338 0.824944 0.840556 0.926905 0.812669 1.137768 1.244108 1.056240 0.928526 1.121770 1.085091 1.007987 1.054764 0.869545 1.258207 1.236860 
0.984987 1.182183 0.956959 0.809663 0.833219 1.059352 1.210765 1.206557 0.796440 1.035304 1.005007 0.810736 0.846346 1.227735 0.918846 1.011173 0.837976 0.976570 1.015433 1.227114 0.929658 1.214669 1.067760 1.158510 0.953334 1.227059 0.911680 1.248078 1.116753 1.247193 1.055607 
1.022643 0.875096 1.085497 0.937090 1.087768 1.241480 1.219826 1.158712 0.798800 0.877311 0.969951 0.814197 1.248033 1.022683 1.030441 0.940277 1.165495 0.810745 0.816827 1.182415 0.913280 1.236266 1.245769 
0.818356 0.995053 1.204223 0.797818 1.184503 0.822013 0.863298 1.108730 0.910452 1.010342 1.096591 0.861224 0.922951 1.252061 0.815250 1.064785 
1.177347 0.815056 1.219144 0.797818 0.825471 1.168181 1.072689 0.864252 0.810756 1.255928 0.800295 0.812425 0.832595 1.124053 1.116729 1.026872 1.237621 
0.819895 1.112311 1.255778 0.890703 0.816369 0.798990 0.980257 1.151051 1.004211 0.819599 0.805676 1.194976 1.227843 0.916118 0.860590 0.963028 0.946308 1.154931 1.153083 1.048747 1.190377 0.936185 0.910977 0.819677 1.081210 0.870796 0.868793 
1.254468 1.059341 1.254489 0.857191 0.846178 0.798990 1.234317 0.847390 1.024951 0.843488 0.999234 1.002860 1.119522 0.852958 1.167598 0.970391 0.957579 0.797170 0.956807 0.839114 1.176591 0.903600 1.257333 0.975479 0.905450 1.027771 1.223944 1.098631 
0.827456 0.861717 0.806393 1.014177 0.955936 0.798990 1.243894 1.000285 1.096712 1.257839 1.166664 1.224006 1.233653 1.009129 0.922945 0.857861 0.930230 1.186356 1.073823 0.927501 1.102711 1.175810 1.115689 1.097133 0.961219 1.248300 0.866788 
0.794448 0.803766 1.032220 1.077842 1.127489 0.802312 0.873727 1.214361 1.211190 1.257839 1.073238 1.195285 0.929136 0.811434 0.921229 0.803874 0.882330 0.951779 0.981465 1.168112 0.808551 0.800786 0.962839 0.818700 0.969172 0.881412 
0.840749 1.044615 0.810082 0.880580 1.229499 1.131155 1.206313 0.835569 0.867412 1.247817 0.941542 0.823591 1.047139 1.122094 1.247237 0.815278 1.191893 0.945810 0.909476 0.825672 0.916245 0.998700 0.941285 0.909759 0.927632 0.966486 0.840119 1.008619 
1.117426 0.833753 1.118053 1.185913 1.200456 0.887803 1.148541 0.823013 0.881820 1.247817 1.120319 1.026682 0.976016 0.876676 0.820516 1.239996 1.116542 1.122185 0.849852 0.861646 0.820707 1.140316 0.999264 1.073590 1.165924 0.856375 0.840082 1.080425 
0.938434 0.966950 1.034508 0.861509 0.894178 1.150990 0.797929 1.062896 0.812629 1.247817 0.817661 0.938161 1.244436 0.834847 1.134996 1.074898 0.891037 0.921506 0.840418 
0.841827 1.232145 1.247817 0.821186 0.801508 0.823408 1.070085 1.225622 1.214202 1.172682 1.183400 0.846125 1.104060 1.005742 1.152615 0.838928 1.256608 0.919433 
0.875886 0.812191 1.163561 1.168774 0.874282 0.853405 1.238773 0.831174 1.037420 0.836960 1.110899 1.015655 1.071345 1.245360 0.847650 1.171336 
1.089692 1.109925 0.965434 1.114590 0.804736 1.249028 0.985706 1.104566 0.818190 0.806321 1.227076 0.841066 0.865328 1.161095 0.968768 0.886241 0.866603 1.110316 0.848234 0.877604 1.028676 1.128343 0.805451 0.982158 0.891402 1.002898 0.976955 1.040447 1.023211 
1.144046 0.925214 1.004040 1.079466 0.795952 1.243535 1.072679 0.822531 1.063138 0.806321 1.107465 0.832358 1.040194 1.250460 0.956090 1.069082 0.795540 1.082784 1.162553 1.183198 1.121893 1.080969 1.195073 1.034785 
1.028260 0.806311 1.077453 0.797290 0.823937 1.232008 0.980536 0.987473 0.954853 1.255350 1.007332 0.992707 0.841935 1.199508 0.858246 1.065545 0.822434 0.930779 1.012291 1.029734 1.215344 0.877395 
1.137679 1.241526 0.875584 1.157792 0.824619 1.045434 0.808507 1.233113 0.938935 1.091313 0.810663 0.805633 0.962348 0.865812 0.802716 1.160316 
0.918541 1.029909 1.200778 0.835849 0.913358 1.116798 0.800856 1.177827 0.813646 1.036202 0.938553 0.805825 1.198065 1.186634 1.163587 0.830341 0.939751 0.940570 1.013458 1.017117 0.844447 0.879340 0.851392 1.006176 0.959526 1.187642 1.090225 1.255528 1.109639 0.939373 0.837982 1.080795 0.841078 1.141901 1.056877 1.106514 0.918702 0.935879 1.201802 0.894854 0.814641 1.049651 
1.123004 1.029530 1.252966 1.021016 0.822005 0.853759 0.800856 0.909620 0.814629 1.023107 1.046135 0.972714 0.940733 1.209144 0.876465 1.067402 1.010221 0.817166 0.799245 1.240433 1.208481 1.142126 0.838844 1.128425 0.900429 0.809954 1.044207 0.839067 1.094087 1.240336 1.051138 1.086810 0.935824 0.827647 1.056703 
0.813573 0.922344 1.252966 1.226453 1.202118 0.998470 0.837222 1.079711 0.882662 1.000518 1.238876 1.097601 0.901435 0.822896 0.806895 1.098680 1.051926 0.885469 1.133999 0.819466 0.821864 1.136499 0.926260 
1.045906 0.803022 1.071810 1.058301 0.893002 1.258413 0.799442 0.798048 0.794460 0.955470 0.815208 0.903270 0.996718 1.146682 1.234847 1.167598 1.155899 1.079402 
1.197226 0.795826 0.796038 0.835622 1.002502 1.258413 0.852001 0.979750 1.205681 0.999497 1.019061 0.828404 0.940534 0.914123 0.865597 0.977161 0.889162 0.996226 1.170867 
1.093370 0.795826 1.144728 0.858987 0.968896 1.258413 0.887595 0.882994 0.817608 1.054637 0.914647 1.058521 1.017799 1.041077 0.981652 1.016071 0.976752 1.258029 1.042322 0.804477 1.009802 1.005001 1.127019 1.121304 0.961144 0.838692 1.243598 0.815058 0.889996 0.887687 
1.220074 0.795826 0.800287 1.205153 0.876328 0.818414 1.044710 0.865027 1.192150 0.849123 0.959602 1.096975 0.908690 1.067813 0.924472 1.006950 1.120159 0.802644 0.841261 1.031483 1.014056 0.988203 0.921518 0.827884 1.025985 1.154987 1.061864 1.047477 
1.220074 0.853576 0.794874 1.186579 1.127303 0.877131 0.818679 0.821486 0.841590 0.885593 0.865569 1.221303 1.023592 0.832924 1.208821 1.028022 0.814222 0.826421 1.156071 1.068539 1.213765 0.948800 1.000123 0.834819 1.161064 1.016494 1.009516 1.150908 0.881099 1.106018 0.976657 1.177314 
1.247745 1.019713 0.801609 1.061707 0.899219 0.908797 0.800114 1.117442 0.795582 0.807255 0.914360 1.071232 0.874962 0.996190 1.184418 1.243019 0.977926 1.194973 1.101015 0.837633 0.924510 1.088257 1.102914 1.214815 1.158934 1.199043 1.223437 1.096536 0.820352 
1.245483 0.820855 0.936942 0.898863 1.206635 1.053920 0.800114 1.243019 0.801685 0.800451 1.185801 0.986213 0.914320 0.795631 1.174162 1.058360 0.818551 1.146836 0.948683 1.090606 0.912043 1.052602 
1.245483 0.879465 0.881522 1.248472 1.130577 0.843591 0.811657 0.826991 0.909917 0.800451 1.139326 1.236479 0.804522 1.232825 0.856940 0.816226 1.177209 0.994270 1.097775 1.022918 0.877229 1.096404 1.108156 1.084142 0.933747 1.038842 0.815356 1.038665 1.181278 
0.917882 0.875725 1.201071 0.826293 1.225716 0.945079 1.010727 0.938716 1.232093 0.805916 1.133833 1.191865 0.855476 0.872239 1.208767 1.256964 0.987594 1.084012 0.909746 1.125936 0.955885 
0.882810 0.889320 0.930272 0.804660 1.148072 1.019741 1.128567 1.256964 1.234339 0.815804 0.854719 1.060793 1.092625 1.024138 0.946815 1.113904 0.839919 
0.806855 1.217282 0.911735 0.833310 1.063349 0.799443 0.795408 1.256964 1.002005 0.796226 1.009040 1.041740 0.985611 
1.012373 1.142010 0.847968 1.244257 1.202145 0.974798 1.253738 0.802216 0.944325 0.818009 0.795680 1.061835 1.066806 1.244265 0.794651 1.145922 0.886196 1.132525 1.140937 1.205262 1.067976 1.236175 0.811865 1.141660 0.817076 1.209121 1.108477 1.065361 
1.000348 0.897903 1.207020 0.865094 0.978919 1.185610 1.081056 1.012938 1.035730 0.830386 1.153821 0.820246 0.794623 0.921280 1.201357 1.022154 0.803571 0.833281 0.961729 1.241802 0.986235 0.825197 0.979757 0.998648 1.077542 1.208528 1.160519 
1.220866 0.797890 1.130176 1.198670 0.794623 1.019841 0.858594 0.807393 0.875741 1.073726 1.062462 1.068221 0.878615 0.814702 1.109807 0.844994 0.820541 0.959042 1.204410 0.865092 0.799737 1.248376 1.025429 0.919583 0.882009 0.981663 0.855793 0.982543 0.946858 
0.954357 0.800643 0.999330 1.213908 0.927022 0.816573 0.846968 0.934143 1.119855 0.973058 0.895191 1.188868 1.171813 1.016935 0.949628 1.095812 1.232070 0.964358 1.233861 1.044454 0.894735 1.065932 0.808247 0.851733 1.182228 0.864506 0.920419 0.915949 1.020607 0.843339 
0.854481 0.803013 1.213758 0.824316 1.053756 0.803242 1.219442 1.020890 0.799695 1.115567 0.801401 1.100369 1.217206 1.199999 1.117110 1.125626 1.045174 
1.229231 1.179902 1.219075 0.971514 1.120831 1.095009 0.820454 0.806671 0.902868 0.922048 0.845287 1.218585 0.991104 
1.007188 1.070488 1.256647 1.209195 0.998744 1.045162 0.827634 0.833558 1.105878 0.929876 1.055040 0.905474 1.021720 0.827119 0.840188 1.227636 1.023559 0.975511 1.133853 
0.886370 1.088420 1.256647 1.005218 1.191477 1.036740 0.840017 1.233322 0.965453 0.986969 1.010958 1.075662 0.934069 0.804194 0.853475 0.882181 0.999274 0.867028 1.165604 1.197348 1.238028 1.186443 0.831202 1.189242 1.219639 1.038398 0.838478 
0.883790 1.224285 1.256647 0.883778 0.807024 1.027087 1.085985 0.814643 0.826399 1.069199 0.874289 1.001760 0.844989 1.060286 1.063443 0.812217 1.061851 1.079421 0.808270 0.840378 1.243964 1.224488 0.974589 0.938822 0.974626 1.016798 0.823995 
0.824081 1.224285 1.255268 0.839817 0.986714 0.850464 0.795665 0.942091 0.943848 1.038894 0.800093 1.118833 1.214893 1.165824 1.247777 0.807009 0.823479 0.963723 0.813160 0.834939 1.111605 1.068500 1.059776 1.096360 1.002145 1.008762 1.125758 1.118698 1.010508 1.183341 
1.024182 1.178726 1.255268 1.069853 0.839097 1.238276 0.952258 0.832717 1.002700 0.965809 1.006622 1.086999 0.973259 0.828808 0.837857 0.817453 1.089366 0.971684 0.818925 0.943315 0.813734 
0.811550 1.175461 1.117598 0.817344 1.087547 1.216570 0.873807 1.002090 1.146144 1.241985 0.817674 1.215519 1.105015 0.915572 0.949985 0.853406 0.933411 1.236536 1.044076 0.979125 
0.811550 0.922438 1.108771 1.197519 0.922126 1.218306 0.884113 1.131405 1.077067 1.241985 1.133135 1.238140 1.117981 0.798247 1.088149 0.961109 0.891173 1.000378 1.030177 0.848421 0.830980 1.132382 1.256447 0.880510 1.118653 1.106718 0.985037 1.077977 1.002394 0.998483 0.818891 0.798118 1.073298 1.025071 0.888780 1.208854 0.890072 1.059113 1.227879 0.971369 1.025957 0.889272 0.823597 1.024189 0.883598 1.101866 
1.041288 0.853903 1.005649 1.102032 1.246427 0.863560 1.137875 1.117923 0.817230 0.805217 1.077821 1.238140 1.115741 0.794611 0.990846 1.132463 1.224109 1.222492 1.094507 1.230318 1.022676 1.119298 1.208894 1.041912 0.967010 1.173497 
1.102177 0.828041 1.016632 1.158306 0.965084 1.143724 0.876907 0.832717 0.863375 1.131015 0.914447 1.257068 0.834433 0.816474 0.967657 1.258088 1.239835 0.981583 1.221617 0.818642 0.842899 0.947438 0.946276 0.904789 0.869875 0.905027 1.045039 1.100385 1.089754 0.982132 0.999797 0.833320 0.960659 1.049285 0.962660 1.153419 1.035071 0.981476 0.886719 1.002740 0.924421 
1.199230 0.805082 0.848270 1.135594 1.075509 0.835032 1.128730 1.208039 0.802056 0.939234 1.209681 0.913522 1.228042 0.957851 0.806875 1.099475 1.016547 1.064672 0.876713 1.017311 1.056631 0.800123 0.816795 0.834319 0.995945 
0.904860 0.794785 0.799402 1.008725 0.849528 1.175723 1.253617 1.006219 1.215355 0.968359 0.893859 1.055132 1.045343 1.085848 1.095293 1.240807 0.856365 0.907913 0.925180 
0.921611 0.810494 0.810308 1.192556 0.830486 0.798915 1.253617 0.809240 1.020042 1.214122 1.127095 1.010287 1.057320 0.815919 0.800295 1.236879 1.119499 0.964030 1.258547 0.958676 0.986582 0.910841 0.817327 1.121044 0.832140 0.900205 0.880582 0.956909 0.865758 0.812694 
0.795864 0.967416 0.807025 0.935510 0.809040 0.983894 1.045155 1.243645 1.051827 1.062319 0.942909 1.217616 1.017035 0.808850 0.954727 0.909847 0.893529 0.936013 0.815389 0.845416 0.928349 0.813981 1.220513 1.111223 
0.795864 1.256085 0.836969 1.251325 1.231756 1.256819 0.850063 0.853462 0.911826 1.113689 0.951381 1.018058 1.229414 0.928673 0.887413 0.896248 0.968239 1.168609 0.960476 1.229526 
0.877572 1.001290 0.805687 0.877549 1.124281 1.256819 0.831725 0.960008 1.010802 0.984237 0.867063 0.835932 1.216594 1.211224 0.974323 0.829868 0.957682 1.000462 1.067609 1.103914 1.249681 0.824854 0.884493 0.868406 
1.038056 0.802433 0.805687 1.224554 1.119881 1.256819 0.937966 1.116329 0.839418 1.228218 1.166324 0.795033 0.808963 0.972594 0.873159 1.219711 1.034735 1.256629 1.058290 1.251410 0.854747 1.021508 1.033285 1.139379 1.095583 1.040062 0.967588 0.922707 1.014059 1.228643 0.926352 0.907122 1.095996 0.874149 0.915689 0.941985 
0.860065 1.224259 1.012141 1.037922 1.224139 1.241999 1.097421 1.201764 0.827490 0.899021 0.983348 0.795155 0.922580 0.975249 1.199167 0.815076 0.929621 0.931625 1.236153 1.033919 0.891172 1.235081 1.234015 0.938914 0.901185 1.172040 1.061661 
1.191871 1.136262 0.989985 1.113722 1.220789 0.841182 1.228466 0.817834 1.118975 0.795160 1.256466 0.799225 1.225392 1.057192 1.225396 1.049570 0.912350 0.885961 
1.193578 1.207880 0.799225 0.799350 0.829230 0.838073 1.125018 1.111761 0.798934 1.244414 1.253345 0.942942 1.148226 0.939473 1.028952 1.033099 1.146596 1.183041 0.977270 1.130674 0.855577 
1.170602 0.897451 0.813539 0.799350 0.938429 0.847744 1.209368 1.185582 1.008226 0.813265 1.253345 0.964682 1.057367 0.974301 1.030765 0.955350 0.851113 1.134417 0.966229 0.922855 0.850068 0.818899 1.178715 0.854868 0.880785 1.244809 0.850500 0.955364 1.232778 1.034021 0.798028 1.102770 
0.821576 0.795366 1.155409 0.797741 1.121514 1.045110 0.929987 0.831812 1.250052 0.960679 1.253345 0.938098 1.160472 1.196812 1.133281 0.986914 0.925539 1.189390 0.812590 
0.991711 0.825866 0.820097 1.038904 0.830028 1.079093 0.867109 1.065291 1.219845 1.233619 1.253345 1.123327 1.126887 0.801240 0.803891 1.210980 1.102779 1.153106 1.183128 0.796046 1.026583 1.088110 1.145292 0.961181 0.847057 0.890376 0.862079 1.168139 
1.078273 0.805029 1.212804 1.056683 1.229502 0.886168 1.097716 1.160532 0.800118 0.796743 0.986688 1.246684 1.044703 0.838395 1.170937 0.908386 0.898314 0.994633 
0.970055 0.818973 1.241760 1.101953 1.072678 1.177136 0.972010 1.040992 0.982908 1.196644 1.133828 0.970840 0.813062 1.179204 1.238459 0.890889 0.824939 0.869214 0.806551 0.931620 0.797042 0.830513 0.892201 0.810968 
0.821026 1.004928 1.241359 1.101953 1.190273 1.202637 0.798678 0.940979 0.919752 0.865075 0.907380 1.081499 0.836596 0.941083 0.878348 1.196852 1.180284 1.035038 1.249750 0.820236 0.866079 0.862494 1.129749 1.056345 0.985140 1.081763 0.938620 0.935503 
0.816786 1.053752 0.896026 0.838473 1.029033 1.084965 0.979626 1.052128 0.805912 1.232857 0.846727 0.842255 0.806558 0.876908 0.856244 0.895090 0.954424 1.229861 0.978496 0.897408 0.903018 1.046084 1.122411 0.857232 
1.133820 1.247627 1.110578 0.959465 1.247303 1.159837 1.116134 1.111837 0.805912 1.050152 0.998646 0.800429 0.858736 0.879223 0.921773 0.936765 1.186409 1.028844 0.810641 1.069758 1.189757 1.133030 0.858969 1.220629 0.950927 0.828248 0.860420 1.130998 0.949607 0.888199 0.802692 1.168689 0.969985 0.980848 0.939737 1.142180 1.012629 0.933714 1.118186 0.893512 1.126548 
0.896868 0.812039 1.222524 0.825711 1.020985 1.194749 0.802692 1.139816 1.232861 1.219063 0.796680 0.824399 0.897811 1.181228 0.840636 1.138285 1.248617 0.909949 1.251559 0.970634 0.831752 1.126199 1.014588 0.919628 0.808049 0.992068 1.112286 1.172416 1.203147 0.805167 1.187823 0.965967 0.903337 1.171748 0.807478 0.997957 1.241275 0.812443 1.087416 0.884175 1.057185 1.080365 1.002544 
1.252605 0.871718 1.210117 1.087293 0.836571 1.040282 0.812361 0.848075 0.833038 0.812000 0.796904 0.918067 1.048248 0.979328 1.246494 1.159254 0.986719 0.930322 1.025512 0.808970 0.820779 0.963664 0.960283 0.811743 0.933010 1.001486 
1.239329 0.798754 0.833131 0.845229 1.107456 1.097488 0.811541 0.945162 1.227131 0.848474 0.815555 1.252130 0.803718 1.071735 0.984977 0.860797 
1.139141 0.798754 1.035997 0.886784 0.819399 0.889681 1.199950 1.242639 1.155534 0.795319 1.102857 1.099669 1.187270 1.041279 1.078941 1.094790 0.870968 0.940978 0.820888 1.007731 1.128667 0.871140 1.029474 1.167271 0.938188 0.796078 0.922186 0.843997 0.929083 1.199870 1.167620 0.909718 0.922905 0.817118 
1.206120 1.114254 0.797977 0.824712 1.222988 1.009029 0.806471 1.001001 1.091647 0.804353 1.240573 1.168563 1.035462 
1.020193 1.125487 0.815109 0.847620 1.252245 0.804795 0.842972 0.833231 1.039352 1.156626 1.067552 1.231585 0.859164 0.834571 0.918712 1.038373 1.198408 1.173143 1.106710 0.827234 0.936685 0.954376 1.252308 0.990941 1.031185 1.104315 1.112634 
1.209662 0.922083 0.829340 0.944610 1.022585 1.085325 1.032965 0.824465 1.228274 0.862484 1.087040 0.900451 1.241697 0.899828 0.970209 1.099534 0.905516 0.799504 1.127046 1.247297 1.111941 1.085247 1.153232 0.817868 0.942748 0.915115 0.995096 
1.244410 1.063033 1.216151 1.137725 1.109491 0.822043 1.118468 0.799504 0.797045 0.961492 0.965167 1.157265 1.237462 0.917599 0.947768 0.903539 1.248608 
0.922277 1.015336 0.817748 1.202660 0.994025 0.803796 0.857613 1.229848 0.797045 0.864444 1.125441 1.256491 1.241305 1.129710 0.872149 0.999638 0.928127 0.862165 0.908694 0.934198 1.059079 0.957147 1.095157 1.078901 
0.846891 1.059307 0.995447 0.943167 0.802656 0.852568 1.003422 1.170583 1.108481 1.242398 1.110593 0.949591 0.948498 0.856982 1.200344 0.915067 0.841686 1.114386 0.886073 1.257697 1.190942 1.090414 0.810066 1.149361 1.045512 0.827049 1.114223 1.182094 0.892325 0.933666 1.032324 0.910105 1.003785 1.245605 0.909842 0.822836 
0.806814 1.235681 0.841139 0.929845 1.048276 0.843248 1.258396 1.150206 0.808852 0.821137 0.819000 0.951959 1.171303 0.941959 0.798140 1.118231 1.032111 
1.191242 0.985608 1.241010 0.808771 1.245149 1.136963 0.967932 1.133753 0.939196 0.809600 1.094376 0.848378 1.021977 1.240966 1.223676 0.928691 0.809227 0.906023 0.834829 0.952278 0.901898 1.067697 
1.183418 0.861750 1.248904 0.809895 1.114978 0.960151 1.070357 1.236031 0.959580 1.060734 1.077498 1.075001 0.837586 1.257796 1.120493 0.985953 0.814010 0.803325 1.178200 0.794522 0.932176 1.049030 1.252966 1.062197 1.175036 1.161169 1.146570 0.808383 1.244739 0.929791 1.027578 0.866332 0.917518 1.020176 
0.805327 1.025746 1.248904 0.829215 0.906989 1.231725 1.045227 1.064232 0.828288 0.844291 0.867721 1.132759 1.115559 1.247172 0.905097 1.012628 0.948875 1.005502 0.975079 1.103652 1.086471 0.879160 0.913046 0.840608 1.019529 1.109574 0.893935 1.042943 0.953289 1.170836 1.204399 
1.251897 1.111751 1.023485 0.798570 0.965241 1.130838 0.808199 0.802549 0.926774 0.924160 1.204501 0.825173 0.944599 0.818714 1.208584 0.992239 0.874337 1.242454 0.852127 1.069711 0.987744 0.794428 0.801010 1.039342 0.999239 
1.251897 0.909180 0.875442 1.119799 0.888042 1.057411 0.981873 0.963321 0.804525 0.795512 1.077824 1.165687 0.957604 0.919396 1.114110 0.841650 1.032237 1.155869 0.924065 1.110782 1.213685 0.877102 
1.251815 0.856440 0.964727 0.804317 0.909848 1.170506 1.094591 1.064404 1.052850 0.803582 0.990074 1.084828 0.919946 1.237988 1.023358 0.991016 0.901513 0.988488 1.206379 0.992913 0.914737 1.114595 0.825229 1.138898 1.096907 1.121073 0.807456 0.860456 1.111717 0.802727 0.819966 
1.251815 1.243230 0.881213 1.077358 0.795214 0.831698 1.239955 0.981329 0.858266 1.010843 1.244452 1.231390 1.155449 0.847378 0.937107 1.207658 1.158410 0.889743 1.040661 0.860238 0.914864 0.917597 1.128882 0.798074 0.958606 0.843753 1.256834 1.075845 1.029278 1.106092 0.823573 0.972460 
1.179874 1.208750 1.080485 0.796437 1.036981 0.799962 0.800675 0.989357 0.832069 0.938177 0.827004 1.140874 1.206771 0.833720 0.837669 0.996776 0.982815 
0.960640 1.080647 1.052991 0.902872 0.969414 0.802280 0.802759 0.884752 1.212765 0.859867 1.008008 0.879531 1.164702 1.257584 0.831670 1.042909 1.177324 1.241666 0.998800 0.960756 1.110065 
0.944250 0.854576 1.012544 1.177788 1.052702 0.802280 1.126927 0.802672 1.243672 1.217678 1.206267 0.837876 0.842184 1.082823 1.140286 0.977523 1.101932 1.152949 
0.838653 1.129447 0.835111 1.026288 1.189681 0.802280 1.127170 1.006497 0.846353 0.804540 0.799707 1.015389 1.026743 1.251440 0.859441 1.239924 0.839361 1.127007 1.237593 1.061610 1.163681 
1.237545 0.830707 1.047852 1.061968 1.242500 0.799037 0.879366 1.247621 1.058628 0.932103 1.128074 1.000080 0.855891 1.143488 
1.237545 0.822768 1.127821 1.111336 1.090440 0.814755 0.848163 1.121589 0.952660 1.230467 0.863641 0.992344 1.233943 1.111906 1.152092 1.086799 0.812509 1.206500 0.912836 1.236959 0.997827 1.187651 1.026430 0.933274 
1.241028 0.801441 0.990256 0.837682 1.175584 0.982073 1.203878 1.137450 0.812546 1.011808 0.930037 0.813624 1.078678 1.007633 1.255153 0.806576 0.813836 0.904299 0.826036 0.870074 0.934205 1.023084 1.078122 
1.115573 0.803104 0.885626 0.977691 0.806576 0.815390 1.169081 0.904959 1.241841 1.077838 0.842883 0.817224 0.818004 0.808088 1.211026 0.858109 0.795863 0.989756 0.862284 1.117829 
1.237313 1.227785 1.230728 0.808088 1.131360 0.824892 1.198575 0.993540 1.216172 1.033516 1.205527 0.905970 1.098045 0.909242 1.164620 1.137002 0.998414 0.904432 0.893715 1.000991 0.984278 1.061633 1.104510 0.880815 1.069354 1.179236 0.881921 0.865327 1.075954 0.907631 0.911947 
0.965646 1.238020 1.132267 0.797195 0.974864 0.829010 1.039338 0.993901 1.109607 1.154838 0.960702 1.009638 0.878722 1.243274 1.176376 1.046222 0.826430 1.037657 1.172498 1.097891 
0.851575 0.852548 0.812897 1.022052 0.809008 0.859111 1.241313 1.041464 0.805225 1.241125 1.155072 0.965444 1.233085 1.015905 0.960789 
1.122253 0.873465 0.797508 0.972010 0.847617 0.815969 1.213827 0.911397 0.805045 1.185970 1.063805 1.012707 1.231815 1.071637 1.213549 1.000304 0.977264 1.197746 0.927411 0.796877 0.905710 1.205455 0.870938 1.073388 0.949718 1.196867 
0.841448 0.838282 1.031194 1.000608 1.157266 0.846930 0.921592 1.245915 1.162561 0.841384 1.125087 1.204147 1.115297 0.886962 0.924065 1.161524 1.014025 0.938240 1.204669 0.858141 0.906511 1.153594 1.242424 1.097166 
0.983051 0.795006 1.196156 1.035522 0.935026 0.801336 0.836609 1.245915 0.931942 1.139282 1.184918 0.890547 0.875089 0.964337 1.220324 1.032808 0.868756 1.023700 0.957522 1.140869 0.876179 1.131889 0.891613 0.873001 0.878936 
1.252965 0.840944 1.256035 0.970911 0.875327 0.796702 0.979797 1.249705 1.037343 0.880973 1.133133 1.058642 0.842400 0.935087 0.969554 0.921978 1.115025 1.050245 1.202780 0.856188 0.877043 1.132091 0.874237 1.091126 0.833010 0.844876 0.863039 0.875834 
0.841807 0.992418 0.967271 1.158178 1.233737 0.796702 1.126153 1.249705 1.030537 1.243191 0.841026 0.829512 1.081975 0.874456 1.139896 1.202431 
1.077109 1.248427 0.801950 1.048487 0.856346 1.087034 0.858043 0.798292 0.813496 0.817832 0.896474 1.085530 1.196797 1.209853 0.989725 0.815065 1.171117 1.031671 
1.107076 1.248427 1.145149 0.860248 0.892340 0.823204 0.800956 1.128167 0.818225 1.245436 0.992255 1.201083 1.253674 0.849939 1.076808 1.131429 1.247232 0.831983 0.951843 0.949700 0.797280 1.013284 1.120373 0.878831 
1.014437 1.248427 0.842146 0.988853 1.006255 0.812266 0.845833 0.796256 0.839638 0.862354 1.128997 1.190466 0.828457 0.860451 
0.875909 0.799132 0.977777 1.082167 1.160054 1.233481 1.192030 0.877497 0.945627 0.934085 0.804352 0.838819 1.015356 0.938185 0.877816 0.892167 
1.175057 0.798836 0.836239 1.231372 0.898605 1.246951 0.797426 1.244597 1.039165 0.970590 0.804352 1.039604 1.062046 1.055066 0.934557 0.951192 1.214091 1.130156 1.252847 0.999598 1.049743 1.090918 0.941373 1.075229 1.098297 0.806694 0.938379 1.247971 1.121355 0.943749 0.846141 1.038402 1.169392 1.051153 1.107497 1.189795 0.985972 1.198077 1.107700 
0.994891 1.044816 1.207604 1.258034 1.142444 1.224359 0.958404 1.230257 0.869939 1.212716 0.794687 1.058309 0.815751 0.810603 0.939802 0.798319 1.084594 0.917959 0.835278 0.884811 0.862925 0.961313 0.807605 
0.813873 0.810603 0.876944 1.205320 1.097607 0.863312 1.031023 0.809482 1.180906 1.187487 0.929045 0.819054 1.143963 
0.907679 0.858994 1.181141 1.238644 0.816505 0.810324 1.035770 1.174954 1.178281 0.935838 0.830236 0.996549 1.230486 1.027490 
0.803179 0.847955 0.797383 1.043679 0.866551 1.033622 1.251300 1.004783 1.023097 1.090171 0.822006 0.837949 1.242285 0.908452 1.008469 0.943536 0.967687 0.950947 1.085087 
0.806851 1.073208 1.245889 0.796656 0.961238 1.153219 1.258487 0.808995 0.873459 0.800108 0.844153 0.797655 0.971026 0.958289 0.817477 0.983245 0.795911 0.928486 0.850742 0.918638 1.176233 1.162571 
0.806851 1.020876 1.014537 0.849061 1.178434 0.844153 1.238262 1.070731 1.199009 0.887980 0.833005 1.051883 0.814105 0.820147 0.905394 1.027464 1.016293 1.020361 0.912888 0.875536 0.794408 0.924704 1.159722 1.217038 0.933638 0.832188 1.007265 0.944151 1.160847 0.895879 1.110448 
1.100765 0.794408 1.083916 1.026201 0.906630 1.027782 1.188902 0.864241 0.898634 0.933821 1.229873 0.906151 0.796072 1.025933 1.139961 0.803734 0.858205 1.077198 1.192109 0.993320 1.123491 0.802739 1.253421 0.881567 
1.106318 1.245060 1.012568 1.250951 0.834579 1.165324 0.818762 1.219910 1.096990 0.991650 1.050385 1.221933 0.796072 1.127433 1.247102 0.801626 1.041261 1.051472 0.940271 0.818745 1.001936 0.968724 0.914430 1.189523 0.952250 1.213619 0.945243 1.031234 0.829903 0.857866 
0.814680 1.123178 1.252728 0.822142 1.192252 0.905586 1.244063 0.951901 1.006854 0.868669 0.870623 1.117856 1.013068 1.003533 0.889768 1.043890 0.996067 1.135540 1.100750 0.968069 0.870461 0.925516 1.100547 0.891571 1.114689 1.045339 
1.123599 0.834539 1.252728 0.799425 1.004187 1.189050 1.248289 0.949965 1.153242 1.059548 1.130117 0.842232 1.026286 1.149434 0.877178 1.204926 0.862517 1.079498 1.240582 1.145491 1.200281 1.117526 1.159314 0.865468 0.979322 
1.040378 1.231255 1.208345 0.799425 1.107399 0.912643 1.012182 0.829630 0.830681 1.243094 1.198435 1.145779 1.050900 1.065400 0.928369 0.890891 0.921044 1.104703 
0.971250 0.800370 0.931503 1.081796 1.244151 0.918829 1.009651 0.954259 0.814026 0.978022 1.239461 1.073940 0.843769 1.051575 0.830574 1.026533 1.133944 0.932037 
0.820467 1.222284 0.901734 0.922784 0.905502 1.069339 1.031686 1.116535 1.058625 0.797324 1.054412 1.060296 1.073906 0.875390 0.987279 1.028504 1.229159 0.879579 1.228821 0.965127 0.948537 1.204856 1.148288 0.902296 1.205499 1.119745 1.059867 1.052792 0.991238 0.875919 
0.822719 0.823837 1.249769 0.926152 0.798617 0.896702 0.863466 1.114377 1.137936 0.856718 0.850038 0.935437 1.186097 1.257617 0.881471 1.059830 1.206382 1.090303 1.008198 1.047058 0.912761 1.112999 
0.878952 0.809839 1.249769 0.796062 0.800996 1.075026 1.255449 0.983566 1.173394 0.863924 1.188987 1.215112 0.850812 0.864048 1.065514 1.075566 1.078997 0.923579 0.962984 1.122470 1.032349 0.957090 1.062868 0.809940 1.156867 1.231865 1.009246 1.048447 0.811158 0.851486 
1.045690 1.071004 1.249769 0.796062 0.885586 0.834740 1.050515 0.848663 1.127306 1.253472 1.013219 0.942793 0.824646 1.235941 1.037932 0.899970 1.065141 0.984465 1.207343 
1.048787 0.898957 0.893032 0.796062 1.250685 0.794400 0.859520 1.153510 1.104811 1.244901 0.869233 1.091453 0.808273 0.873064 1.083479 0.797510 0.990150 1.040390 0.826281 1.195811 1.172053 0.930529 1.196555 0.949090 1.166941 0.844915 0.977961 1.079492 1.224594 1.061890 0.837439 0.833430 
0.802620 1.236839 1.057170 0.897101 1.256144 1.128675 0.894467 0.797099 1.258368 0.910036 0.818856 1.198195 1.056273 1.115092 0.961628 1.014658 0.816148 0.909667 0.816633 1.204569 0.817112 0.942725 1.157459 1.188845 1.040675 0.808986 1.148499 0.894999 0.828780 0.904299 1.179871 1.087090 1.064019 0.960249 
0.821022 0.825817 0.933183 1.245358 0.876528 1.167266 1.061375 0.797099 0.828930 0.863481 0.821195 0.819769 0.901787 1.117058 0.927179 0.855764 0.826154 1.068769 0.901465 1.221071 1.245523 1.236670 1.235297 0.997821 0.967725 1.098676 0.851432 0.843604 1.195106 
0.868420 1.168665 0.868166 1.011269 1.052057 0.846107 0.832678 1.056538 0.807989 0.865501 0.806867 0.808126 1.076710 0.976213 1.219892 1.203874 1.254696 0.818398 0.911871 0.822186 1.176064 1.105861 0.854414 1.253556 1.063796 1.146425 0.981747 0.892009 0.966211 1.159668 1.038384 
0.860414 1.210591 1.224058 0.820544 0.837601 1.200344 1.026918 0.882592 0.796394 0.970871 0.975905 1.223073 0.891880 0.992322 0.969876 0.995408 0.971978 1.103732 1.172557 0.881800 1.201662 1.185613 
1.174169 1.010942 0.843089 0.799468 0.901583 1.014122 1.212624 0.872763 0.796394 1.183931 1.076343 0.795677 0.885908 1.017294 0.795778 1.232482 1.140768 1.112877 1.006500 1.156822 0.830960 1.185984 
1.254520 0.796939 0.888360 0.795677 0.888679 1.092381 0.843846 1.038189 1.053388 0.819519 0.796908 0.809991 0.831673 1.106539 1.234480 0.851550 0.822203 1.255038 1.087264 0.912871 0.832778 0.851608 
0.830891 1.103692 1.027567 1.078167 1.103789 1.184088 1.247310 0.795497 1.207958 1.251797 1.151218 1.143949 0.812041 0.971106 0.938082 
1.253488 1.095675 1.219324 0.844891 1.257483 1.152994 0.818747 0.797876 1.256130 1.006494 
0.816385 1.248185 0.812933 0.802834 0.886700 1.158448 1.111092 0.799654 1.256130 1.008790 1.132799 1.092970 0.833071 0.886201 
1.215669 0.795080 0.812933 0.875170 1.057861 1.055870 0.957332 0.996477 1.256554 1.003010 0.798296 0.937704 1.030172 0.897695 0.944204 1.026053 0.997574 
1.220184 0.973546 1.120483 1.013795 0.883030 1.238276 1.113308 0.837522 1.256554 1.256727 0.850355 0.814262 1.061504 0.827896 0.799196 0.913373 1.088166 0.894598 1.016316 1.195123 1.201512 0.995222 
0.970803 0.913719 1.249394 1.132357 1.191552 0.961186 0.820704 0.971004 1.256554 0.870485 1.197061 1.018389 1.187676 0.945982 1.017949 0.818044 0.916204 1.165157 0.807733 0.822618 0.874013 0.938631 0.958250 1.007699 1.070313 1.059830 0.796394 1.036050 
0.947374 1.040088 1.252550 1.233271 0.812635 0.834639 0.991279 0.862206 1.233321 1.205382 0.929074 0.874499 1.120879 0.853178 0.887049 0.985320 1.220080 1.188762 
1.169084 1.063113 1.252550 0.941220 0.809716 0.806169 1.181118 0.942350 1.001819 1.105939 1.201347 0.912082 0.844134 1.180683 0.813056 0.851303 
1.074486 0.796381 1.252550 1.248930 1.016360 0.800012 0.948527 0.847213 1.034147 1.137644 1.237618 0.808844 0.805513 0.795371 1.188301 0.827252 0.840730 0.840846 0.810232 1.132573 0.921770 1.128412 
0.992670 1.234655 1.257517 0.986959 0.940516 0.800012 0.856089 0.795371 0.885946 1.196373 0.851164 0.836708 1.130339 1.240768 0.882584 1.133018 1.015605 1.253535 0.878524 1.010937 0.940295 1.087859 0.799311 0.813132 0.843721 0.897750 
0.825878 1.251398 1.257517 1.129552 1.110284 0.828996 0.863295 0.798615 1.135385 0.973872 0.801805 1.162175 1.087033 0.966715 0.992995 
1.202634 0.877702 1.251514 1.059968 0.880558 1.029294 1.001958 1.060859 0.806086 1.016681 1.237631 1.064265 0.795335 0.901135 0.818927 0.808844 0.931172 0.923977 0.827205 1.133896 1.102209 0.966972 0.995633 0.845412 0.908118 1.244954 1.218888 0.810518 1.007095 1.030123 1.254363 0.845345 
0.924862 0.969737 1.192511 1.074538 0.987094 0.850926 0.969122 0.795121 0.820662 1.106848 0.797646 1.242406 1.009115 0.879174 1.088402 1.040471 1.037247 0.857568 0.815017 0.933028 1.245817 
1.016049 1.121303 1.247909 0.968346 0.984274 1.133897 1.253127 0.807029 0.933553 0.970493 0.865141 0.837508 1.178303 0.832241 1.007143 0.902776 1.194004 0.811134 0.993293 0.864402 0.847475 0.809689 1.242076 0.812893 
1.047598 0.977536 1.185685 1.163372 1.244701 1.013741 0.964039 0.973682 0.802191 0.797596 0.847364 1.176378 0.914343 0.843442 0.999722 0.803878 1.120220 0.817889 0.948149 0.957903 1.055440 0.847608 
0.902815 0.934497 1.000091 1.105514 1.124918 1.197499 0.866248 0.863390 0.802191 0.797596 1.092725 1.074295 1.033470 0.811547 0.815562 1.124106 1.016713 1.014411 0.989783 0.981766 0.931804 0.857534 1.038620 1.223197 1.241223 0.862618 0.936145 1.255755 0.840910 0.881843 0.943954 0.871669 0.886598 1.158748 1.188109 1.011600 0.905709 1.223106 0.952055 1.045522 
0.921488 1.065210 1.156028 1.246250 1.099071 1.051434 0.888894 0.967455 1.244639 0.833940 0.850116 1.147547 1.142053 0.815409 1.115321 0.896278 0.928663 0.998650 0.859063 1.079489 0.899863 1.174944 0.807210 0.916541 1.005277 1.237992 0.808831 0.862631 1.188753 1.195483 0.890500 
1.161531 1.239933 1.043552 0.827781 1.188365 0.832883 0.801841 0.908896 1.241856 1.237032 1.226369 1.195677 0.948484 1.254360 1.247195 1.214103 1.012017 0.817288 0.892455 0.939756 1.255876 
0.860827 1.258471 0.823308 1.257822 1.177558 1.111843 0.828827 1.227488 0.910351 0.815462 0.901895 0.912626 1.131739 0.943724 
1.078205 1.254871 0.829248 0.905245 0.995316 1.236171 1.139751 0.816390 1.050725 0.863885 1.009115 0.816014 0.994262 1.021785 1.239478 1.245198 1.034283 0.963301 0.985098 1.067994 0.849796 0.975250 0.810186 0.918807 1.128824 1.085707 1.140709 0.902593 1.227030 1.209580 1.022332 0.921740 1.036658 1.190098 
1.018954 1.254871 0.811616 0.971360 0.810332 0.831705 0.825344 0.852253 1.152605 0.827546 0.847333 1.239405 1.064017 1.166253 1.175630 1.143669 1.102087 0.873302 1.256659 1.249498 0.894949 0.895883 0.863299 1.081749 0.814491 1.047461 1.240819 0.954186 0.798363 1.149471 1.253977 1.189554 0.946544 0.838921 1.032271 1.071954 0.896218 
1.258709 1.254871 1.124618 0.798661 1.114548 1.116246 1.176919 0.966709 1.236867 0.953729 0.930779 0.904134 0.878076 0.840000 0.795204 1.062730 0.872546 1.002520 0.833175 1.245048 1.062217 1.019309 
1.174125 0.937750 0.821094 0.798661 0.991858 1.001767 0.799432 0.863463 0.853524 0.820133 1.026717 0.933449 1.030132 0.904627 1.156412 0.947162 1.182646 0.840760 0.818831 1.211263 0.932228 1.246339 1.027932 1.101807 1.044067 0.930600 1.241669 0.887908 0.887441 
0.838350 1.019425 1.094629 0.810839 0.858397 1.204369 1.175488 1.247175 0.841025 1.251156 0.827313 0.798451 0.807920 1.051684 1.150470 0.805449 0.826800 0.840686 0.880786 0.827697 0.885760 0.894016 0.968616 0.816442 
1.240020 1.243308 1.125504 1.215570 0.827670 1.247145 1.115696 1.091169 0.866880 1.210764 0.885844 0.839823 0.797024 1.247251 1.140749 0.850450 1.209854 0.802475 1.221840 0.805735 0.853592 1.096784 1.004197 1.048431 1.120307 0.860370 0.912405 0.865960 0.984008 1.147200 
1.032370 1.249875 1.143786 0.812683 0.796591 1.247145 0.999017 1.144653 0.802475 0.797916 1.032077 1.024514 0.798012 1.213694 0.977767 1.243777 1.235187 0.814003 0.944553 0.862626 1.119783 0.951343 
1.021326 1.231289 1.050908 1.182126 1.073685 1.221581 0.805824 0.801985 0.904295 1.001070 0.995275 1.180437 0.905664 1.015805 0.905375 0.823185 1.139020 0.982385 0.934028 1.052078 
0.896312 1.233250 0.912003 1.094625 1.183378 0.800745 0.816665 1.068111 0.927758 1.007951 0.873440 0.875499 0.812147 1.135406 1.072801 0.970763 0.805142 1.183741 1.253428 0.964337 1.120086 1.144957 0.994255 0.867208 
0.802311 1.255108 1.102603 1.031136 1.238404 0.813003 1.018987 1.084671 0.817032 1.055246 0.883514 1.168362 0.988830 0.810407 0.798505 1.247763 0.858537 1.040086 0.943686 1.099896 
0.822573 0.806719 1.082590 0.904357 0.976934 1.081806 0.810738 0.900861 0.794621 1.248196 1.011111 0.983567 0.855240 1.044396 0.840263 1.247128 1.149596 0.855952 1.225667 0.938590 1.217250 0.884701 0.882370 1.020322 0.832428 0.823470 1.176748 1.102105 0.996597 1.005746 1.061477 1.039573 1.110549 0.965003 0.929110 0.849567 1.097904 0.810303 0.866621 0.952167 1.082767 0.854691 0.882578 0.934573 
1.102058 0.960995 0.821748 0.898887 0.848822 1.096098 0.813560 0.986410 0.794621 1.058039 1.185373 0.814753 0.843982 1.175472 1.218414 1.247128 0.952599 1.041920 1.252940 1.003682 1.129852 0.966086 0.807110 1.001006 0.812125 0.969257 0.905051 1.178422 0.818778 1.243850 0.928774 
0.925668 0.799677 0.913746 1.090748 0.896597 1.123787 0.998541 0.864871 1.221724 0.860357 1.255398 1.245586 0.797127 0.799348 0.999285 1.098511 1.005065 0.872216 0.804671 1.193877 0.801127 0.870928 1.052760 1.258152 0.887071 
0.932548 0.799677 1.025203 1.091611 1.258068 1.109623 1.048117 1.096914 1.185147 1.001214 0.824894 0.976663 0.837881 0.794988 0.818908 1.125014 0.963777 0.806168 1.251299 1.173254 0.836494 1.013546 0.925571 0.976840 0.938547 0.990720 1.243049 1.141117 1.199880 1.181289 
0.822280 0.869334 1.051916 1.149049 1.110019 0.802119 1.240665 1.249818 0.802394 1.173094 0.947883 0.811056 0.933729 0.824160 
1.121973 0.982744 1.081222 0.982107 0.831029 1.084030 0.809256 1.183324 0.802394 0.994224 1.201076 0.952781 0.804052 0.878405 1.248814 0.876633 1.111482 1.195471 1.235493 0.944252 1.048227 0.832376 0.996508 0.893289 0.979370 
1.001937 0.866180 0.947231 1.248814 0.809849 0.847473 0.981589 0.916563 0.814434 1.246976 1.212163 1.064014 1.237101 1.035684 0.939335 1.107640 0.844865 0.818800 0.890961 1.110683 
1.237965 0.951560 0.907769 1.207671 0.809849 0.998827 1.179190 0.896821 0.814434 0.914155 1.194543 1.080949 1.214077 1.212928 0.858530 0.897254 0.831931 0.830188 1.017867 1.135200 1.148068 
0.800936 1.202062 0.886395 1.212171 0.876193 0.832956 1.013294 0.905751 1.013942 0.796014 0.827920 0.857817 0.825218 1.024168 1.013855 1.122345 1.061421 1.240639 0.843233 0.799050 
0.835164 1.197883 1.138643 0.818233 0.993228 0.928069 0.873691 1.206325 1.247429 0.796014 1.200843 0.837284 0.967864 1.027044 1.025309 1.051969 1.213425 0.842261 0.930301 0.876689 1.170673 1.022180 0.963697 0.883268 1.212215 0.952864 0.944808 0.808097 
1.134878 0.811660 0.882813 0.948443 1.127072 1.116064 1.092465 1.235083 1.256218 1.024861 0.976707 0.972694 0.821332 1.052492 0.833736 1.090911 0.897174 1.027239 0.856506 0.811231 1.116499 0.952205 1.211352 1.128542 0.814764 1.128727 0.796148 1.001010 1.110811 0.815139 1.134202 0.846921 1.067705 0.911119 1.165587 1.186120 
0.802600 1.065850 1.132007 0.802413 0.798222 1.258894 1.253690 1.187719 1.256218 0.839965 1.110153 0.938589 0.931950 1.111643 1.141879 1.037092 1.061410 1.026097 1.085223 1.058964 0.882775 0.919007 0.857684 0.850738 1.027246 0.925446 1.238244 0.863398 0.873561 1.132631 
0.998273 0.945395 0.955913 1.012010 1.099087 1.258894 1.137204 1.069557 1.256218 1.134538 1.115098 0.826032 1.096909 0.802568 0.824305 0.846125 0.913564 0.822242 0.799286 1.232629 1.000831 1.177605 1.064711 
1.018006 0.861690 0.802568 0.986051 0.824015 0.898285 0.886057 0.894563 1.255525 0.844344 0.949477 1.008897 1.162948 1.128380 0.856262 1.229116 0.881960 0.913611 1.257984 1.154274 1.089803 1.060825 0.922034 0.977605 1.170232 
0.864528 0.917479 0.886891 1.144939 0.902474 1.228906 1.001383 0.798815 1.255525 0.841255 1.244419 1.080228 1.126964 0.800603 1.222958 0.928466 0.803095 0.847745 0.982920 0.806697 0.991648 1.064030 0.839397 0.819862 1.201812 0.846942 1.157093 1.190118 0.901380 1.145777 0.997856 0.967732 0.920354 1.187522 1.112040 0.968642 0.843288 1.170449 0.818842 
1.111406 1.061960 1.023970 1.038487 1.229483 1.043187 0.873240 1.006031 1.119412 1.050547 1.161852 0.827775 0.826838 0.799162 1.119096 0.808886 0.795694 1.236387 0.829858 1.067557 0.941857 1.242907 0.944239 0.815593 
1.133378 0.815593 1.047631 1.220899 0.961461 1.224560 0.958551 0.796322 1.094723 0.859864 0.858349 0.845195 0.864803 0.981197 1.020374 0.808886 1.098744 0.986408 0.841755 0.876824 1.243137 1.053763 1.257257 0.936363 
0.795832 0.945616 1.048072 0.956349 0.820134 0.807405 1.088382 0.949189 0.941643 1.196375 1.032222 1.204708 1.153161 1.257257 1.210638 0.808886 1.247714 0.891652 1.224275 0.812293 1.258522 1.175917 
0.795187 0.959041 1.099030 0.908454 1.212180 1.159654 0.808886 1.257257 0.870836 0.807662 0.893544 0.990192 0.914013 1.029314 0.799888 0.903730 0.797509 
0.808640 0.931523 1.170955 1.065996 0.826818 0.802776 1.058215 1.062170 1.208344 0.955252 1.058573 1.019010 1.240744 1.257056 0.857992 0.797663 1.250520 1.132016 0.975722 1.139739 
0.977552 1.120124 0.799660 1.116073 1.060981 1.254160 0.795726 0.952641 1.230230 1.252090 0.808486 0.904531 1.058511 1.128284 
0.815722 1.238341 0.802818 1.081889 1.017339 0.890377 1.207911 1.158887 0.866934 1.011641 1.211156 1.242297 0.896302 1.143305 0.823997 1.252787 
0.910728 1.247759 0.803722 0.798278 1.147875 1.019416 1.079110 0.869597 1.250848 0.858074 0.893314 1.042378 1.156729 0.849851 0.873783 1.205798 1.048677 0.816268 1.067939 1.014521 1.157613 
1.077362 1.247759 0.827272 0.833510 1.119724 1.035515 0.826835 1.221687 0.797830 0.907088 1.215502 0.954734 1.255540 1.216800 0.881512 0.843823 1.193347 1.057675 1.127699 0.892540 0.861286 0.935709 0.935027 0.878180 
0.936243 1.258114 0.905201 1.157310 1.002493 0.814801 0.825572 1.127779 1.237996 0.871011 0.824459 1.116249 1.133938 0.843305 0.975241 1.177273 1.135982 0.802112 1.094110 1.108481 
1.100245 1.251409 0.932766 0.810681 0.798540 1.248387 0.901302 0.869693 0.894807 0.816202 1.180110 1.192075 1.213510 0.921740 0.805116 1.042037 1.227621 1.234614 1.125605 1.051519 0.861538 
1.018304 0.983168 0.840537 0.805360 0.798540 1.226979 0.862922 0.842838 0.820484 0.853064 1.185648 0.983168 1.089367 0.967485 1.252740 1.071188 1.057131 1.235952 1.158347 1.072943 0.822597 0.939445 
0.913563 0.800582 0.980148 1.104903 0.798540 0.824505 1.246660 0.958532 1.243214 0.798526 0.855008 0.848815 1.065683 0.903255 0.872584 1.202010 0.923646 1.169572 1.039224 1.116275 0.947038 0.817175 1.053066 
1.091072 1.034126 1.039674 0.873876 0.806697 1.030275 1.256237 1.064347 1.243214 0.987263 0.968306 0.887812 1.106784 0.865132 0.851785 1.201497 1.242201 1.060557 1.017931 1.006391 0.967811 0.894564 1.247164 0.934401 0.830429 1.074721 0.805398 
1.017458 1.195289 1.019531 0.932345 0.806697 0.853869 1.253164 1.243674 0.999337 0.800101 1.121706 0.814111 0.889938 0.815546 1.046399 1.030584 0.971860 0.972266 1.117363 0.882029 0.924820 1.149935 1.056478 
