153.222070 152.395574 151.513277 152.485187 149.981974 150.697606 150.103705 149.783703 148.837721 150.127710 148.016590 149.169903 148.802072 150.960533 151.825793 149.986291 149.190045 149.106316 151.355402 149.300243 149.330028 148.781699 150.023343 152.844125 150.199066 151.899316 148.347558 149.898348 149.709680 147.857167 
152.783182 152.646186 152.523298 152.485370 148.680259 149.232014 150.308801 
149.111972 147.878538 149.368612 147.511158 152.379319 151.034374 152.679448 149.394099 150.963133 149.456593 151.999467 149.672499 152.794649 151.711310 148.886611 150.204223 148.026556 148.542257 149.434815 148.449064 149.785084 149.018855 149.769368 148.956867 
149.022474 150.293014 149.042220 153.275313 149.430621 148.419336 149.128652 147.114796 151.944888 152.621756 148.128061 147.820928 150.147481 149.527917 148.823983 
149.410471 150.942177 147.360918 151.279279 148.975349 152.603349 152.254678 150.258952 147.845999 149.831535 147.422927 148.977579 149.386958 149.159904 149.535134 148.437934 148.230760 148.726772 
149.149888 149.519101 152.558290 152.041585 147.932492 150.538408 150.701919 152.712566 152.936680 148.839020 150.959318 149.672006 147.606185 149.446304 150.950687 149.323394 150.632614 149.794878 148.894341 152.824718 148.647703 152.631724 
148.896336 148.999792 148.089807 150.258313 153.069940 148.403685 148.242654 149.198671 149.329419 148.773577 153.310885 149.583211 152.911583 150.337146 147.707733 151.538071 150.342816 150.253997 153.282528 147.932594 153.200646 148.352972 150.528826 151.589405 151.607689 151.346832 149.148717 149.879527 149.482855 147.976879 151.084502 149.932209 147.037647 150.179684 151.324235 149.300307 152.651462 148.646153 
151.610088 152.314857 152.726700 151.206937 149.894718 152.714874 149.444148 147.193427 150.748571 149.381454 149.831286 149.872241 151.773775 149.896733 150.573805 149.913588 152.346389 148.064515 147.756721 150.072186 148.164222 152.778356 150.582180 149.782658 148.922766 
150.772154 148.247927 152.767663 151.651791 148.293714 152.491655 148.905374 150.368775 151.348932 147.390278 147.748998 148.012336 150.517733 150.064942 148.535540 149.987721 149.790251 152.414830 149.667775 149.002356 148.985901 148.072851 151.127901 
151.490865 152.861941 148.088997 149.541291 150.307918 149.546190 150.863208 149.246975 151.498179 152.802933 147.923922 153.076472 150.530767 148.852844 150.248863 150.745983 148.300875 147.548859 149.838112 149.715754 149.467277 151.130063 147.697189 148.136381 149.380763 147.799967 149.425651 150.094488 149.081162 148.485995 149.826220 150.725804 149.359151 147.590689 149.535769 148.179580 150.331855 
151.823897 147.215967 152.352993 148.435598 149.844256 149.399553 149.689261 150.475267 147.498767 151.721851 150.616090 148.350404 150.412732 148.674399 147.411471 148.039710 152.898435 151.509560 149.263637 150.448120 150.718364 148.597223 148.288542 152.014368 150.703484 148.758563 150.690316 150.429024 149.742810 150.679130 148.326293 
147.986085 149.749510 148.388078 153.012188 149.389751 153.175915 152.504590 149.974748 153.240228 153.516669 149.767668 151.490518 150.790474 146.918759 149.372106 148.145862 152.823095 149.008403 149.548581 152.320241 151.140707 151.289944 147.744312 148.050408 153.011219 148.380194 147.482072 150.852846 149.977131 
150.438907 150.246704 148.167239 148.885200 151.295596 152.747887 152.717958 152.120530 149.519044 151.614988 152.628389 152.397829 149.799671 148.529854 150.406514 148.091373 
151.460201 151.525083 148.175843 152.907477 148.264696 153.084328 152.665982 147.714599 150.575534 150.311244 153.325526 149.111667 149.278117 148.854451 149.323973 150.552213 147.935572 
151.077988 148.114263 148.597237 152.442074 151.154060 147.967442 149.061790 153.070264 152.062447 153.066530 150.288832 149.565238 148.458692 152.665612 148.713492 147.196348 148.892560 152.637202 148.885422 149.303504 149.375250 150.257480 
148.168551 148.445963 152.628383 150.273707 150.627224 148.576351 152.381264 148.681850 150.197233 152.033409 151.200121 149.618166 148.338680 151.237043 153.176577 146.994187 153.093295 148.946902 150.922076 149.293345 151.992386 149.858299 149.353582 150.816775 151.977874 150.143936 150.151463 
147.789266 148.102345 150.653823 148.306757 152.579589 151.500323 149.159999 147.775389 147.607164 151.333682 152.433734 147.197154 147.969112 150.212049 152.770274 147.620716 
151.023191 153.234703 148.494218 148.235175 148.909504 151.023064 153.247305 150.041733 150.152888 
152.718359 148.215781 149.486888 150.667348 151.662458 148.881607 152.279086 147.147936 147.528895 148.529669 152.046211 
148.174976 150.244653 147.912245 150.718466 151.472192 148.713238 151.884019 149.321535 148.004580 149.318731 147.424822 153.146517 148.418232 147.568159 152.151485 147.528977 152.645037 
149.432594 151.291913 148.951786 153.454468 152.142897 152.953583 148.823708 151.847138 148.559969 151.842661 151.398816 149.542891 153.179573 148.516087 151.571187 147.846113 148.934363 150.234647 150.043912 149.587137 149.803138 149.935085 148.495750 148.112528 149.666013 148.345524 148.405601 150.984926 147.846222 148.009247 148.732058 148.410093 148.632114 151.014261 149.334029 149.319684 148.406386 149.543244 148.954976 148.013863 
146.939888 150.017991 148.428776 153.506955 148.892433 148.544119 151.685643 148.410714 151.619848 152.623516 148.042430 148.970552 151.774763 150.055335 149.038130 152.960519 150.355537 150.107556 147.444915 153.139595 148.608948 149.118596 149.146745 152.347763 148.328726 150.082708 151.944568 152.083429 152.880987 153.370421 147.054450 
151.574624 151.005197 148.310044 151.938458 150.695432 153.192222 147.753982 152.583924 150.657991 148.926756 152.906707 149.941616 150.378510 152.454438 149.023354 148.796584 147.947252 149.242609 149.440028 148.070740 149.626911 151.811448 152.146488 148.525020 151.603789 149.942967 148.534840 
147.460968 148.254810 147.034777 149.812118 149.161641 149.397206 150.550108 150.286487 148.866316 153.386984 150.767894 149.336135 151.100080 152.630403 148.618096 152.004091 151.259455 148.372285 151.539963 146.951772 149.109714 147.846173 147.195598 150.680715 152.919810 149.107209 150.055334 149.229749 149.744112 150.577717 150.951960 149.057744 148.732706 151.629468 148.829694 148.285771 150.042701 153.068444 147.735782 152.433870 148.281999 149.889980 
148.152244 148.796931 148.754181 147.942486 149.592639 152.676246 153.438443 149.385101 149.046735 152.250954 148.958519 148.552579 151.280427 151.392255 149.887936 150.241678 150.397188 149.592072 151.353066 148.022789 149.841581 148.437437 153.372386 151.936878 147.386035 151.466102 149.973211 148.820337 147.706401 149.069654 149.907146 
149.104722 148.428797 149.399930 152.639952 151.510912 148.614635 153.364147 150.885988 148.932222 148.604958 152.988965 152.550365 148.474888 148.306007 149.539235 148.261898 148.946606 148.671216 149.222766 150.549454 148.059055 
152.768182 150.320765 153.232814 151.067190 147.865417 149.826591 148.952090 148.299811 149.820199 148.564331 147.630141 149.603118 148.981498 149.636805 148.446183 150.737218 149.230972 146.979529 150.353108 150.154037 149.148108 151.393954 150.082672 151.100557 147.856862 149.239276 147.677033 149.117316 147.443062 148.972625 
149.294102 147.442360 150.098746 152.316873 152.412284 148.194658 152.294457 152.773786 152.981334 147.312870 
150.195105 152.917348 151.570692 148.393454 148.399516 152.996963 150.379928 151.411023 150.807896 148.353982 150.522366 150.817987 148.146840 147.797142 153.029884 148.245811 150.503143 149.063815 149.310342 150.105833 151.547450 149.227780 149.467105 150.972922 149.973148 148.880316 149.481213 
148.012557 152.289609 148.055089 147.196801 147.688831 153.425240 151.324622 147.792074 149.951673 150.754624 153.012565 148.032764 153.008597 150.644514 150.011910 149.222155 148.674796 149.325352 149.786743 149.146930 148.507938 149.831552 149.001832 
148.195785 152.633168 152.254462 148.636444 152.913071 150.840063 152.001188 150.395262 149.074547 151.158724 153.425918 148.792782 149.847214 153.195046 151.028408 149.688530 150.450173 147.181638 148.976217 151.870479 149.525185 151.106532 153.122452 153.207043 152.482630 147.455643 151.326967 149.563560 147.770920 150.519195 149.939265 147.952068 150.286875 151.915082 
148.900526 149.256943 148.794156 151.822589 147.489406 151.857361 148.461557 148.975917 153.464543 148.372646 150.487334 151.709273 149.533695 148.875409 149.703556 148.302329 150.342847 148.200431 148.505238 149.452837 
149.309992 148.176584 148.373783 147.684089 152.205568 150.167208 150.397065 148.231341 148.769063 152.364000 148.342608 153.008600 152.924000 150.364604 147.827282 150.469630 153.398553 148.766766 153.281363 
147.190792 147.782034 148.553096 151.984533 149.742668 151.406420 150.484096 152.559591 151.961546 148.762938 150.066286 148.846119 150.683042 151.072273 148.769809 147.533287 149.067717 148.540004 148.660865 148.612372 149.846829 147.729366 147.988247 150.291041 148.827889 147.474669 150.497579 150.005340 150.386151 149.206397 148.298286 151.550276 148.239791 148.545113 148.673651 150.530439 150.028251 148.828041 148.943115 
149.221542 148.360022 147.905983 150.445695 148.556932 152.387557 148.444901 150.725097 152.661811 148.849877 151.472677 152.767655 148.907353 148.036153 148.733566 149.318388 147.682331 147.232954 
147.450343 152.995688 153.235427 153.133646 147.810474 149.587049 152.209754 152.334226 150.780259 150.850420 147.756670 151.380455 151.167742 147.235780 148.781416 148.948721 148.506118 148.283254 147.608083 149.178159 148.142780 149.667081 148.280742 
151.325028 151.310023 149.438157 152.205293 150.344239 152.416359 150.081858 150.825867 148.746897 153.001352 151.488201 151.624602 147.656361 150.379974 148.588326 147.333916 153.098250 148.653389 147.722415 147.891394 149.255436 
153.195499 150.041383 149.825337 151.784204 151.174961 152.508788 147.170931 150.236940 151.597053 149.590269 149.997492 151.734144 151.240200 148.345334 148.683688 147.065493 149.788122 147.737077 148.433329 149.421826 149.014681 148.413155 148.674544 149.263813 148.267253 148.808691 150.690297 150.702919 149.993976 
151.784195 153.042375 151.946367 148.743494 150.818939 150.708366 150.848386 149.967988 147.983464 148.102379 148.414586 150.149365 147.769988 149.392619 151.468147 148.963982 147.916461 149.094139 150.386951 149.252355 150.941954 147.892082 149.717609 149.082657 147.934747 148.036773 149.828323 148.057081 148.435794 149.978370 147.445233 149.327365 149.163938 148.422388 148.406720 147.407337 
148.591621 149.852765 152.717756 149.221428 147.852274 148.956638 151.145003 147.001340 153.028271 149.052579 147.034837 151.391451 152.695240 149.735278 148.487193 149.751218 148.520299 
148.074340 150.105026 151.014997 148.623463 152.809011 153.285609 148.807135 148.925357 152.784463 148.284046 148.394592 151.525546 147.333437 151.523990 147.041907 150.575914 
148.528839 151.656434 147.890811 148.750749 152.788369 149.371098 148.420073 149.985511 153.148471 148.260636 149.275545 149.022292 148.483964 148.775653 153.136558 146.909821 153.062922 
151.969924 150.182007 149.053357 149.890741 147.557190 149.401501 149.172150 147.958054 152.706520 148.224206 148.205333 152.117436 148.117103 147.429198 
150.105259 147.954396 152.562075 148.178231 149.466595 149.336978 152.054577 153.151154 151.594284 150.950809 150.034076 147.409467 148.499388 150.376040 149.802189 
150.206972 151.626107 150.754811 153.383084 148.054343 150.954725 150.206272 152.740452 148.299900 148.103151 148.979757 150.442349 152.282636 148.501337 148.716867 150.402843 148.783381 
152.899455 148.580197 149.851831 151.420461 150.333668 150.648205 152.520336 148.486036 148.838866 149.474649 150.019082 151.483436 148.962013 149.524398 148.516124 148.972404 150.984067 150.598247 150.009831 149.955904 151.095947 150.135924 147.389341 148.068537 149.274006 147.689166 
148.929460 149.915048 148.384287 153.241271 149.862195 150.856845 149.473394 149.365723 152.274056 149.005713 151.511904 147.144477 148.034183 149.758845 149.669674 148.973147 148.368531 148.074601 151.827106 150.040403 147.299667 151.754551 
148.996076 148.480885 150.400689 151.467637 149.452856 152.147988 151.995457 153.400296 151.214887 148.261192 148.196163 148.185015 152.309879 149.970030 152.017419 150.720213 150.768125 151.069185 150.385438 148.876775 147.940301 149.656908 150.794775 148.459379 149.885479 148.407918 148.322032 152.624681 149.681881 152.611451 151.794187 
151.567753 152.758349 149.745661 149.610033 152.791380 147.194738 150.864897 148.642279 148.185651 148.778173 147.526201 148.686581 148.244102 148.307336 149.692983 148.908670 149.549993 153.144772 152.608336 150.256880 148.350183 148.183170 
152.577398 148.413933 148.886904 149.347309 153.211691 150.423223 149.854233 147.679475 152.963169 147.760550 151.958510 148.786729 152.551385 148.135529 149.489211 150.242503 147.433481 150.139703 
151.049527 148.499544 151.742630 148.738926 150.141151 148.897504 148.183460 150.323241 152.986114 153.383967 150.362630 147.337508 150.933150 148.627921 150.015626 148.601509 152.836433 149.232006 148.621102 147.466000 150.018248 147.774075 148.502925 
147.900122 148.581632 152.794224 149.985298 149.556335 149.143479 153.290450 149.012466 151.264731 151.662315 153.112113 148.552814 150.298250 148.558376 149.722172 150.398360 149.412122 151.035903 147.707614 149.957898 148.665560 148.681228 148.748944 
147.364021 150.212317 148.752249 148.351238 147.678283 147.109128 151.705811 147.348179 153.110240 149.649496 152.703216 149.014514 149.573880 148.939453 147.838959 
147.840275 148.003334 148.293714 150.118206 152.253164 152.838810 148.743292 151.927953 152.026712 148.584121 148.061528 149.061983 148.521882 147.972472 147.870208 151.134725 152.391017 147.917029 150.346960 153.391884 148.626173 150.024034 147.744757 153.404602 
150.214698 149.454605 149.955628 152.770995 148.065805 148.715761 149.178355 148.873181 147.644046 152.874994 149.478653 152.752402 151.499853 151.407729 148.875822 151.030320 152.040440 147.024467 147.360393 150.875301 152.259888 147.790498 153.209850 
151.577298 147.464693 151.354162 147.509852 147.135102 152.386166 148.816316 151.039453 148.175137 150.684224 151.442031 149.561390 151.658802 150.669680 153.236753 152.720899 147.569324 148.439566 151.212579 148.390001 148.725900 147.256531 148.957403 149.319898 151.166822 148.476356 
149.178935 148.400664 148.638829 152.274731 150.202405 150.301126 151.958446 152.205419 152.794154 149.482276 149.634228 148.948421 146.940885 148.683131 153.277013 151.203442 151.084371 148.046573 151.994957 152.947625 148.687724 147.626103 150.469255 149.137129 149.221081 150.385297 148.706518 148.951455 
151.053462 149.005711 151.783198 150.379157 147.922843 152.640938 151.050001 147.152572 148.332461 148.079834 150.813256 148.567006 149.747867 152.692070 148.561958 148.958307 149.790219 148.216929 148.500853 151.313530 148.334105 148.819803 148.753035 148.605901 149.409215 152.073637 148.713890 148.760491 
148.506387 147.828973 153.409736 151.742806 151.674567 149.759718 149.113079 148.998541 152.833635 148.759656 149.134773 148.879914 153.215662 149.855328 150.670344 151.841219 153.013047 147.995590 149.397089 149.970403 149.753710 148.845939 153.170253 151.006479 148.917564 148.688347 150.203706 149.226941 148.459137 
151.055594 150.942391 149.619243 148.447606 153.237768 147.088632 152.328433 148.534133 148.057071 148.379215 151.296227 147.562452 150.523953 150.985160 148.812032 149.226348 150.328604 148.121298 150.251459 147.814032 152.567810 148.505943 152.154206 149.466095 147.848067 149.351108 151.072141 148.928534 
149.886240 150.283545 151.060332 150.411476 148.842985 149.663906 148.520283 149.577015 149.807901 148.658135 149.019505 149.796686 148.006966 152.944548 150.205330 148.965057 147.851824 148.188121 152.706637 151.197242 147.944408 151.250009 148.869312 150.237983 
150.829208 152.105936 150.957787 149.874165 153.201058 148.102453 150.148905 147.879407 147.388933 153.394307 148.695175 150.437487 147.327215 150.186942 152.133495 150.188666 147.018789 150.877809 147.906121 147.490985 150.838369 147.031676 151.545778 147.460987 147.031476 148.486824 149.151594 149.952953 149.760053 149.246852 
147.727783 151.137825 152.686418 150.603638 149.553847 152.688744 152.924828 148.750435 150.805649 147.953582 148.683424 151.481046 149.390752 150.426063 149.777118 147.539992 148.955967 148.611059 149.517205 150.140671 148.968179 
149.369167 153.246069 150.738935 152.870654 149.829137 149.940342 151.455615 147.985375 149.369228 150.719553 147.187909 149.830490 149.279438 149.683335 148.034912 148.714117 147.234320 148.417431 148.354885 147.168273 148.150915 
151.305586 152.735202 148.708537 152.450268 152.718141 150.987523 149.603225 150.380026 150.482780 148.046126 150.773230 148.152778 148.703478 151.177405 148.313029 147.875228 148.942038 150.566807 147.859065 150.300200 147.977735 148.841231 150.643102 149.222856 150.527946 148.031823 
153.073903 153.200800 148.858951 149.298825 152.656728 147.555001 152.100519 150.144509 151.698085 152.939292 152.200422 151.120028 
148.806752 148.591059 152.584988 152.878071 149.337931 148.473506 150.569209 149.489934 152.192523 147.994099 147.423300 147.627722 151.188642 150.568314 149.332474 147.997591 150.015256 
150.213227 153.349831 148.305007 150.358288 148.333671 149.702824 148.863015 149.981179 147.811570 149.074534 148.005496 147.909284 147.688195 152.426990 152.551256 150.376815 149.531266 150.099704 151.290999 151.423408 151.233207 148.533603 150.470699 149.884197 149.663627 149.561081 147.730637 147.296303 149.206739 
149.180409 151.102427 152.496552 151.071377 153.450911 148.039257 149.983325 150.688549 148.439457 
147.572104 148.511933 151.645134 150.703213 148.844832 148.539608 147.698156 148.833316 152.536379 151.916143 149.566857 150.889006 152.246173 148.771561 153.292901 151.966527 152.405974 152.717743 147.459599 148.786095 148.127916 148.374813 147.552697 149.445560 148.862079 148.684650 153.112013 148.120565 152.011313 150.016679 148.857585 150.754226 149.781348 
149.141294 147.898076 147.547847 149.564324 150.973032 150.207064 147.472770 149.159237 150.156576 149.756495 147.484499 149.571427 152.456339 150.370580 152.814585 148.072028 148.988137 147.762573 151.003214 
147.154313 152.475916 153.458246 147.982694 148.603048 148.188780 148.608772 148.098847 153.191174 147.698375 148.726902 147.948556 150.575120 149.552390 148.248654 149.080890 148.107180 151.279665 148.818696 147.578213 151.689208 147.463593 148.011227 149.654290 148.114443 148.324668 149.125667 149.371422 150.203996 
151.470587 149.328975 150.786368 149.640669 150.442794 147.406887 148.435563 152.980869 149.484259 147.045732 149.814202 147.979918 152.321568 151.737040 148.874991 149.181224 149.264228 147.500560 149.397357 147.664657 149.931836 147.576608 149.320315 149.210941 148.686785 148.262693 149.563663 
152.613216 148.040141 148.231459 150.198781 153.014525 148.673432 149.110211 150.655315 149.218604 149.394854 151.765241 149.832934 147.608665 148.976207 147.831712 150.331629 148.417950 150.390147 151.560625 151.943658 150.455703 149.089952 148.402278 149.407909 148.090139 
148.032698 150.456892 151.669413 146.972954 150.565938 151.680191 151.400578 149.573252 149.945970 146.866111 149.038316 149.433965 147.916261 149.910496 153.354283 149.580923 150.260505 149.446131 150.760971 152.482005 149.156023 150.538771 150.218373 147.100884 149.319478 150.275756 148.963328 148.185688 150.824500 150.933833 152.214860 148.187787 
152.535116 148.632380 147.953075 149.134480 148.519089 147.577946 153.403619 148.128024 148.807506 153.005167 152.998886 152.808551 153.086974 151.692753 153.318914 149.745929 150.230602 152.179305 151.050884 148.649064 
147.388473 149.886968 148.906091 149.865092 148.513515 151.494432 147.972839 149.650211 149.892062 152.978281 149.307620 148.521363 149.086640 152.518743 149.376308 150.257036 150.435600 150.293379 
147.626818 150.551081 150.976056 147.966769 152.171721 147.966564 151.480972 150.334348 151.318950 148.667085 152.903758 149.803934 150.763032 153.385502 147.817064 153.014310 147.084783 
150.094270 148.707987 151.052927 148.862609 151.942063 151.207757 148.985587 153.096739 148.693038 148.784386 150.031208 150.412063 149.724161 148.899728 148.475506 153.170990 150.761597 151.136843 148.006874 149.718593 151.698264 147.933167 148.892532 149.507344 148.850912 147.849158 148.842293 148.065642 151.700667 
147.826820 152.736659 149.022583 149.616598 148.393876 148.976510 150.688808 149.317097 150.408278 152.977446 153.489315 147.980584 151.907441 150.648758 151.112050 148.315947 148.271442 151.753739 149.038816 148.306991 150.129651 148.221851 
147.377927 152.015569 148.330621 149.659268 152.052726 153.201188 148.520470 148.651888 151.416702 150.177744 148.092259 148.416230 148.628885 150.396497 149.893661 150.476343 148.801165 148.944425 
148.580677 151.628917 147.719624 150.391073 149.100796 150.333210 148.352310 148.560838 152.733027 152.278764 148.349623 151.945241 147.782373 152.356524 151.778849 148.915133 150.833252 150.172826 153.143767 149.520179 147.558571 147.734129 148.034748 152.908930 149.025289 148.463570 150.088207 152.700346 150.436966 153.044684 153.378683 148.926142 
149.781453 150.449922 149.490169 152.889734 148.322537 151.891189 150.557112 148.730285 150.469287 150.154306 152.832482 148.420045 148.098964 148.061087 148.823333 149.759694 149.263602 149.754332 
149.625802 148.120087 151.922121 150.297338 153.147920 152.306920 149.803602 152.334698 151.606586 149.127201 150.061594 150.625137 148.627032 149.845974 148.687207 152.961254 152.586257 152.243135 
149.861728 149.990800 150.536032 152.487226 152.730760 152.588003 152.042326 151.479644 149.057270 151.789647 150.588532 149.611435 148.644082 149.396192 
148.046605 152.964982 152.653593 150.415894 151.224768 150.871632 151.675702 152.296920 148.771280 147.933109 152.871112 148.834651 148.136205 152.497794 151.013787 150.198495 149.296884 148.168829 151.584074 152.953177 149.085451 148.167418 150.388962 151.614447 148.749005 
148.054164 152.891885 148.696436 149.868039 148.449281 147.456393 148.824521 150.455849 151.978620 150.361769 148.400627 153.553271 152.211975 148.781288 148.623953 149.305417 148.571761 149.691834 150.546743 148.998070 150.128793 149.410792 148.418610 149.439796 
152.700225 148.516891 150.225982 151.384453 147.929824 148.690292 149.357963 150.425069 150.996718 148.386150 147.147542 152.648600 149.495825 149.733458 152.889045 149.092476 
149.701768 152.111112 148.911049 149.037595 147.429818 152.213336 149.041842 152.804792 148.685840 148.181541 150.171349 149.608725 148.709438 151.674012 150.639411 148.247733 151.411930 149.728511 150.471157 149.119160 148.517491 149.558123 148.821841 148.044041 
148.297977 153.277219 150.312980 148.898448 151.937761 147.323349 147.689818 149.304948 149.606796 148.531753 151.559206 
148.786638 147.425590 152.369224 150.942433 153.403310 151.013859 148.429496 150.550827 152.052789 149.371714 149.543431 148.675258 151.694799 152.042751 153.399882 149.492343 
148.789059 150.781771 148.033301 147.830648 148.906187 149.485706 149.372236 148.320540 151.189276 147.993624 152.753948 152.223151 
148.692981 147.928239 149.277246 148.150351 149.135994 148.555473 148.670867 150.002308 151.252476 148.543183 147.647869 152.866858 147.354919 148.455450 149.583798 150.970125 147.906041 150.602924 150.703848 149.561845 151.651174 148.377191 148.736110 148.595224 147.311355 153.119819 148.857907 148.587584 149.035379 150.432054 153.230042 149.599596 
153.004271 150.186371 148.529706 149.276223 148.266136 151.973932 151.096442 152.234877 151.968797 148.371552 149.126993 148.482312 149.442513 
149.481095 148.740410 152.488431 152.810245 150.446507 149.833518 147.116819 152.285683 152.457512 148.273834 151.591556 151.833033 147.178079 147.286295 153.235877 151.037262 148.304676 148.789387 147.675097 
148.215882 147.466566 148.218992 149.137276 152.270590 149.741798 151.155502 152.671610 150.433767 148.654292 148.898526 150.679777 148.503263 148.961119 147.924806 149.090790 150.418367 148.961629 148.468211 150.719034 147.284832 149.298922 150.407745 147.995941 
151.588476 152.895054 148.557474 151.483278 148.840977 148.473756 149.941481 152.240388 147.593551 151.203956 153.197133 148.375604 147.660346 149.518679 149.261644 150.240109 151.787416 148.506854 152.696430 
150.730746 151.481417 147.704044 148.392995 152.457751 147.451347 148.888545 150.280067 153.070146 150.021826 152.586676 148.352467 149.527532 148.893068 148.992004 149.735754 149.482407 151.057419 
151.682524 147.841631 148.513435 152.987953 147.370567 150.825013 148.645075 151.695494 147.534386 148.547028 149.448249 152.060078 147.998946 152.996400 147.107414 147.314599 149.566195 148.270292 148.637952 149.241418 
149.680857 148.988980 153.324185 148.664209 149.544845 148.761212 149.022302 151.759909 149.123607 152.421964 147.610512 149.929145 147.946786 147.593948 149.159395 147.615338 149.060750 152.011630 147.859746 
152.476313 149.213366 147.943520 152.867885 148.519252 152.486634 147.935433 148.318506 149.903354 148.668600 148.932985 152.970472 149.869360 149.493882 149.463810 149.508118 
148.895112 150.392928 151.147486 152.574980 147.478559 149.215861 149.068852 149.199447 152.747391 150.111985 148.344506 152.306296 149.693456 149.532236 148.170199 148.601833 152.352393 149.212761 148.824401 148.353572 148.774619 
150.660019 150.952240 148.727275 148.862414 153.015675 148.143359 149.427106 149.442680 147.221707 149.088655 153.098524 148.219745 149.840469 
152.241929 152.156305 148.156855 153.223030 148.390836 148.082681 147.746573 149.234810 150.701624 149.535879 149.915447 149.210415 146.944104 151.882902 152.833869 147.618958 147.889396 149.010732 148.270536 149.813799 
151.277562 149.079062 148.314837 147.366228 149.497343 152.568395 147.611606 152.628436 149.197852 150.152157 152.807100 148.273384 148.769208 148.653110 149.156098 148.835845 147.302160 147.989832 148.576913 149.423613 149.817758 149.194035 149.544539 149.201355 148.210652 150.399262 148.217317 148.450237 148.658189 148.548997 
150.278120 151.878448 150.626943 150.888323 151.207811 148.173236 150.471677 147.247515 149.346383 152.122698 152.888330 147.816812 149.160614 149.981311 149.421372 152.654461 149.320595 149.894150 149.322698 151.066421 152.547082 148.995033 150.648664 149.788829 151.455098 150.280758 149.368397 148.131929 149.130270 153.237179 150.056275 
151.793502 149.104927 151.651517 151.586391 152.630261 149.862305 150.884062 148.744726 149.948772 151.133946 149.824051 148.431500 150.316255 149.138357 150.971099 151.366914 152.895713 148.277655 150.505189 147.517968 152.648440 150.148990 152.635327 
148.065329 150.712415 148.548366 148.687327 148.860955 150.597192 152.826146 150.117846 148.956843 147.346884 152.840216 150.516751 149.294921 148.589464 148.780272 147.681399 150.151768 151.518238 148.546407 147.069510 148.580104 152.031652 149.378488 149.810140 149.809784 148.582878 147.504601 150.668929 150.531082 
152.170458 147.756173 152.548123 148.822919 148.671044 150.289773 147.168532 148.452311 149.554397 149.834453 148.792366 149.088542 152.717244 147.654464 152.771774 148.578852 151.482927 148.324484 152.302365 148.372208 150.333267 152.733952 148.375242 
152.670744 151.610180 150.917509 147.541986 150.991447 153.089672 151.600932 149.421234 149.439859 152.357450 149.160841 152.786864 151.396500 149.543495 148.101424 149.079568 148.389112 149.951786 148.393526 153.363928 148.292994 
147.240955 148.539324 148.945045 149.713420 149.644645 149.913588 150.333657 152.478559 150.513300 149.929093 152.030945 149.375588 149.130724 147.828803 152.376617 153.097421 149.092718 152.603452 151.705846 148.232088 149.400808 147.711809 149.000039 149.718016 148.714241 148.773496 148.492919 
148.653127 152.511413 147.597667 148.729763 149.825586 149.878975 147.851091 150.061964 148.657640 152.255106 148.786246 150.183449 147.907134 149.898731 152.919099 148.229758 147.478688 149.959297 148.995912 149.876884 150.803000 149.316370 
151.162266 152.345732 153.062835 148.945756 148.980312 147.274489 149.462428 148.035056 151.579153 148.811616 148.508475 148.746434 150.733587 149.006530 150.937428 153.095038 147.379734 153.073586 148.478166 148.214080 147.759206 
147.064459 151.684264 149.766990 150.868726 151.604292 149.317848 152.427528 148.745260 147.665663 148.966100 149.702386 152.680754 148.457617 148.973338 149.395609 151.254004 149.423379 150.976124 148.730812 150.929984 151.866741 147.429800 152.674197 151.826464 149.485442 148.548210 149.161958 151.540697 148.459820 149.972570 
147.954306 149.958025 150.687621 147.967712 151.079025 153.467371 147.492750 148.124076 149.401349 148.384159 153.099815 148.311772 148.813564 
152.846258 148.233141 150.436165 148.721175 150.789344 151.772893 151.856762 147.437176 150.571376 152.098684 149.145435 148.854085 148.965895 152.446493 147.695884 
149.505309 151.812054 150.340560 153.318397 148.453787 147.270912 147.703429 151.940659 150.329483 147.524305 152.190773 148.012896 152.915869 148.443823 148.457341 150.353370 147.178632 149.586466 150.525488 148.275845 
147.935826 148.885921 149.609893 150.266044 151.331802 148.312021 152.696271 150.573568 148.598890 152.945242 149.413866 148.396915 150.799572 148.426788 149.319472 147.789016 149.303467 147.789273 153.329885 
148.232743 150.529973 150.518890 147.976131 147.405203 148.748723 151.620258 147.832804 153.156648 148.908544 148.837585 152.085732 149.788814 152.182078 149.547635 150.089225 153.017182 150.638170 148.968481 152.499333 147.198385 148.845559 149.096584 148.104427 149.867611 149.385505 152.073705 149.638176 148.423527 
151.464212 147.884060 150.846238 148.959546 151.905362 148.253453 152.675427 149.063612 151.484248 151.107837 151.926010 147.811754 149.857702 150.126403 149.694217 149.849195 153.064145 148.946769 148.709806 150.778150 152.772238 150.764605 149.171724 150.863766 148.458236 148.624888 147.397373 149.476847 150.916564 148.531456 148.378747 148.551474 148.940826 148.466632 148.562102 147.701817 151.809352 147.117820 
149.108054 149.747441 153.192510 151.925067 152.353704 150.770831 151.544170 148.302388 153.117711 153.379900 148.913956 147.106045 152.821125 147.659756 148.284237 148.066292 151.704441 
148.749627 151.464852 148.111356 149.336952 150.147396 148.609401 152.694675 148.698402 148.374860 148.628088 147.723743 148.903638 151.374992 150.122196 147.830511 153.263353 150.807933 148.729011 149.190410 147.607319 148.820361 149.252223 147.951153 153.072379 148.527060 152.428795 148.173151 148.789945 149.149472 
152.296789 153.215830 150.081027 150.806484 147.751006 152.817511 148.056501 147.687740 149.964151 148.930344 150.305919 152.857764 151.855947 150.190869 147.856335 147.627407 147.787166 148.123830 148.486729 
150.340241 147.494021 148.243369 151.445050 147.841771 148.874041 148.536943 151.296876 152.369698 148.599081 148.062856 150.294620 150.061190 149.047271 149.472318 148.942500 151.062727 150.580725 153.130202 149.129224 149.215221 148.667675 
148.946831 151.828039 150.274620 153.346676 147.885564 149.182468 148.254605 147.684280 153.373771 151.034751 148.965485 150.668623 149.873616 151.014785 152.230042 150.529659 147.854206 146.899529 147.233876 149.789812 147.011638 148.016474 148.334862 152.410710 149.945746 149.030597 148.262172 
152.643423 149.384763 150.953139 149.633134 150.280566 148.875672 150.605276 151.007358 148.961867 150.137485 151.149707 149.125564 147.842718 149.659047 149.421284 147.592844 149.381730 151.554623 148.776136 150.491198 147.983607 148.536955 149.561373 149.377958 148.722644 148.737014 148.913880 149.838773 150.620981 153.031711 
152.434767 149.930490 147.436029 152.228668 149.836235 149.275238 152.577738 149.572630 147.724427 150.337409 148.917410 149.806187 148.633726 
148.247651 151.433716 151.923733 151.117403 147.457320 150.166004 149.559103 152.361929 149.015906 153.152324 152.159029 150.399912 148.843281 150.834850 147.579023 151.547102 150.479064 150.144888 148.036828 
153.053202 147.541476 151.136006 150.394448 152.959679 147.714537 148.753540 149.118328 147.907805 147.818430 148.867257 148.307908 149.092458 151.208772 148.211945 149.302843 150.957966 149.154704 150.351763 148.313228 149.367969 149.429287 148.955599 148.944777 147.542094 149.327637 148.437837 148.111180 149.092083 
149.057315 148.841107 151.036514 150.857622 151.213218 151.678539 150.963441 152.342630 149.780689 148.934706 149.523692 153.386524 149.833047 148.727926 152.340080 149.286522 149.892371 
147.980736 148.165259 152.500107 152.997259 153.181681 151.133930 146.904605 150.753324 151.329066 147.506454 150.240336 148.391875 148.252830 148.440465 150.227593 149.499005 149.682180 149.725334 151.064297 148.079722 150.548274 149.439216 
149.075542 151.452336 150.764278 151.352295 152.989837 148.194571 148.339751 149.582600 149.518976 150.907030 152.746851 151.575622 151.796595 151.141149 148.182292 150.902839 147.808482 147.741145 149.457352 147.843361 149.679930 147.772932 148.784416 152.800267 150.303541 148.474350 147.515235 151.460170 148.295875 149.373239 149.587078 153.138906 150.495438 151.685224 147.307348 147.853870 
150.353077 148.838053 152.844578 150.285914 148.608938 150.470515 152.641884 150.790363 150.999319 149.622958 147.441115 147.425711 150.809027 149.186610 149.057463 151.047067 149.241384 148.213142 147.845913 
148.796864 151.052526 147.899314 151.527020 147.271217 152.076952 150.329690 147.780307 152.804886 147.303200 150.241170 147.640096 149.297661 147.335964 149.694913 152.832340 152.837897 150.112010 149.031441 149.987579 148.551039 147.515480 150.088361 148.899636 149.148843 148.828122 148.207235 148.787416 148.331490 151.577073 148.729036 147.939544 149.730016 147.826599 151.752280 152.514914 151.137625 148.326784 147.517468 149.444418 150.716951 148.454022 151.476392 153.285458 148.645191 150.887184 
148.733101 150.412779 148.309949 148.535418 153.390767 148.614821 150.911295 147.522302 149.458556 148.491001 152.792414 151.250165 147.361794 149.715460 150.408108 149.054409 150.874995 148.491202 150.484164 150.094080 150.577139 148.510183 149.195576 
151.567930 152.588974 149.061201 149.864381 152.765103 148.682497 148.774834 149.949436 150.378389 149.683582 
152.426006 149.162573 148.320900 152.035042 148.568600 150.450331 150.299841 147.294340 148.012625 147.583095 152.846220 148.464842 148.473926 147.727616 148.671811 149.939818 152.781329 
152.784475 151.304919 153.193439 150.587856 150.160242 149.416345 151.451773 149.834614 149.956644 150.214209 149.988314 148.732373 148.182659 149.264050 148.701493 147.680110 149.855758 148.716792 
148.289890 148.405385 151.375964 150.953298 151.418416 149.497311 148.382365 152.296259 153.406057 149.764969 147.729464 149.249448 150.029985 147.105567 147.120827 149.486594 148.793341 148.821874 148.917959 149.394326 
147.235993 149.898051 149.545381 149.410324 149.916418 149.987965 151.969086 148.202543 150.553589 152.728867 150.001821 147.807193 152.797616 148.558318 148.062971 150.753318 147.965405 149.912495 147.845958 148.354119 147.416997 149.547655 151.750757 149.839253 149.381477 150.440586 148.541856 149.219469 
149.997820 149.322981 151.641021 149.130611 149.935415 151.305682 151.904497 149.660683 150.943115 151.289604 148.484421 148.106276 147.224519 149.253750 147.926544 153.353380 148.439144 149.084058 152.288090 148.243402 152.043550 150.413394 152.962853 147.435401 149.867763 147.682898 
150.494793 150.920415 148.373891 148.988193 151.205322 148.896049 150.259595 147.121093 152.836199 149.248186 151.597611 150.061461 151.746100 151.590025 152.522832 150.125000 147.847531 
149.300267 149.239291 149.770534 153.004506 151.759929 149.746649 150.009263 148.668355 148.020534 149.919453 150.176435 148.822223 152.227241 150.420099 150.450205 148.719871 148.424877 152.825868 150.234099 152.436452 150.379736 149.257690 149.825337 152.828301 148.950190 
147.457655 148.070773 148.442435 153.301250 148.476833 149.884500 149.726588 149.505286 148.884637 151.289073 149.467438 148.928350 152.440909 147.510890 149.246088 153.306781 148.948673 148.661637 150.227932 147.537832 150.139629 147.252056 147.974053 148.022004 149.300037 
147.934713 150.211301 149.636838 152.790394 150.603138 148.057609 151.995081 150.063518 150.406952 147.541049 151.533199 147.873388 150.607041 151.544930 151.310862 151.526357 153.280625 152.305166 149.751872 148.997821 147.945039 150.017227 149.011671 149.337945 150.238119 151.072188 
148.755253 153.489103 147.647189 148.600115 150.939368 148.269705 152.653281 147.615543 148.530930 151.805750 148.761109 153.235779 148.733645 151.574954 149.507244 150.238395 148.288609 147.347079 149.226737 148.879387 150.203726 
149.765338 152.974416 148.403808 150.709707 152.860652 148.888179 151.655564 147.543158 149.437644 149.740664 148.290577 147.596851 
153.003827 149.311288 150.289035 151.739270 147.221506 152.409270 149.355148 149.090793 149.533285 149.868454 151.704060 151.619993 148.605395 149.892828 147.098331 149.918634 148.189076 148.541003 148.632455 147.087420 148.819541 
153.281185 150.296457 152.126859 148.194583 150.189804 149.431800 152.998944 149.183612 152.495190 150.164726 148.472109 149.605735 148.450762 147.111293 148.583283 152.826816 149.564975 
150.525276 152.081286 148.871810 147.694252 148.962363 152.814816 149.560216 147.275735 149.974296 150.075181 148.358867 152.720163 148.189769 153.057400 152.562276 148.351969 148.105837 152.446567 152.897926 
148.160759 149.488450 151.408988 152.251432 148.337847 150.500295 150.226718 153.051148 149.179315 148.592135 150.677911 148.580017 152.840524 150.795516 152.579488 150.449208 149.001253 150.269868 153.487514 148.581387 152.216193 147.999056 149.315873 147.395252 152.056951 148.836411 148.900809 148.886289 151.307722 150.372420 151.018866 147.270259 149.441787 151.185578 148.528680 150.999804 147.986736 152.161787 147.281833 149.973752 148.747778 
151.905727 148.547096 152.881493 148.534020 149.067675 152.878967 150.776332 147.037168 148.046749 147.370537 146.894257 152.030184 152.188302 148.491457 147.601651 151.924541 152.564770 149.817860 153.029381 148.838273 149.106113 149.198807 148.931115 147.240939 150.663508 146.927607 152.647057 151.666297 152.720677 147.968142 150.323373 149.033984 152.211151 148.498868 148.049684 147.788344 147.751480 149.822524 
149.959710 149.543803 151.918656 148.813375 146.975946 150.630984 147.447319 148.045260 151.322188 147.397895 153.271442 151.723419 151.361998 148.480318 151.184789 
149.299023 147.863553 151.175728 152.753636 153.305398 150.093674 149.301304 149.379215 
147.620092 148.937827 153.146776 149.803892 150.399402 148.457473 152.177493 151.001212 148.375232 149.006477 153.122715 149.803336 148.249351 149.135567 152.865038 148.931054 148.095381 147.964211 147.817188 149.094173 153.001238 
148.833230 148.730550 148.332514 153.014044 151.666956 152.943277 151.517815 150.578942 148.664835 149.917893 147.654138 149.927779 152.111161 153.091034 147.763236 149.003259 149.380677 153.048178 149.990399 148.808329 148.192195 148.280954 150.105034 148.265601 152.472782 148.981403 148.962412 153.187964 147.666115 149.339419 149.204160 149.123119 148.597292 147.803898 
151.816745 152.692960 150.024167 147.239755 148.132447 150.583580 151.208829 152.802209 151.881766 152.998028 148.845368 149.485117 149.865836 153.396987 151.610690 151.337917 153.017309 149.867227 151.437835 150.334003 153.182829 147.907256 
148.491886 148.496545 148.826922 147.777385 149.534346 152.603646 151.571873 151.498422 147.549923 152.268664 150.593953 149.865393 148.229628 147.871481 149.475795 150.036209 
149.079554 150.107381 153.324858 151.595063 149.208866 148.852902 149.239875 147.554866 147.717268 148.287842 150.669995 148.388801 152.936453 149.366733 148.660899 149.492171 149.304543 148.061737 
150.745460 148.982787 147.348203 152.617856 150.463741 150.315881 148.063051 148.863818 149.668394 147.651051 151.769767 150.089204 153.147834 150.092702 149.547959 152.621394 149.578891 151.372659 149.844317 147.152084 151.660972 153.067628 147.501213 148.194247 149.514776 149.428909 149.772319 151.724904 149.657949 
153.019397 150.184320 152.382672 149.613741 148.115116 149.757525 151.768369 151.570707 148.142485 150.074108 150.087156 149.349849 
149.859075 150.742522 147.586316 151.763149 151.527530 152.528296 152.048002 152.652543 148.344449 151.539538 
148.966305 153.195050 151.824996 149.780949 149.290702 149.009712 147.690898 150.012862 151.764483 151.539538 152.423392 150.358325 148.769970 149.664680 151.383189 149.417180 149.349898 148.853240 149.122707 150.464937 
151.523425 148.073079 151.859733 149.672840 148.703276 149.117002 151.171170 148.806022 149.791738 147.219293 152.093622 151.329618 147.496871 151.280723 150.018320 151.767377 149.192246 150.677060 148.728935 148.435452 149.033661 151.163221 152.791638 150.988391 147.850941 149.700354 149.268755 149.203558 153.212915 150.377156 148.637344 150.187000 149.320760 148.134943 147.362612 
148.610187 146.911219 151.936783 151.219910 153.390423 149.088349 148.410469 147.469795 151.748222 149.371901 151.342180 148.472008 150.866988 149.646835 147.744811 148.161409 148.836950 148.638381 150.255772 149.763262 149.628393 149.198006 147.228973 
151.841754 147.970673 147.660805 148.726874 151.667134 153.091477 152.703231 148.929832 149.605105 152.040688 152.486613 149.810764 150.234544 148.072121 150.131820 152.380287 150.369100 151.519841 149.442138 148.103637 149.032223 149.614703 149.532169 149.718876 150.102897 150.891037 148.273603 148.032535 148.776252 
148.817004 152.206442 151.889264 149.595293 147.404887 152.487715 152.706199 148.213021 150.184474 148.691877 150.389174 150.096220 148.927973 149.528605 150.538399 152.206933 148.113490 
148.993418 148.821383 147.431041 148.254728 150.548133 152.841652 148.411016 147.115311 148.539320 152.480824 151.656563 147.177270 149.841788 151.158777 149.545286 147.701415 149.568289 149.997882 147.625408 147.591813 151.433231 149.935892 148.729649 149.077700 
149.351710 150.787335 148.436880 150.387848 153.318175 148.325110 149.173925 152.434305 148.800829 149.882792 151.509917 149.173044 151.332954 149.393473 147.653666 148.466933 148.490744 148.304628 148.815856 148.221013 149.683072 147.769257 151.419784 149.718992 150.070803 148.707277 
147.618289 151.275581 150.675435 149.685656 151.489831 149.996495 153.164104 151.065894 149.685555 152.368426 150.549166 147.512050 151.183875 151.937445 153.359768 149.389725 147.518639 149.490699 148.729579 148.384315 147.982755 147.733392 150.208039 149.649218 148.414848 149.607690 149.625931 149.276520 147.106999 151.613674 
151.987711 150.098091 150.518056 148.548098 149.915809 149.004734 151.379022 150.685943 147.602222 148.239046 149.189990 150.351032 150.613997 152.889349 148.572817 151.886010 151.770881 149.119915 151.690399 148.609925 152.029149 150.479497 149.985508 152.306422 148.634880 
152.452446 152.703406 152.344983 147.866980 152.918089 151.778054 151.119628 151.884954 151.028077 
149.558037 152.319715 151.758572 153.506542 152.393220 148.554618 150.543305 149.298787 148.581559 151.601666 153.194170 149.850708 149.073602 148.660048 148.797077 151.020432 150.230322 148.658172 148.904160 149.046148 150.903766 150.301740 150.215386 
150.663498 147.849030 147.809671 150.260583 147.457171 147.487578 151.263012 149.645758 149.496052 148.813526 151.362088 147.662125 152.709249 152.163332 149.029957 150.469962 149.591690 150.318763 151.698961 149.377891 148.629685 
147.999399 149.385120 148.046412 148.662223 152.513992 150.171855 148.099924 152.641303 149.308015 147.344329 148.625819 149.117816 147.755407 147.213213 150.207575 148.320391 149.021884 
148.486240 149.872999 152.106052 152.936811 151.511031 148.982289 147.047798 148.188605 147.580815 148.581370 147.827920 151.295777 147.987434 150.149834 151.106886 150.785323 150.051107 
153.147292 150.063920 151.726757 152.685302 149.420058 149.760122 148.443356 148.746415 151.103245 149.110214 150.975807 149.008843 149.297070 149.894160 151.534843 149.747137 150.747607 151.483759 148.754090 148.960333 149.062925 148.496323 148.889556 148.552422 153.372769 147.867505 148.652502 151.054717 
148.994383 149.096015 149.140864 152.530625 148.964514 148.285558 149.551675 148.247495 149.022639 148.932085 148.760676 150.248077 149.613636 151.495205 151.608845 148.867536 150.918884 153.262409 148.580542 150.106221 149.647451 148.594506 148.763000 147.780145 152.932539 148.854762 
151.427507 149.414786 148.943526 150.075366 149.150121 152.695105 152.297823 147.925589 147.634666 149.581060 148.034358 149.084499 151.767852 150.794248 151.321442 148.550243 
151.524117 149.531455 148.480547 147.697415 150.327207 150.330788 150.209197 149.076163 147.936817 148.707884 147.202156 148.918566 147.389560 152.741398 153.201513 153.059844 147.679710 148.725732 148.893061 152.906596 150.228296 149.907833 150.344475 153.141469 150.616095 150.408930 147.793115 147.269100 
149.069941 147.315080 147.656732 152.643292 151.845680 147.362197 150.191750 153.462737 147.550961 148.097614 150.098126 
150.349863 150.243331 150.796904 148.227949 147.879996 149.314977 152.420464 152.711507 149.714403 150.614467 150.896426 149.942067 152.884573 149.619483 147.640663 150.716523 
149.907856 150.177721 148.078588 148.999479 148.623103 147.638084 149.888833 150.830115 151.411237 147.740459 150.687304 152.094359 147.677183 147.990308 149.147506 148.543929 150.268227 150.640201 148.120239 148.417481 148.419556 150.246893 149.127754 151.598735 148.106841 151.441770 150.071893 149.854564 148.940749 148.058645 148.662341 149.710282 
150.535057 147.281949 148.988341 150.061087 149.536277 148.763270 150.430790 150.055979 153.232215 148.524009 153.001258 148.368346 150.205895 150.396502 152.292933 149.439048 152.329261 149.549182 152.913435 148.691308 153.125036 147.644343 
149.451487 147.041193 147.779335 152.163558 150.404439 148.613122 149.675448 152.672438 148.801392 152.854581 147.620975 149.836953 148.978918 148.845481 151.910706 150.007032 149.093655 150.897572 152.821748 149.879754 147.009239 
150.734415 150.867561 153.204026 148.328883 151.404625 147.614399 148.691724 147.796137 151.266124 147.496891 151.937243 147.413682 147.257786 149.253597 148.853465 149.957188 150.041658 149.280374 151.964634 
148.358792 148.911164 148.918513 149.059326 151.918820 150.221025 150.926007 147.390244 152.709624 147.771475 150.517107 147.099889 149.553018 152.675177 148.380883 148.263909 151.476289 149.248235 152.771316 147.806949 147.295313 148.986795 147.062743 152.960397 148.755946 150.808372 
151.077928 150.376425 152.516104 147.098801 150.701956 151.978890 147.662234 151.459439 148.460009 152.043045 152.597737 147.331240 150.354799 150.220856 149.589468 
149.963714 151.399417 149.452044 152.862589 147.902949 149.530885 153.508379 150.194389 150.986429 152.529030 147.936151 
151.722359 151.531923 148.575891 147.813024 152.123136 153.146207 147.487470 149.332370 148.714222 148.946538 147.974010 147.928523 150.475294 151.156071 150.421513 150.925088 149.826950 152.443178 149.154006 149.239128 153.295532 148.574534 149.577797 150.945629 149.010238 148.836739 153.411257 148.175370 149.531849 149.363825 
152.899211 150.813922 151.390930 149.150706 151.122024 151.756964 148.713813 152.308603 149.248764 148.598636 149.403912 150.040488 147.513589 151.651040 148.076684 148.691036 149.683968 147.421995 149.777973 148.202998 148.292937 151.927040 146.878704 148.426556 147.767775 148.489708 
148.704861 149.951223 148.209193 147.488339 152.789125 150.496180 150.259717 149.384652 149.460038 148.165562 148.007308 151.921033 148.401622 152.864730 148.238003 148.906300 153.330495 147.888793 
149.458478 153.235649 150.717976 148.389076 151.557074 149.037854 148.210622 147.166054 149.914147 148.944093 149.766365 152.856131 150.833328 153.114739 150.208009 152.961218 150.129921 147.415749 
152.854613 149.781383 149.177290 150.604704 152.225829 148.089718 151.568737 148.513401 150.738469 151.873450 148.567649 147.627307 148.320451 149.200698 149.495352 151.298015 149.887607 149.042649 151.191613 147.744445 150.412802 150.121027 149.016438 149.226732 147.711096 
149.910965 151.301179 151.900897 149.345658 147.904469 147.977865 148.937771 148.087717 148.105453 148.512993 152.042850 152.932088 151.105466 149.221765 152.164543 147.716656 150.567182 149.132669 152.759736 151.783804 149.057658 147.900331 148.422161 
147.396699 147.528955 147.334338 152.756420 151.878079 152.639356 152.550392 151.208456 147.726458 150.123510 148.540792 152.168483 150.486231 148.673659 151.633741 148.427835 150.677549 147.835900 
148.525612 150.235316 148.321235 148.270991 148.056233 152.966100 148.180223 153.023558 147.825781 150.306060 151.476719 148.453433 150.760342 149.227516 147.868693 150.288471 148.199338 148.984576 149.303409 
149.131176 148.183689 149.785971 149.462251 149.671721 150.537610 152.651385 152.989245 149.792002 150.927301 149.086553 
149.681049 149.560845 150.552813 150.168855 151.916225 150.348121 150.774417 149.492540 152.358678 149.102125 148.235599 151.965748 152.609149 153.099279 148.582110 149.564268 148.902802 149.821001 152.425306 147.560959 149.060895 150.334617 
149.544418 149.401907 153.049049 151.255968 149.955859 147.778828 152.640327 150.849112 149.474929 147.691894 148.270211 147.278205 148.977053 150.630252 149.756196 151.737958 149.500616 149.201213 147.625789 149.771832 147.481853 147.197998 148.989602 149.664070 150.392569 148.815256 150.563267 147.445381 151.826077 
149.696802 151.076282 147.684927 151.792231 149.485015 151.428571 148.757787 152.141471 147.601795 153.453922 147.921408 149.241684 152.993927 148.292661 150.204870 148.980219 147.957521 150.263339 148.761931 150.157128 148.631192 149.025812 150.380042 149.458691 147.542085 149.553031 148.661915 148.664378 147.487654 147.455999 151.113460 148.609017 148.776409 149.736709 148.129937 147.726219 149.644699 147.510687 
147.748341 151.402855 149.711874 150.399568 150.575933 151.259167 151.551960 147.468019 152.574198 149.919314 150.360558 148.751511 147.606538 150.068093 149.358041 151.344490 149.834384 152.530135 148.935910 149.643044 147.962114 150.613615 152.685218 150.425356 148.515702 148.835254 148.355186 151.637099 150.487732 150.693087 
149.862642 147.781532 148.755771 152.424379 147.337581 151.522156 148.568758 149.378613 153.263987 150.916202 151.814481 150.205417 148.204732 151.447042 149.481463 149.753610 147.556455 146.850665 149.138911 148.404803 150.556148 149.017447 147.902048 148.428798 149.863294 149.795104 150.266548 
149.422039 148.679852 149.992273 152.544940 150.525922 148.670683 147.031786 148.386430 149.998015 149.730624 152.528211 151.076355 147.788120 151.589714 149.475893 147.441752 152.555891 147.615497 151.629402 153.132889 147.849505 148.862166 147.746380 147.877668 
152.378095 148.227557 147.624919 153.320608 152.398481 151.053567 150.132992 148.857040 147.982427 150.992866 148.722783 150.419533 151.446801 148.828935 152.883405 148.052998 150.186612 148.238736 149.558360 148.905819 147.489798 150.996600 151.342156 152.402633 147.350586 152.833580 151.271925 147.655835 147.709046 
150.637308 147.940337 149.132265 148.896736 148.377411 148.279675 147.275483 152.899144 149.339633 149.922352 148.024363 149.360110 152.569570 151.607812 148.075697 150.289569 148.081324 
148.472391 148.614511 149.260232 149.476919 148.214799 149.071609 152.842424 149.353915 153.255649 151.263991 150.618282 151.184555 148.159301 148.122142 148.664692 148.384657 147.517330 148.977591 148.202202 153.308538 
147.877838 151.363777 152.684680 152.898066 149.251417 149.385014 148.242708 152.524413 150.510700 148.436941 149.681952 151.028286 148.997288 151.820429 147.870358 151.356882 150.103185 150.719001 
151.224548 148.322197 150.262110 153.102985 151.226200 149.714657 152.546372 148.963938 150.255605 149.644695 150.925741 147.475465 150.943989 147.024782 147.654226 150.866347 149.144233 150.548425 148.992870 150.199300 147.833446 149.823812 151.785359 148.710052 148.432140 
151.266289 149.108281 150.462692 150.128857 150.184072 150.167277 151.983649 151.906264 151.109507 150.461793 153.084262 148.489417 148.669663 149.822684 149.190268 149.800335 149.973311 150.848930 149.037599 149.832218 147.060901 148.150061 147.622960 151.951166 149.530224 148.464205 148.851846 149.658362 148.339887 148.675751 
147.768430 148.676199 152.923103 151.584088 150.329873 148.085685 147.989237 152.683659 148.867911 151.647011 153.247331 147.959177 148.969823 150.751442 147.720907 152.043988 
150.058952 148.937525 148.466129 152.070461 153.122335 150.223533 151.457096 149.520541 149.236101 149.777109 149.778150 148.845350 147.188324 148.965269 153.020664 150.017708 149.426948 148.265573 150.394270 149.667439 
151.332996 149.198427 149.447085 148.472606 148.626216 153.371732 150.745416 150.861803 152.382603 151.563221 147.081655 148.894678 150.031074 148.115088 148.862501 148.318653 150.295060 
150.588878 147.703751 152.164334 149.828798 150.622928 151.629780 151.731155 147.038546 150.212722 150.098447 150.680014 148.228124 153.281419 151.848284 149.465825 146.907746 149.548117 147.300135 151.751412 147.481474 147.317933 148.198854 150.045375 148.883963 
152.709389 150.770271 149.167006 148.798072 147.793879 149.267220 150.498862 148.552036 147.671072 151.706609 149.160673 149.192182 150.224359 150.133318 148.315287 149.204322 148.905146 149.659263 149.210074 150.568671 150.824892 148.736094 148.126748 152.761790 148.163819 
147.757693 148.710143 147.982787 148.173642 148.267495 153.279278 148.422710 149.523555 151.861690 150.825521 148.950956 150.042909 150.105367 149.435996 148.756015 152.518557 148.631911 152.833660 149.017110 150.265063 148.106097 150.276052 148.399381 149.689676 149.614044 149.159041 147.348287 150.272104 148.244413 
148.327514 152.484321 148.712968 148.770433 150.736648 149.482331 148.355146 150.261586 149.933330 152.771546 148.362795 151.998820 151.991508 148.732844 148.863933 150.017913 147.768617 149.483925 147.578475 148.886432 149.545597 149.454611 150.535051 150.185983 148.001235 148.901064 148.896933 148.511644 150.004201 150.349353 149.868791 152.527009 
150.295844 151.823899 148.966219 147.311934 153.415621 152.370914 147.972792 148.018872 147.900838 147.208419 148.230674 148.446352 148.895397 
148.721170 148.933558 149.569058 151.463136 147.095574 147.082327 152.882213 149.518121 148.523535 153.135899 150.115245 148.190823 150.375416 153.040051 147.946143 153.329852 150.269187 
153.476573 148.974950 153.342759 148.108826 147.273737 152.416474 148.343465 150.328475 152.099254 150.724020 150.370328 149.449945 148.877853 
153.143245 148.023239 147.912007 152.786327 151.368225 151.769997 149.913476 150.190325 151.077434 148.231562 148.397117 147.793710 148.897849 151.529722 147.160169 150.983633 148.205125 150.487745 148.656590 148.472333 149.433006 
149.112632 150.140171 150.572187 152.616619 149.047656 147.749902 147.464810 151.020314 152.546737 150.671102 151.254333 153.071325 
152.390224 150.534089 151.912587 152.544324 152.370676 148.397634 148.784998 148.009953 147.156451 148.166604 151.789343 149.591163 152.085180 148.027689 149.224435 152.930980 149.599193 149.434654 147.641149 
149.860559 149.379187 149.071694 148.452266 147.578236 152.314970 147.020945 147.895346 148.661624 152.838081 149.689051 150.616255 149.151136 152.035552 149.300229 148.103195 150.987227 150.823889 147.828687 151.479456 147.635877 148.304115 149.121541 148.710388 150.466318 152.884815 152.912698 149.434317 152.576184 151.699783 150.521723 151.106670 152.653194 152.767384 150.882707 
153.335996 151.235950 150.277038 150.304127 148.811690 152.014986 151.244416 148.653480 149.478809 150.235047 151.932736 150.982529 149.612802 149.408920 150.136938 148.690113 148.095433 151.715900 148.142348 
148.200884 147.089681 153.139478 152.638842 151.567480 147.855759 147.450769 147.475368 150.418164 147.433182 149.005874 148.567862 151.325430 147.401964 149.092693 
148.610482 152.534052 151.351458 152.872032 149.030387 150.028826 150.776917 151.015341 148.935268 148.493541 152.782323 152.809890 147.995205 148.077007 147.830246 
148.990343 149.770822 153.182698 153.198268 151.299424 150.232265 152.052419 149.224869 149.063532 153.123061 151.140071 150.365692 150.809369 147.399635 150.518071 149.661276 149.281502 151.353566 148.191500 149.137580 149.060421 
152.426660 148.604319 150.405890 149.204859 151.371608 152.493546 150.837022 152.421900 148.550779 152.552115 150.312979 149.286227 150.596814 147.064404 151.357067 149.938994 151.170607 150.378368 149.775065 148.447195 148.221992 149.005423 147.179950 151.684825 150.968848 148.993054 148.194016 
149.308911 147.590521 153.011127 149.710057 152.639405 151.627505 150.772379 147.930888 149.334708 149.724573 148.965856 148.192787 152.135391 148.119211 147.293422 148.835661 149.709522 151.538252 147.813602 149.369553 147.357957 149.155000 150.670006 148.048083 153.426468 149.317625 149.016017 
147.461700 148.967708 148.193581 148.743371 151.118513 147.919915 151.149840 150.407706 150.504267 150.060472 149.600277 147.942127 151.789368 149.066416 152.891590 149.372837 151.958569 151.427119 148.720417 149.533045 152.837906 150.078369 151.981011 148.089376 148.981069 149.010672 148.447852 150.024110 150.940995 152.210536 152.490175 152.769521 147.912012 
148.158955 150.536281 150.344908 153.044654 148.550628 152.751481 149.208554 149.864423 148.407129 148.362456 149.936160 151.895330 148.301824 148.293187 149.276576 152.905008 148.687672 150.697501 148.825879 149.294810 
151.519863 150.468208 152.699997 150.965084 151.891434 151.829146 147.035503 147.883848 152.322621 148.704186 148.386582 150.094782 148.897156 149.555492 148.498569 148.728605 149.070838 149.035697 
151.805955 147.203594 149.444923 152.663049 152.457813 149.243663 148.305620 147.317425 153.139910 149.712360 150.001705 149.058413 
149.843911 150.064250 149.360978 150.741504 150.434209 149.170048 150.133636 152.481458 152.787461 148.490622 151.944633 150.979253 150.299097 150.808728 147.847996 151.834746 149.979122 148.736080 147.627946 148.365509 149.625637 148.297852 147.515080 148.832862 149.034450 149.062697 152.175875 151.627566 
148.825891 152.398612 147.811942 148.140853 147.851510 147.601821 151.002484 150.533289 148.881860 148.533236 149.688984 149.209289 148.345733 149.577172 149.910021 149.458173 150.050657 150.403252 152.993140 150.976918 148.646304 151.890566 151.995255 148.129869 
152.177887 150.087559 152.058038 152.571671 153.188513 148.361780 147.515029 149.548385 148.092492 
151.768289 149.444172 147.230035 150.712787 148.976864 149.582449 148.224242 152.324250 148.908697 152.846789 152.073465 149.273424 153.259793 151.333195 149.158297 148.910306 148.826074 147.318730 152.489576 148.171579 151.593772 148.936498 
148.197656 152.975376 147.639324 150.053112 150.552421 148.167956 151.729406 147.867189 147.025503 153.104165 152.880715 147.972379 148.676029 148.738668 150.231665 149.010482 152.730001 152.418112 148.988061 150.121211 148.314801 148.599009 149.699628 149.928622 149.167962 152.996697 
150.181017 153.096364 149.065471 150.544199 147.934103 151.676178 149.300105 152.770124 149.133077 148.277874 149.430706 152.905401 148.391246 148.441875 148.184530 147.057595 149.564051 
151.469791 152.191079 153.160617 149.955266 151.615204 149.820292 148.646492 147.086885 150.573254 152.776468 148.051943 148.276159 151.437468 152.810370 150.388468 153.235336 153.397991 147.781792 148.632507 149.065059 149.702667 148.373109 148.808339 149.620221 148.625407 149.917535 
151.971259 147.378872 151.935194 148.329821 149.887893 152.556367 149.494748 149.771157 147.794259 152.688714 150.721399 148.302009 151.193917 151.328192 148.359524 151.540893 149.558658 150.474674 152.144109 150.458381 148.203008 148.625296 
151.133682 149.182847 153.005495 152.016178 148.790279 152.493006 148.013115 151.450164 152.841409 149.815948 149.326796 147.650538 148.914937 149.348802 149.129092 147.614094 150.169745 149.979956 
148.723297 148.218222 151.690121 150.034955 149.286734 147.747282 150.680270 147.462180 152.805464 149.516131 148.033999 152.972774 147.422222 148.344728 152.164437 150.519388 148.264219 148.197851 150.995241 149.823541 148.117500 148.616454 150.802781 149.076860 148.133700 152.546664 147.604836 148.561888 152.118925 149.378551 149.389561 149.344857 148.854156 149.607744 
147.085931 148.602410 152.701483 152.320393 150.845382 151.302278 151.864565 149.449535 149.411822 148.770308 149.356191 148.729296 149.555027 149.709071 150.025876 149.427702 148.273360 149.020350 
147.777856 149.074528 147.787174 150.235809 148.308511 150.866794 148.762901 150.025825 151.398602 147.912932 147.849496 151.313287 152.683860 151.074855 149.118034 153.106458 152.617118 147.306094 148.020574 148.593273 147.895043 
150.212868 153.318160 147.055105 152.577702 149.917375 148.457468 147.332629 151.258868 150.121694 148.356631 149.944838 147.186097 148.340428 147.809986 148.945709 151.123724 151.974344 149.345296 149.205115 148.418498 148.148801 149.404513 147.417352 
149.875588 147.592448 147.445986 148.495259 149.080543 149.376200 153.123894 150.514425 150.628035 149.378569 151.458514 151.177776 147.432298 148.821942 151.296774 150.292822 148.293211 151.627364 152.574917 151.579083 148.687349 150.569111 149.695545 149.360510 148.220906 150.362754 150.529138 148.252072 148.462439 149.706195 147.799727 
148.903032 148.456385 150.698303 147.856201 152.860286 148.611880 149.715513 148.647958 153.358556 151.176088 148.570088 150.121850 149.336946 
151.542199 148.870893 147.808431 150.949165 151.522151 148.984199 153.277131 149.991746 150.188398 149.388555 153.046556 152.819583 149.025211 149.395446 150.890901 152.631588 147.878246 149.406906 149.414824 152.894873 151.459284 149.685457 149.996881 148.550637 152.889215 147.469607 148.486872 147.576263 152.009822 148.485771 148.250489 152.150108 148.673910 148.485202 147.785539 148.836559 
148.704368 151.372138 149.696558 148.976805 152.385731 148.913706 153.255445 152.727885 148.676790 150.573313 149.301750 153.214431 150.553068 149.404484 147.497613 149.858188 149.044358 149.593518 
148.306023 152.653442 148.735021 152.295385 151.563725 147.601839 149.987745 149.315957 150.424062 152.083285 148.661211 149.562182 151.391958 150.175830 149.436373 149.825831 147.620535 149.207013 
149.722279 148.097533 150.819051 149.148750 148.678127 148.148989 148.844748 148.796261 149.967475 150.362416 152.220319 149.555343 153.247157 150.105712 151.097289 148.506637 152.070725 150.527390 152.458768 149.926151 149.683895 149.153075 147.401935 148.855194 149.592742 148.585286 153.372238 152.166516 148.829017 150.117527 148.205736 147.578098 150.815686 150.520969 147.746343 152.012250 148.661137 147.519919 152.703121 
150.159574 152.521759 151.927189 149.117384 148.904733 149.295755 150.743157 152.442966 152.285912 149.222115 149.504455 146.862570 153.404824 148.355855 147.374012 147.845205 149.182105 149.069010 151.319478 151.479659 148.960403 149.072035 149.509305 148.930100 150.508893 147.100823 147.975624 
148.667310 147.197096 149.312559 151.338961 148.254576 150.006960 152.665009 148.637582 153.411408 147.570552 147.312540 150.633841 150.570355 152.776786 149.950101 148.189902 150.646816 149.908808 148.952241 
149.099735 151.705177 152.353303 148.295171 149.031453 150.754080 152.787480 151.022737 149.909930 153.253338 147.874402 150.236516 152.353600 148.999848 149.506530 149.217201 152.599673 148.225619 
153.128847 148.153568 147.786032 148.958785 150.901315 152.592656 148.116985 150.831013 150.688468 148.051733 150.104346 149.523803 148.861527 
148.241545 149.509768 149.597829 153.053396 148.920664 148.792164 149.853868 149.867038 150.960735 148.966497 147.764393 153.040421 148.230947 148.943686 150.880863 147.530637 
151.367224 148.139717 149.136231 148.929012 151.166610 152.705122 149.926378 152.785068 150.674127 149.101688 148.135547 150.111005 151.578603 150.563571 149.063859 150.938417 149.946835 151.090213 147.276271 150.192322 148.392224 148.255775 148.648176 148.188300 148.953692 148.696859 150.852622 149.321202 152.721006 150.367921 
149.012617 151.971296 153.078504 150.649088 149.157351 151.650398 148.544426 150.964276 151.482043 152.303276 150.582178 149.373306 150.078125 150.193049 151.453563 149.388910 149.310768 
150.566358 150.856407 148.724672 151.751193 148.602715 152.236179 151.767570 152.686812 146.967939 148.065389 148.978666 151.798568 148.222066 148.481297 149.445468 148.558058 152.015009 148.969675 149.516533 151.842945 147.562372 150.504188 148.023343 
152.734590 149.424303 148.184624 148.261080 151.539350 147.288657 150.471557 150.193918 149.925653 152.916261 148.610784 147.525475 153.295587 147.418776 148.073041 151.415631 148.926110 151.087538 149.073035 150.873206 149.419499 148.319732 152.953297 147.929483 148.996694 149.722969 148.498062 150.033034 148.146848 147.312513 152.314582 148.576568 147.786750 148.769900 148.490976 148.276921 149.337289 148.864901 147.057458 150.237647 
149.125605 152.708034 150.089433 152.344414 149.212009 147.839918 149.261721 147.221082 149.742501 148.080682 153.432860 149.705130 151.271090 150.883536 148.854480 151.767845 150.892092 149.785196 148.283456 150.221214 
151.716776 148.012037 152.749211 149.623063 149.677229 152.464854 149.790432 149.797322 148.531514 148.763365 150.320612 148.198629 150.249994 146.959370 152.348750 148.316295 
152.882198 151.044602 152.770215 148.319281 149.614642 149.560433 149.808351 147.687117 149.012242 149.656521 148.383239 147.801978 149.081829 147.596421 149.203362 149.518248 149.089091 148.013868 148.219186 148.918917 150.059361 149.760259 149.358325 
148.016789 151.560852 152.756977 148.252159 150.813209 148.959479 150.521126 148.195198 147.505695 152.282100 149.449277 151.786192 149.685358 148.488255 
149.615687 149.536274 153.231179 149.699454 151.540498 147.473412 147.748046 150.539723 149.651694 148.872672 147.891670 147.373417 152.420395 148.436412 148.706399 148.363035 150.162932 147.784742 149.015882 149.201439 149.085257 147.703092 150.788903 
148.519876 147.258476 152.560242 148.637051 152.381471 151.424644 149.350622 150.987427 153.201174 147.616939 150.826314 149.849180 
148.698916 150.987666 150.430096 147.841783 150.035735 149.108514 149.993485 152.968658 148.590776 149.011609 153.216830 147.841266 152.366640 151.257561 148.015855 150.629515 149.688344 152.419614 148.949556 147.273744 147.386652 149.329689 
150.135486 148.246217 148.553929 148.511862 148.982652 152.596569 151.882065 150.523648 148.449998 150.165653 153.234395 152.643346 146.975100 151.478251 149.183230 150.668047 150.364687 150.052511 148.671777 148.859845 147.829292 149.376244 147.093396 150.172510 148.755744 149.050963 147.799038 148.541576 
147.450662 152.761412 150.671866 151.018704 149.458217 149.625006 147.764719 152.978715 150.329393 151.659109 148.561232 147.501138 
152.603733 151.158826 148.218539 148.862284 147.593009 150.937850 148.447399 152.560299 151.338385 148.554710 148.068817 
149.079223 149.486107 150.361830 149.427558 150.047767 147.261136 150.504043 149.111284 152.929732 148.456096 153.061374 147.800829 149.410396 149.545071 147.668472 150.434481 148.655682 152.385653 152.242899 152.590604 148.942098 147.953393 149.387175 149.950508 150.663670 
148.486019 148.511010 147.992679 150.438002 150.774505 149.697538 150.957892 147.909339 148.848413 152.654601 153.335057 147.778921 148.013828 150.844153 148.796703 149.436902 150.390877 148.968471 152.189686 149.897444 149.784051 148.960341 149.778590 147.667278 148.745989 150.251648 153.325479 148.237334 148.655649 150.713715 152.419449 150.419966 
150.611772 149.636025 152.553759 148.049855 148.212583 151.452890 151.160416 149.615546 147.545062 150.304971 150.481000 147.400704 150.068233 151.849880 152.937465 148.099517 147.697549 151.306120 149.072974 148.825730 151.643807 151.671874 148.245759 149.526431 150.903274 149.282074 149.494780 148.097337 
148.830838 149.431529 148.786229 150.292340 153.073095 149.859043 147.181103 149.934937 147.405233 149.621403 149.752725 149.437684 149.917310 149.177254 149.157823 148.769050 148.417229 149.828531 149.911898 148.909611 150.294808 149.178909 149.455927 149.350515 148.119203 150.671688 152.755920 150.883820 150.236473 148.268944 148.252129 149.545668 148.310175 
150.094589 149.008690 148.037268 152.359287 149.042705 150.125189 149.936263 152.892404 151.780853 148.877019 152.792869 148.198557 149.676818 147.972029 148.117323 150.908330 149.811463 149.163937 
151.384758 150.430301 151.895021 147.374469 148.992332 153.269394 148.417535 147.401834 152.910541 150.093074 149.996951 148.304512 151.447229 152.324968 
150.386856 148.153490 149.843679 149.410431 149.465724 149.021644 147.618095 149.648934 149.443154 150.477825 147.325317 151.966393 151.890794 149.258020 147.193273 148.759048 152.766782 148.760965 149.852917 151.814416 148.011596 147.978239 152.465523 150.511989 147.999937 149.006249 153.068517 150.487376 150.241793 148.267345 
153.237623 148.875204 151.406045 149.703147 148.741860 149.640949 153.400214 152.726873 150.744615 150.565074 150.922678 147.729691 150.827085 149.979177 151.304904 147.189382 147.545730 147.723894 152.678738 149.206932 149.848838 152.522693 
150.859571 148.912905 149.456384 149.594337 150.784249 152.747436 148.186436 152.561965 149.975060 149.032426 149.887571 149.395656 150.189936 149.560901 150.920208 147.335358 150.244250 151.411287 148.687962 149.850664 150.193912 150.923956 150.198706 148.125663 151.525440 149.728001 148.490921 151.058275 147.512341 
147.494387 152.788738 150.185177 151.404520 152.776810 148.784529 149.003532 150.432394 148.670856 150.853875 148.495523 148.960333 147.212219 150.085223 148.958724 149.518525 148.775948 147.308916 
148.775356 153.334888 150.490061 147.992622 149.847179 147.484835 152.487655 147.467312 148.423086 152.096473 148.921137 148.582674 149.602304 149.192476 147.903752 148.069621 147.819612 149.120315 149.590747 148.744305 147.949911 148.117985 
146.869776 147.950965 150.662273 148.847780 147.561265 151.263451 149.187515 149.578356 152.477978 149.999405 149.423766 151.636757 152.637652 152.592783 148.211744 148.487530 147.652704 148.683933 151.307581 149.407147 148.044220 148.653268 
148.492647 151.139917 148.138584 148.070535 151.186445 149.271150 151.055703 147.171715 151.319855 152.046607 148.930247 149.167844 148.876248 148.915294 151.696788 148.540365 149.614311 147.772661 153.244253 148.449764 148.469755 148.582419 148.556538 148.133682 149.796832 150.076572 152.792646 151.588339 148.815250 148.119877 149.672654 149.121925 148.634263 
152.618799 151.895725 150.227135 153.206375 148.776353 147.917267 148.876166 149.463069 149.603433 148.989685 148.569428 150.855586 148.733208 153.298097 147.510706 149.309759 
148.571643 152.887929 152.259350 150.798765 151.641502 148.851658 148.298398 147.113402 148.953562 148.626591 149.462455 148.072990 148.597800 148.417015 
152.987883 150.828593 153.235441 150.842525 148.644198 147.811475 148.948018 152.711085 148.442123 148.215070 148.055600 151.803334 149.253704 148.702589 150.685609 151.441646 149.171020 148.819719 148.598573 149.846209 148.214867 147.287707 153.192064 148.536166 148.464708 
153.401168 150.763741 148.874521 150.562546 149.722832 149.344533 153.497460 151.589106 150.367587 148.235723 148.101831 148.540766 148.848430 152.589694 147.119820 148.178074 148.773919 149.101428 
147.918600 150.385801 148.070704 150.115244 148.271421 149.828074 148.713788 148.484817 150.736975 152.610289 153.049511 151.380785 151.221795 147.374823 147.837943 150.853056 148.676358 150.476064 149.595517 
148.150606 148.466595 148.900946 151.587906 152.386537 149.595105 148.858059 152.118582 151.838879 150.236353 153.306111 151.497745 149.690300 149.324755 148.246498 147.768803 151.149894 150.887626 148.687691 147.887325 151.736438 149.663317 147.981748 151.889418 149.005499 150.368366 148.469924 149.660201 150.154364 148.423766 
147.828808 148.684897 148.954403 150.803777 149.202808 153.402017 152.800602 151.687518 151.559972 152.985938 149.885502 148.561374 151.104202 147.445371 147.935416 147.935695 148.274802 149.229758 151.078420 147.093949 149.238500 151.512265 148.778806 148.790369 152.682218 147.211336 148.666760 
150.540292 150.294198 150.011012 148.686545 147.197139 149.137918 149.093068 149.852975 151.613261 152.162285 150.790963 148.583129 149.610009 151.475450 152.139017 153.361363 148.853855 149.947148 151.907502 151.162259 148.149256 147.354428 150.185620 150.239243 148.668340 149.682183 149.204637 150.733701 149.480111 148.819192 148.938827 149.315850 148.047647 150.469103 148.771528 
151.041138 153.389883 147.566160 150.993877 151.707104 149.126343 148.636155 147.856765 149.640546 151.932552 152.254994 150.974309 147.599098 148.572152 149.902951 147.262124 148.685014 148.470943 
150.198642 149.981238 152.196465 153.095289 148.584561 152.468870 148.583492 151.058835 149.662223 148.597937 150.005130 150.301149 147.828688 151.040793 147.863552 148.149946 149.466409 148.128649 150.449329 150.046846 150.010442 149.246715 152.959746 149.800639 148.619241 148.929993 149.039097 149.996840 150.735709 
147.947265 148.900871 152.074752 150.393399 153.080486 153.123025 151.866935 149.084378 148.741141 148.615162 148.614833 150.630982 146.994039 150.052787 152.987523 149.155034 147.804144 150.845979 149.084663 148.281288 152.995599 150.941045 151.452330 152.732581 146.942295 147.950272 149.095111 
148.908291 149.563412 152.117340 153.365708 152.133881 148.419933 147.979345 148.274629 147.086764 149.460569 149.479840 149.047149 148.050615 148.300123 147.853635 149.325643 148.555003 149.016806 148.949884 149.758801 
148.608698 150.005753 147.392080 148.197629 147.382867 148.806808 150.074154 149.919941 149.101608 151.719527 149.011843 149.691187 150.765402 153.124364 147.362888 149.014127 148.905003 150.830129 152.610444 147.810375 148.083849 148.771511 153.275830 148.231189 
148.713282 153.265432 153.210873 149.671905 150.984666 151.425270 151.829558 147.434365 151.775786 153.149375 152.255378 150.837128 148.054741 153.126843 149.786079 147.833730 148.564366 148.919790 
149.724842 147.687862 148.296202 148.080079 153.135276 152.383944 151.602870 151.623509 149.010915 148.646323 150.423063 150.268712 147.950092 149.520119 153.081001 152.997820 147.713604 149.577924 148.146186 150.964002 151.218905 152.662976 148.458933 148.293872 150.305088 151.136092 147.938061 150.209194 147.431372 150.272689 148.317557 148.946950 147.293263 153.505847 147.245371 
147.860251 148.716414 148.464908 148.465393 148.536477 152.701740 149.465404 148.868541 150.395652 150.243153 150.330064 151.752071 152.643415 149.138823 147.447980 149.196884 148.083374 149.642174 
151.396030 147.552933 152.952920 150.869837 148.763951 150.086143 149.602511 150.672905 150.612599 148.703770 147.904475 147.312721 148.354651 153.156231 147.164885 148.919011 147.965957 152.324062 151.278105 153.255193 
149.212248 147.737811 152.731121 148.917381 150.603154 147.222171 152.239826 147.412607 148.044596 148.108131 151.553675 150.727488 148.519895 149.678499 149.207171 147.943733 148.845328 148.582873 149.731645 152.021777 151.925625 147.813784 147.843283 149.891919 150.752356 148.388467 147.564817 
152.281769 150.096618 150.678813 148.454821 148.629256 150.231145 151.778074 153.459692 147.867011 148.974334 149.709378 148.020093 149.190540 
147.726083 148.878711 147.251865 153.307143 147.726768 152.291433 147.099826 148.453155 152.224724 151.420960 148.339821 148.562641 150.832539 147.099928 150.064942 149.882311 150.414978 147.821246 147.502035 149.850016 148.861786 151.835412 150.302497 148.775012 147.795236 150.714919 148.465065 148.585853 150.406286 
151.215139 147.481442 152.403534 148.573665 147.703641 151.489155 147.089057 151.545555 149.005994 153.019688 153.182086 147.997481 147.756702 149.497859 148.753761 
147.410984 150.829692 152.621734 148.955067 152.270550 153.106672 148.990868 153.191291 148.746624 151.885330 150.572322 148.861667 147.476436 147.255804 152.949862 150.368631 149.495547 148.316124 148.973412 
153.325738 149.132602 148.189854 150.669609 149.931367 151.501401 149.029252 149.369147 148.824433 148.865288 149.575855 151.092602 148.781344 147.820527 148.525671 147.780368 150.975958 152.269617 149.613731 148.794947 150.019495 147.996586 148.125553 
149.692146 151.248579 151.276738 149.746800 147.361052 149.167543 147.765486 152.230735 148.114450 150.088442 148.093859 152.468227 148.914744 152.539630 148.772960 150.131729 151.170670 151.012695 151.468679 150.842366 148.404416 148.064365 148.681042 
148.268008 148.090364 148.999374 148.994914 151.459247 149.818010 152.962223 148.551293 149.353517 148.962873 153.252750 150.274372 148.602976 148.805856 149.297422 150.877456 147.179137 148.935094 148.035433 150.760319 149.086617 147.888640 149.164572 149.799220 148.214481 152.973760 150.169278 149.376485 152.555212 148.964060 
152.521424 148.522168 149.590837 151.783602 150.687434 149.305939 151.313913 152.388772 151.232105 152.328438 151.107704 153.105578 148.800464 150.687015 149.161369 148.174321 152.640941 150.197739 
147.849080 148.077926 151.469727 147.880586 148.458746 152.772350 149.701065 147.782571 149.401016 149.183059 150.706158 153.118596 151.481614 148.463759 148.274150 149.340723 150.017561 147.810659 150.696144 151.862238 149.473821 147.956971 148.636022 150.092138 153.043588 
149.579185 147.403758 151.779259 149.250289 152.629785 152.473216 150.079921 153.041375 150.757071 151.802066 150.290611 148.656106 147.749832 152.110937 153.081926 150.230567 148.551633 148.830996 153.101985 151.383514 
151.059690 152.237538 150.459638 148.812689 151.065193 149.947260 153.138912 152.013583 148.237707 150.113715 149.120533 149.017544 148.107919 149.728619 152.747382 149.158281 148.887074 149.048434 
147.439139 148.764886 152.436218 148.595093 152.648257 148.291871 149.084792 148.282050 151.525636 149.448128 147.723232 150.962731 152.945550 153.022741 149.389567 148.010116 148.320243 
149.864523 152.508975 147.728884 150.914263 151.294723 152.842911 149.633354 147.760449 148.011223 148.122750 147.767427 150.789317 150.327250 148.512123 150.309676 149.723904 153.399835 148.941743 147.587622 150.083906 148.914245 148.859267 148.941751 149.250948 149.976500 148.216970 148.207893 149.680367 148.291964 149.425061 
148.864714 149.943682 151.518677 150.362579 149.796615 147.484017 150.032893 152.502430 152.963518 148.930250 151.806983 149.115965 153.197229 149.934505 149.573297 149.996238 150.023585 148.900687 149.169314 149.746484 
151.712797 152.369701 151.733466 153.232955 148.933196 150.930683 148.858357 147.580076 149.905542 150.207290 148.826003 148.673149 148.451505 149.479705 147.940240 148.506575 148.260120 149.048739 148.278976 148.819766 149.679585 148.548768 148.720565 149.215085 149.325596 149.229463 148.349331 148.437520 149.378489 
148.030457 153.126436 150.766084 147.438929 151.126882 153.337454 153.069761 148.810145 149.286706 148.889660 147.595612 149.102680 149.533228 147.431965 149.044098 150.454700 153.423510 148.946625 149.776522 149.385897 147.132030 147.718959 
149.287395 148.965014 148.220496 151.639021 152.795749 152.125277 150.582431 149.082538 148.750101 148.370385 148.705057 153.077830 
149.721767 151.469011 150.864134 151.493815 149.004687 152.206341 150.309037 147.440661 150.696932 150.754228 148.211414 148.148285 153.240817 149.651458 151.183148 150.661249 152.999396 148.784612 153.220393 149.993259 150.831333 148.040681 148.578268 149.523719 148.426181 148.854312 
151.616559 149.195254 148.876381 148.242982 150.318322 151.400672 152.730978 149.520879 149.812473 153.309943 152.294152 152.887909 150.734253 148.741011 151.919904 150.213462 148.749241 149.485099 152.798287 151.076605 151.301329 149.597757 148.665451 150.799553 150.090113 147.949277 149.044820 147.453949 147.320892 
151.511976 147.402518 148.754965 151.488199 151.045498 152.494803 149.484097 147.915850 149.947323 151.715020 149.342661 151.600790 150.412902 149.070164 148.349912 148.501708 152.597471 149.049354 153.106385 149.985894 151.590387 153.321298 147.244881 
152.427033 151.702103 147.724782 149.041424 148.122787 153.070063 152.412942 149.092373 149.981558 148.571274 148.236837 151.371167 149.919131 147.436167 152.457355 148.173345 149.503706 
150.207927 151.373077 148.454959 152.457061 149.868787 148.784991 149.659204 149.696130 147.605274 148.459039 149.144481 150.330880 150.785263 153.201910 152.846175 152.688650 148.878179 147.684609 149.954134 148.631870 148.883942 149.387253 
149.457937 151.302912 148.497781 152.473184 148.818203 148.946790 150.823937 147.115869 148.601857 148.506966 148.137037 152.027141 150.695384 148.557499 149.382421 151.663844 150.415520 151.801554 150.225097 148.359934 148.342181 152.772727 147.481721 148.714081 
151.472886 151.823961 149.565312 149.933953 150.765711 153.357107 150.808223 147.441800 151.550196 150.322284 150.167309 148.019478 148.793455 148.682906 147.674296 147.849467 151.725865 148.585482 149.942248 149.599034 148.435833 
151.055799 149.307339 152.745307 149.080116 150.164527 152.779321 150.808784 149.264727 148.795331 149.018415 149.586736 152.540471 148.525643 150.200172 153.349730 149.605511 147.512380 151.080530 149.101537 152.444838 148.841979 148.635786 151.399678 153.093353 149.738999 150.725412 150.072614 149.782381 149.327700 149.706638 148.509135 151.163741 150.399138 150.219388 148.685394 148.323368 152.606705 149.740463 150.586238 148.881392 149.004492 150.438205 150.145374 152.245792 
149.876094 150.783386 151.069946 152.196082 149.180709 150.654429 148.569110 150.850710 151.638653 149.267153 150.293825 147.486648 152.636721 148.772021 153.361469 150.969649 148.167079 148.389785 149.845402 149.552003 150.697557 149.681027 151.889592 148.312181 149.650640 153.501152 149.073090 150.850354 149.340549 
148.900330 152.955015 152.634098 149.849156 150.127731 150.143118 148.023860 152.935914 148.350428 151.909259 149.430798 149.587899 148.407689 149.951771 151.468995 149.294956 150.789691 148.487853 152.510421 152.627926 149.824464 152.932202 151.478395 150.242613 
152.904206 153.393538 150.276668 151.929713 148.303061 148.209548 148.093931 149.852719 149.111986 148.491123 151.097530 152.065531 148.282977 148.279459 150.521483 149.371765 149.810961 149.205155 148.763329 149.787623 151.509540 151.259657 
152.800669 150.587745 148.300366 150.113361 149.713586 152.409116 148.821550 151.509429 149.836869 150.679754 151.781618 148.254812 150.095724 
153.566118 147.854636 148.106684 152.657269 147.633939 151.867538 146.986405 150.724305 149.246239 148.940970 152.131135 148.304438 148.279909 148.991073 149.895890 149.999701 
150.715579 153.147412 149.454370 147.240337 152.154737 150.713692 148.872554 148.490923 147.190804 151.778453 148.016429 150.922608 149.369186 147.822770 150.155522 148.050989 147.718832 152.747506 
151.649252 147.040521 147.702027 148.520570 150.507293 153.389092 152.074131 153.370640 150.587843 152.457646 151.490362 147.483904 153.152652 149.351230 149.713183 149.190860 149.594348 149.658551 149.171729 149.804131 150.545781 147.625512 150.025201 148.879442 147.697002 150.687973 152.144872 148.086756 147.551084 
150.147000 148.523785 149.770440 151.111253 149.557576 150.890443 148.690644 149.940108 148.117814 149.249784 147.762936 148.303863 152.453475 149.513230 152.988575 152.807597 151.093359 151.497396 150.509978 151.264111 150.286238 151.484328 148.608414 148.752810 149.710822 150.864686 148.929035 147.779174 149.633068 149.972607 147.779834 149.446093 151.413196 151.596524 149.512663 147.872220 149.433935 150.006461 148.497173 147.784607 149.118766 149.490254 149.875195 
148.708951 152.430154 147.825736 148.271245 148.086995 150.889192 153.044324 148.960731 147.484039 149.081849 152.554134 150.248413 148.912547 151.676388 149.493846 150.434130 153.008171 153.087272 152.991342 148.995394 149.306991 149.038038 149.502929 147.430191 148.312657 148.724092 147.661174 148.107177 
148.228947 148.247084 148.153887 147.695344 148.370563 147.573398 150.623188 152.853449 149.115780 148.380433 152.536621 147.924660 148.291990 148.547575 151.720653 149.275586 148.561239 
149.286109 148.187183 149.538148 150.899845 152.699694 151.658134 151.753862 149.297519 149.910745 149.647387 150.616229 153.066782 148.509244 150.213574 149.041711 149.695257 147.577831 147.099037 148.814291 149.108775 150.933399 153.480082 
148.785954 149.630085 152.924611 147.491064 149.355700 147.376794 149.548522 147.098486 149.921626 153.307890 151.553117 151.853753 150.435273 152.377675 148.913769 148.672149 150.555428 151.367716 148.890394 147.913852 148.593126 147.294764 150.463734 149.609688 150.704090 153.140994 149.519749 147.285182 148.215905 
149.636033 148.491454 149.612175 153.451004 148.645340 148.727478 148.509693 147.890237 149.378732 147.248899 148.665037 151.608541 147.098195 150.077284 150.033638 148.188150 149.045604 147.925922 150.739636 148.630116 149.276536 149.977283 152.372281 150.266550 148.880178 148.565954 149.911760 147.956388 149.663621 149.708195 149.297828 148.292189 147.831367 147.539946 148.509445 153.350311 147.441493 148.501728 
150.115015 149.371373 147.945517 149.404928 150.439466 152.928685 148.783370 147.213096 150.960268 149.196198 153.141193 151.435009 148.540932 149.921005 149.202777 147.353331 147.987439 150.506038 149.219498 148.741529 150.438382 
148.069689 150.279595 148.089433 150.568664 148.399273 149.241086 148.672953 152.834596 153.219157 151.571410 147.641445 150.028427 148.203791 148.992780 148.818670 147.690656 152.615142 
152.668997 151.075622 152.897447 152.747260 149.647211 150.767034 150.224074 149.025474 148.725472 149.003810 149.257053 152.593211 149.465268 148.533619 148.107558 148.164598 149.267937 
148.595822 152.896270 151.137450 149.577349 150.790745 152.977656 147.606290 147.680764 148.638457 147.063589 148.846504 147.545520 
150.352293 149.731293 150.402647 150.774659 148.588616 152.639818 150.364822 148.747715 153.265627 151.275763 147.178005 149.912545 153.484435 151.856857 150.111030 149.288556 150.010860 149.624693 147.943332 148.621238 149.006689 
149.910924 152.004012 148.510644 147.947822 152.990374 148.370607 151.523183 149.624165 150.972087 148.034763 149.961202 150.318790 149.234339 152.724310 151.205701 150.334342 149.799820 151.705447 148.713384 152.715519 
148.808617 150.888505 148.574949 149.815768 151.502761 153.411659 148.533953 148.380013 148.805655 151.118023 149.753140 150.176797 152.660407 149.262030 148.135283 147.944876 150.068261 153.335760 
150.497769 151.504341 147.631184 150.244319 149.438715 147.987891 147.674011 150.796152 148.298238 148.731579 150.352200 148.710811 153.400863 151.769382 151.969411 148.212011 148.313333 149.933585 148.417332 147.728213 
147.551119 152.250503 147.910330 152.874179 150.549533 149.798553 147.932919 152.769075 147.829544 148.316058 148.602119 150.601976 148.317366 149.369403 148.104188 148.214676 150.372798 149.097710 148.777926 147.344075 147.221807 150.270540 148.719704 151.593806 152.136085 149.289562 
148.085956 153.168778 152.174921 150.124073 148.516066 148.082983 148.520448 149.905017 150.448179 150.100489 149.988155 149.164861 147.203831 149.382469 148.755087 148.974047 152.286207 147.089107 153.435083 150.112268 146.988443 148.142499 150.877373 148.941647 151.788051 149.441997 149.209412 150.255442 152.303944 150.323238 147.973521 148.858548 152.043335 150.622027 147.812539 149.248947 149.000602 149.612756 146.918373 151.765217 148.220140 
148.450427 152.994654 148.444535 152.355020 148.367065 149.204878 151.815530 150.442691 150.183632 152.320138 148.713338 149.720091 152.011514 153.032800 149.188655 148.572444 150.590633 
153.034437 151.208510 149.290013 147.476605 149.825249 149.009441 153.103322 148.945157 150.573549 153.420017 147.699798 148.836244 151.289792 153.095234 148.434007 
151.723776 149.257256 149.128301 151.018334 147.816830 150.582617 149.439819 148.560683 149.031090 148.213124 148.311912 148.006652 147.063014 152.511086 148.649333 149.411401 152.203378 150.687743 150.081307 147.784124 148.436881 152.479323 151.186760 
151.736926 148.524303 149.623261 148.977573 152.003676 148.597756 147.815678 147.851346 149.457419 151.755154 149.858922 149.309539 147.581832 150.305503 149.517689 148.760657 147.515750 153.172531 148.250490 148.368686 152.757294 147.556314 149.101432 153.038135 149.155853 150.370565 148.842911 148.866958 148.840757 149.445348 149.785505 149.428857 148.557252 148.510649 148.557815 151.328866 149.867287 151.886336 
151.420140 150.052941 149.452189 147.209946 150.808924 149.463960 148.139278 152.602119 152.897044 152.669929 148.716599 152.864259 
149.161128 148.726070 147.913309 150.310275 153.004709 148.094609 152.409937 152.998814 152.539396 147.918674 148.200812 149.530534 153.179093 151.828005 148.076793 147.665695 149.792090 152.274990 148.509144 150.464900 147.993948 
152.589980 149.652438 153.387038 150.391552 149.764237 149.471186 151.660404 152.751877 147.915498 150.030098 150.601160 148.387033 151.291088 150.303976 149.420473 149.533143 148.617773 150.300738 148.587847 148.859543 148.966097 147.946465 149.312767 147.803075 152.514555 
152.110652 148.265544 147.784612 151.561616 150.023948 150.045370 149.072738 149.151001 150.575736 147.883532 148.715213 152.735479 149.669667 148.476129 148.355600 
147.405813 148.780042 149.570757 150.108616 148.194460 149.007603 149.095612 152.075708 149.524657 148.765933 151.493660 148.817801 151.905878 149.183183 149.236110 148.740377 149.667616 150.231279 149.547574 150.456686 153.344025 152.280574 149.440866 148.935592 147.604551 151.029060 149.808415 153.189944 
149.959195 149.660282 147.064868 152.168094 148.508789 150.399375 149.491621 152.622832 147.287613 150.927328 152.857749 149.498112 
152.746987 148.155434 150.962403 149.315335 149.343396 150.857019 149.161625 150.194800 151.359729 147.551242 147.977974 150.771801 150.328609 147.445509 150.025279 152.544074 
150.015515 151.702580 147.275890 148.778766 151.613781 152.195976 149.378281 148.966684 148.627410 152.095227 149.728911 152.596190 150.241709 147.719300 151.109847 150.840483 148.613360 148.122979 147.823074 151.200787 148.088292 153.113263 150.006196 148.662435 148.498033 149.283174 153.311509 149.262504 
150.760549 151.786010 149.193463 152.567139 147.566517 149.574096 151.552589 150.368469 147.550709 152.848430 148.765067 151.188042 150.629497 151.561979 149.658996 150.309878 149.709276 149.975521 150.987140 153.417677 148.571455 152.497426 150.172907 153.157632 148.437058 153.139792 
147.945244 153.317708 149.142312 149.274139 148.499887 151.528902 148.487052 151.054133 150.791548 152.294517 151.137822 149.554305 149.848152 153.430737 151.115896 149.223938 148.932275 149.723023 
151.284143 147.691139 150.323728 151.988610 148.572114 147.097273 152.530836 153.323297 149.512087 151.716777 149.652780 147.441592 146.958729 152.752186 148.832937 147.831514 147.942044 148.417850 150.874732 148.650656 152.320983 149.068365 148.973946 149.026909 
149.256894 151.667734 149.715231 152.648795 150.695112 153.072035 148.569848 150.896637 148.470796 151.117082 148.550868 151.045790 151.342214 147.815441 150.461558 147.474208 147.732495 149.955094 148.673533 148.645462 
152.081315 148.748454 148.991629 147.191548 148.488305 149.387684 148.703772 151.911122 150.586142 149.293446 149.093684 152.105006 147.549039 147.527979 148.477332 148.761747 149.585605 152.307984 149.007982 148.691376 151.789827 149.223866 148.741754 149.684520 153.250350 
152.065355 149.394825 149.698704 148.872274 151.018172 152.234252 148.751878 147.781894 149.822087 152.953880 149.042442 
149.489599 149.958097 150.543951 149.276669 152.640465 153.030536 151.782820 150.324416 152.880789 149.859236 147.156705 149.390883 150.571390 150.116541 147.308020 148.008769 148.256241 148.387374 150.685496 147.708918 149.417708 149.812236 152.961680 152.624303 148.981613 149.350958 
152.993770 151.475954 148.847206 150.724512 148.545918 151.265551 147.965347 150.709113 149.692154 151.673948 147.540032 152.341727 153.038113 151.381935 151.599393 150.940781 149.844645 147.663292 148.367783 150.703885 149.597458 148.173609 
151.635528 152.800818 151.672485 149.115084 149.307894 150.472647 150.211305 149.713248 152.622930 148.512399 150.795310 153.260481 149.527398 152.219477 149.867172 149.192844 148.438836 148.289020 147.975163 
151.218977 149.770672 149.411139 150.130539 150.995658 150.181267 148.502762 148.594736 151.080298 151.654157 148.318175 151.139797 153.473035 150.283320 149.780799 153.341721 150.385252 150.023633 152.581772 149.893616 148.366624 149.508415 148.013966 149.921472 148.563139 150.746183 
150.642902 149.976435 152.603868 148.957837 149.986119 148.841015 147.783425 151.393922 148.700637 148.852626 146.944943 147.617240 149.226877 148.165039 149.882126 147.582522 152.971330 151.910051 148.819688 147.262649 148.548977 148.161942 149.336086 147.758112 149.736340 
149.651219 148.656237 148.165821 148.704274 150.816557 151.372878 148.198271 149.151483 150.626022 152.956900 149.625727 148.825807 148.156928 149.420007 149.177456 152.974026 149.915775 150.393827 147.767299 
151.228171 152.715245 152.276700 152.056047 147.700842 153.204879 152.712027 150.247612 147.855420 153.171353 148.023522 148.131472 148.492426 147.886460 
147.701134 152.869239 148.471493 149.110184 152.607096 150.048264 153.425580 153.242279 148.760986 149.288482 152.458436 149.424586 151.797660 147.067113 148.302487 147.452877 149.520723 149.943989 
149.233459 150.777936 148.217717 152.256476 153.018514 150.200866 148.942593 150.078870 149.159185 148.754330 148.768029 152.728520 151.325223 152.000777 151.367808 147.932884 153.227251 151.376740 150.939939 150.935416 148.890125 148.752353 148.867148 147.554858 147.561882 
150.061587 151.380212 152.777008 152.638203 148.485497 148.823915 149.050163 151.172437 148.741130 148.090306 150.940567 148.025045 149.414288 149.037703 149.080977 147.397800 150.225988 148.151378 149.880458 148.904296 149.514242 149.441505 147.549097 
148.419821 151.564162 148.368787 149.995703 148.635206 148.134660 148.616505 152.063960 149.190386 149.705464 150.646693 149.521386 148.487063 148.800398 148.672440 148.399185 148.772394 147.519130 148.746184 148.629877 151.284455 151.134458 147.417631 150.708204 148.011998 152.829310 147.402199 148.267942 150.299196 147.918723 151.286031 148.904725 149.401913 149.487866 
152.764559 148.804025 153.039069 150.985536 150.619306 151.107731 149.166942 149.793140 148.942945 147.268533 150.638021 148.137753 148.556170 148.963404 148.562325 151.210405 149.272195 149.532614 152.780111 148.713777 148.029814 
149.047220 148.388145 148.068681 153.016922 153.305616 152.460403 150.642322 148.965517 149.274883 149.330573 152.545598 151.038284 148.062548 152.425430 151.271815 151.680778 149.553854 147.560781 150.255315 148.787559 148.457466 149.773454 148.544246 149.717102 149.110941 147.195613 
151.985194 150.521097 149.732736 149.576937 148.211328 153.520844 148.814588 149.744607 148.119768 147.678113 147.900825 152.306463 148.422195 148.600881 149.495648 148.870162 150.129459 
149.907462 152.631116 148.835589 149.876803 152.881752 151.512416 152.643830 149.437848 148.376545 148.675045 152.890144 149.882285 148.347702 149.476903 147.426874 
150.157305 148.509190 148.911544 153.367897 150.738452 152.104971 152.015118 148.896852 149.593168 151.752943 147.801607 152.080202 148.977107 151.300110 151.946211 150.574568 147.155447 149.580044 149.607562 149.090035 150.117733 147.623495 149.025830 153.314006 147.839141 149.933985 
150.257902 148.638328 149.695388 151.943699 151.333206 153.310721 148.795799 149.647893 152.767185 148.822042 150.628083 151.949176 148.414591 147.173996 148.669696 150.424470 147.949483 152.064462 149.311959 
152.599856 148.501225 148.562573 151.894772 146.946220 149.975992 151.403355 152.830026 150.888788 148.519287 148.225113 148.939218 147.718805 152.892494 150.219388 149.600167 148.243993 147.392554 150.084022 152.161176 149.338916 
147.399535 151.207905 150.535553 149.399212 151.491823 152.814376 149.889417 153.105780 152.434607 150.495338 149.768612 148.885559 149.083425 148.580447 149.012899 
153.154246 148.519687 153.016331 151.039865 152.727685 151.249911 150.950462 148.745345 147.130311 147.862565 149.019100 149.532944 150.050219 149.886496 148.631757 
148.205848 148.301448 150.413688 150.067466 148.169461 148.740708 152.456708 148.060549 150.725165 151.684922 152.962219 152.983752 148.795786 153.278943 148.533032 147.965304 149.956094 152.602792 
153.036637 149.701588 151.185661 152.234870 152.979504 147.390427 152.732574 148.773594 152.913229 152.315730 150.927919 148.011594 148.781396 149.394842 
149.118884 147.651974 149.195056 151.477937 149.142397 151.661049 149.117940 149.020258 147.982695 147.536399 149.882315 151.889663 152.941450 150.982622 148.651681 150.769452 149.310727 151.008767 
148.869606 148.393384 151.739178 149.684513 147.502429 153.195520 148.139667 150.766989 148.406785 149.505474 152.168371 147.915911 147.768265 153.376420 150.476901 148.835830 149.186991 149.265876 150.700232 152.893667 148.590691 147.917751 149.187090 
148.092611 152.694764 149.954964 152.906308 147.133900 147.479196 152.375237 149.593539 149.613102 149.172372 151.385920 148.152506 148.866448 148.944868 148.595503 149.671851 149.878019 150.146801 153.431410 150.709477 148.068283 146.916615 148.164554 
151.096221 152.798909 148.066458 148.473129 152.878954 149.565770 153.363221 150.725300 148.672641 147.692192 151.688400 150.466501 148.546348 147.534695 
148.260511 148.011723 148.311688 148.644360 152.938299 147.750558 152.452930 150.285146 150.218298 150.173586 147.448610 150.790416 152.602127 150.236583 148.687887 149.705933 149.756165 147.373072 149.815225 150.620866 151.751122 148.673666 149.347980 147.985569 148.163841 153.199809 151.383508 151.131752 150.417161 148.541829 148.332738 148.891663 147.505497 148.733890 147.527400 
151.544113 147.383181 149.759017 149.107212 151.625840 147.143203 150.570731 149.923031 147.911121 148.825795 152.302971 152.305691 148.413982 153.506506 149.558444 149.423373 152.129335 148.421286 149.360251 152.210958 147.649114 
149.752895 149.479664 152.774420 150.788606 152.623029 151.727080 148.550888 151.323953 147.732222 150.067129 147.762214 148.185242 149.164922 147.242359 148.975340 147.793687 147.246593 
147.634713 151.840781 152.504410 147.420693 150.416266 147.067191 152.618823 152.673804 150.164742 147.845464 150.584061 
149.260844 153.260273 151.316979 150.617356 152.915275 149.708514 150.347724 147.350826 148.490498 150.984226 149.305621 147.788768 147.881368 149.382375 150.932400 149.474233 149.284838 
