-30.748729 -32.058651 -33.145017 -31.784223 -38.830499 -34.942939 -36.782865 -38.024596 -39.064429 -38.031644 -42.764461 -38.928586 -38.056154 -34.288473 -33.300254 -38.194986 -39.482588 -37.742050 -33.983296 -39.976379 -37.371057 -39.522845 -37.041094 -31.078788 -37.046776 -32.872928 -39.900428 -37.759299 -39.495944 -43.469256 
-31.230270 -32.004189 -31.086160 -32.489659 -40.364860 -40.894306 -35.907287 
-39.811579 -42.903539 -40.089327 -41.713533 -32.709769 -34.753456 -32.226044 -39.634075 -35.646898 -39.306727 -32.580623 -37.461864 -30.463844 -33.957081 -39.240545 -37.755785 -43.534693 -39.275519 -39.654907 -41.594467 -37.665137 -37.904625 -38.544067 -40.344360 
-41.580957 -37.527988 -40.580540 -30.667792 -38.003842 -39.303007 -39.462742 -42.670642 -33.320718 -31.878193 -40.311764 -43.544527 -35.931553 -39.032804 -40.239631 
-36.916039 -34.795621 -43.274979 -34.848534 -39.117182 -31.220019 -32.231071 -35.916789 -43.648404 -37.141983 -42.894163 -41.320670 -40.393181 -37.315926 -38.119500 -40.818465 -41.882262 -40.438561 
-38.750081 -38.044147 -32.296083 -33.054736 -41.682887 -35.154539 -36.308194 -31.998307 -30.173579 -40.726668 -34.182040 -38.895042 -43.518498 -39.895335 -35.471685 -39.269059 -37.197746 -36.148393 -41.874406 -31.261767 -38.480385 -31.413791 
-38.784853 -39.642041 -43.051261 -35.845842 -30.617912 -40.991842 -42.192177 -40.146078 -39.749600 -41.706017 -30.978308 -38.524729 -31.469845 -35.639292 -43.736766 -33.578582 -35.012701 -36.958117 -29.890117 -42.013513 -31.386585 -39.702677 -37.093509 -32.972888 -32.764354 -34.734832 -38.849135 -36.356841 -37.040632 -41.845819 -34.615749 -37.918548 -42.763899 -38.177038 -33.646289 -37.999828 -30.604054 -38.985614 
-32.694570 -32.317043 -31.911596 -34.861448 -37.935021 -30.539831 -37.950072 -42.559288 -34.215519 -37.505185 -37.486231 -38.471842 -33.160665 -36.657954 -34.720816 -36.059954 -31.906524 -41.894609 -41.443436 -35.905221 -42.378464 -30.872337 -37.183080 -37.695245 -42.016735 
-35.311253 -40.054047 -30.300682 -32.771138 -39.372567 -31.779120 -40.453534 -36.111046 -33.384937 -42.071817 -41.884867 -41.137679 -34.829321 -37.512727 -40.570903 -38.557335 -39.241355 -32.475080 -37.673371 -40.568323 -39.005030 -42.624363 -34.944786 
-33.255506 -30.126570 -42.144180 -37.706437 -36.900740 -37.675152 -36.085647 -37.505366 -33.933534 -31.789401 -41.435959 -30.526397 -34.607061 -38.665091 -35.806330 -36.806091 -41.339288 -41.583660 -36.731084 -37.789495 -36.779327 -34.560940 -42.763040 -40.886416 -40.029999 -41.107777 -38.668177 -37.344137 -37.620256 -41.364588 -37.031112 -34.706519 -37.012653 -41.417313 -38.782949 -42.546365 -37.754493 
-33.185798 -43.160879 -32.372234 -39.211991 -37.748597 -37.560855 -36.633693 -35.941578 -43.764927 -33.722037 -34.772739 -40.169039 -36.605222 -38.980613 -41.955805 -43.494287 -29.939950 -33.680332 -36.934542 -37.795263 -34.453872 -42.310267 -40.672365 -32.765448 -36.010918 -42.628556 -35.855272 -37.818230 -37.521709 -36.469822 -43.334498 
-41.357484 -36.440563 -42.493411 -30.877749 -38.459578 -30.734148 -32.039156 -38.415619 -30.559460 -30.188547 -36.353247 -33.446158 -36.408093 -43.347246 -37.195970 -42.059510 -31.395068 -40.741337 -39.089672 -31.962603 -33.899727 -33.304513 -43.115107 -40.785876 -31.418552 -41.743146 -42.354395 -36.000606 -37.577986 
-36.596969 -37.393903 -40.969732 -39.382049 -33.607128 -30.395871 -31.670553 -32.143757 -39.555898 -32.772042 -30.585560 -32.587543 -36.133648 -40.087133 -37.608537 -40.358756 
-33.005927 -33.058485 -43.180578 -30.933376 -40.710721 -30.467238 -31.964539 -41.461614 -36.223229 -35.940944 -29.994126 -40.959577 -37.624723 -42.011718 -38.704023 -36.121087 -40.840710 
-33.732273 -42.439945 -41.669111 -32.045451 -34.362406 -40.911471 -40.497372 -30.505342 -32.037714 -31.023679 -35.690935 -39.037863 -42.207891 -32.094131 -38.740328 -43.375004 -39.940216 -30.793278 -38.154657 -40.069330 -40.333245 -37.441348 
-42.440040 -39.864545 -30.744423 -36.576494 -36.596391 -42.636375 -32.018630 -39.135060 -37.271546 -33.168732 -34.247089 -39.362031 -42.901299 -34.035969 -30.014801 -43.467027 -30.448842 -39.958313 -34.973033 -40.329129 -33.146397 -38.713842 -38.727242 -36.430229 -33.010587 -38.410621 -38.057789 
-43.318991 -41.929193 -35.613839 -39.826814 -30.640738 -33.789632 -40.055820 -43.414429 -43.187170 -33.276009 -32.106953 -43.115706 -40.508653 -37.795091 -31.955668 -43.005689 
-34.512250 -31.303960 -42.475672 -40.944012 -40.635680 -35.707185 -30.478957 -38.898418 -38.553887 
-30.873226 -42.440075 -38.727811 -35.063316 -32.608435 -41.832845 -31.940069 -43.445672 -42.267151 -40.942384 -31.792914 
-39.676841 -36.881263 -41.164661 -35.408341 -34.328447 -39.355107 -32.886016 -36.971911 -40.708559 -38.921369 -43.543708 -30.706563 -43.019258 -41.935927 -32.778132 -42.151957 -30.924832 
-38.718874 -34.659846 -41.504118 -30.255553 -31.880226 -29.999469 -41.296208 -32.314521 -39.506340 -32.545321 -33.524061 -40.099617 -29.950233 -39.246863 -33.098377 -42.708657 -41.240807 -35.903183 -36.007380 -36.633566 -36.467744 -35.886730 -40.778292 -41.399178 -38.649722 -42.354928 -41.537394 -34.680929 -41.038866 -43.250574 -41.008796 -41.333898 -40.287040 -34.434444 -37.073254 -37.193771 -40.570405 -39.253555 -40.266196 -40.136759 
-43.522778 -38.316299 -41.483112 -30.046325 -39.141265 -38.713421 -32.944491 -40.233770 -33.300431 -31.720729 -40.404618 -39.672264 -32.496684 -37.839080 -39.508809 -30.689033 -35.751471 -37.186735 -42.574736 -31.147490 -42.874532 -38.042575 -39.672482 -32.162092 -40.932143 -37.493600 -33.194774 -32.801281 -31.499069 -30.285599 -43.583854 
-33.827594 -35.433059 -43.040347 -33.123940 -36.058363 -31.304551 -41.003264 -30.562246 -34.608997 -41.593138 -31.677956 -35.937122 -37.475979 -32.503219 -38.549969 -41.175983 -42.112856 -40.242641 -39.628183 -40.227092 -39.396211 -33.664665 -32.508656 -42.017953 -33.118701 -38.754141 -40.303564 
-42.271493 -40.284980 -43.466526 -37.543146 -39.966542 -38.741636 -35.585836 -37.945985 -41.577617 -30.573332 -34.960967 -39.239552 -34.128038 -31.900651 -38.628586 -33.279264 -34.114898 -42.728267 -33.277420 -43.135958 -41.425784 -42.502215 -42.818027 -34.968476 -31.558290 -37.532717 -38.639846 -40.212312 -36.999752 -36.400372 -35.737753 -37.848144 -42.700352 -32.924785 -39.515672 -42.027649 -36.002434 -31.324431 -41.655954 -32.581902 -40.232809 -36.435694 
-41.465484 -39.817960 -38.397020 -43.455082 -37.461888 -32.233922 -30.169363 -38.675968 -39.949770 -31.356338 -40.430755 -39.380433 -33.832830 -34.108276 -37.949480 -35.541873 -35.881087 -38.565505 -33.773595 -43.271538 -37.829269 -39.942951 -30.815451 -32.033506 -41.928432 -34.570478 -37.385425 -38.296463 -42.094366 -41.075464 -37.971761 
-37.835906 -40.116584 -37.233708 -31.158376 -33.528841 -40.061722 -30.404772 -35.211248 -40.514115 -43.132249 -31.184915 -31.723723 -39.583698 -40.362931 -39.097501 -39.608663 -39.371917 -42.476664 -37.979224 -37.078131 -43.222378 
-31.093109 -35.257639 -30.462073 -33.797543 -41.651919 -36.269983 -42.015736 -42.447886 -37.364076 -41.026878 -42.389154 -39.388312 -41.678421 -37.321517 -39.061568 -34.871314 -37.924184 -43.276863 -37.893632 -38.064422 -40.651207 -33.894438 -36.683504 -34.222566 -42.684990 -38.404941 -41.132641 -38.542396 -42.219656 -41.337395 
-38.555906 -42.083798 -35.938312 -31.495189 -32.453780 -42.596810 -31.238479 -30.198226 -29.966718 -42.942834 
-35.477745 -31.010947 -33.446342 -40.606875 -40.656457 -31.636474 -37.095500 -34.027067 -36.432629 -40.297535 -36.621532 -34.756332 -42.660336 -41.640823 -30.769973 -42.345122 -37.392949 -39.946040 -37.780863 -37.354695 -33.474360 -39.750281 -37.777756 -34.380437 -37.386024 -40.343625 -36.572599 
-42.277605 -31.380848 -41.230927 -42.523618 -42.148067 -30.366528 -33.536050 -41.031551 -35.815183 -36.554853 -30.781674 -42.083056 -31.612592 -37.041034 -38.279893 -40.015238 -41.678086 -39.063577 -38.536081 -37.969388 -38.662351 -38.868636 -41.869808 
-39.721455 -30.909077 -31.538067 -42.690564 -30.605082 -35.789198 -32.343709 -36.612358 -41.155412 -33.520630 -30.451510 -40.342426 -37.239385 -30.118902 -35.606558 -37.885075 -35.359821 -42.610986 -41.344790 -32.243496 -37.530876 -33.955395 -30.086162 -30.168908 -32.505211 -42.459220 -33.215082 -38.447694 -42.746195 -36.896204 -38.056046 -42.149025 -37.241140 -32.314606 
-39.484810 -37.198305 -38.108809 -32.443155 -43.501035 -33.670449 -41.701776 -41.329699 -30.107624 -42.207171 -36.320002 -32.739416 -36.642629 -42.363437 -37.478950 -39.748009 -35.237874 -39.791884 -42.533206 -39.647231 
-37.132661 -41.794923 -42.144261 -42.986789 -33.012747 -36.160385 -37.856430 -40.138560 -38.639882 -32.119103 -40.025401 -30.529033 -30.102390 -36.379798 -41.893672 -36.599220 -30.331689 -41.978126 -30.322272 
-43.452883 -43.423440 -42.633241 -32.288450 -37.410226 -33.997132 -35.914899 -32.393534 -31.981474 -42.480401 -38.537224 -40.773710 -35.703644 -33.992080 -40.225561 -42.656638 -39.452158 -43.007078 -39.908171 -39.088929 -36.543465 -41.671203 -41.001378 -35.514854 -41.682146 -42.932045 -37.556702 -36.647450 -35.692524 -37.926723 -39.997367 -34.045321 -39.585573 -42.705128 -40.320406 -35.695205 -38.392044 -42.344666 -39.090658 
-40.230294 -43.044542 -43.432946 -36.121504 -42.888326 -31.781673 -39.481100 -34.865931 -30.618822 -41.200968 -33.143663 -30.738255 -39.402231 -40.664126 -39.652498 -40.700527 -41.492086 -42.505989 
-43.491448 -29.825366 -30.656784 -30.218755 -41.231088 -38.833544 -31.716461 -32.074794 -35.083166 -34.654534 -41.823799 -33.937866 -35.290742 -42.468466 -40.302250 -39.351199 -42.292597 -39.304023 -42.753305 -40.349374 -43.254208 -37.153342 -42.678458 
-33.590551 -34.180824 -37.209130 -31.822496 -37.729309 -31.754070 -36.484354 -35.086747 -40.759371 -29.855031 -33.997149 -32.946305 -42.774124 -36.676122 -39.974272 -42.594431 -30.381092 -38.439665 -41.082930 -43.612297 -38.545726 
-30.203967 -38.157861 -39.467588 -33.728907 -35.283526 -32.149512 -43.113703 -36.974376 -33.780499 -39.385155 -37.814314 -32.419636 -34.881456 -39.376572 -42.398501 -42.982976 -36.137559 -42.160095 -40.249079 -38.056934 -40.269447 -43.157383 -39.207425 -39.495578 -41.765736 -38.908056 -35.720025 -34.894909 -36.297769 
-32.726858 -29.904521 -32.383881 -41.992563 -35.599252 -34.659760 -36.139174 -37.118753 -41.326334 -40.581561 -41.786220 -35.998153 -41.357878 -38.803224 -34.045091 -41.777990 -42.396206 -37.592510 -37.729911 -40.688277 -34.559466 -40.914891 -39.478208 -38.800649 -41.164717 -42.144022 -37.395067 -42.806985 -43.340827 -37.666742 -41.805257 -40.480538 -40.368871 -39.172187 -41.485842 -42.677090 
-40.143247 -38.808523 -30.619529 -40.386275 -40.854664 -39.220622 -33.639287 -43.271469 -31.086826 -37.385198 -43.629722 -34.541791 -30.865295 -37.058181 -42.310138 -38.743354 -41.721352 
-42.544022 -38.182223 -35.878179 -39.123537 -31.138515 -30.465117 -40.959383 -38.907456 -31.781223 -42.284135 -41.135395 -33.266543 -42.232696 -33.694563 -43.552101 -34.524684 
-39.231383 -34.130992 -42.511751 -42.018671 -31.336272 -38.303110 -42.421134 -36.239103 -31.404168 -42.956293 -38.910029 -38.547555 -39.253603 -39.375414 -30.406014 -43.620364 -30.247000 
-32.531597 -35.591203 -38.353227 -38.849472 -41.586667 -38.450076 -39.196665 -41.817734 -31.923401 -43.498202 -43.004047 -32.041303 -42.573591 -43.625372 
-36.469798 -40.962488 -32.424188 -41.839400 -36.749908 -37.927469 -32.834640 -30.342119 -33.925899 -34.491244 -38.847939 -42.930869 -42.456270 -36.635803 -39.343322 
-35.509707 -33.342610 -35.176934 -30.853817 -42.128112 -35.416984 -35.409854 -31.873179 -42.801451 -40.376991 -37.933879 -37.701879 -31.583431 -43.272246 -41.179573 -35.179561 -38.861798 
-30.404535 -41.954604 -37.058954 -33.652313 -36.860020 -35.118410 -31.556885 -40.325481 -38.580145 -37.077454 -37.338769 -33.513549 -39.743327 -36.995467 -42.405689 -39.259400 -34.679209 -36.699921 -38.699467 -38.146757 -35.522950 -38.226666 -42.690966 -40.303971 -37.317613 -41.909473 
-42.045370 -37.075879 -42.789618 -30.192299 -38.273545 -35.433664 -38.489005 -39.331184 -31.359160 -38.242088 -33.861017 -43.688401 -43.181942 -36.682695 -37.675712 -39.451169 -43.186670 -41.968828 -33.008126 -36.592494 -42.315941 -33.003730 
-41.079889 -39.417643 -37.153850 -32.940083 -39.655274 -32.378299 -32.680305 -30.636022 -33.420038 -40.275371 -40.987601 -40.229404 -32.088676 -38.446387 -33.210302 -35.557589 -36.057570 -35.378885 -35.739161 -38.952797 -41.296156 -39.344577 -36.447780 -40.615699 -39.205343 -39.560001 -40.064725 -31.083281 -38.686115 -30.982866 -33.775939 
-34.040950 -30.499188 -36.947191 -38.212362 -31.496368 -43.180718 -35.575928 -38.476157 -41.935958 -38.853252 -42.894257 -39.174629 -39.446127 -43.468240 -39.771044 -37.801545 -37.698982 -31.468006 -30.545419 -37.711634 -41.010581 -40.658617 
-30.757198 -41.797794 -41.603668 -38.567163 -30.579136 -35.818031 -36.625538 -43.492165 -31.048438 -42.848633 -32.905097 -37.934080 -31.744885 -41.354692 -40.178902 -38.029033 -42.118527 -37.497955 
-34.470466 -40.279905 -33.211317 -37.997245 -35.626505 -41.229326 -42.591686 -36.566400 -31.659770 -30.452271 -37.458473 -42.576240 -35.134438 -40.951970 -37.961069 -38.445200 -31.623942 -37.845329 -40.393533 -42.806660 -37.961726 -41.928532 -42.355530 
-42.447339 -41.951482 -31.508920 -37.207459 -37.165330 -40.814000 -30.302136 -39.266546 -33.824701 -33.875831 -31.459690 -38.624736 -37.833932 -39.644233 -38.035931 -36.449063 -39.045365 -33.887538 -42.375584 -36.896820 -42.260275 -40.730449 -42.399018 
-42.518662 -35.199572 -41.473111 -39.949191 -42.457646 -43.442795 -33.518692 -43.399038 -30.069386 -39.880306 -31.188780 -39.487128 -39.107968 -41.866102 -43.705989 
-43.244550 -40.178820 -40.817991 -35.944629 -32.011629 -30.475464 -41.166801 -33.140885 -33.123435 -42.039979 -43.176704 -39.281379 -41.405340 -41.809388 -42.718303 -35.314975 -32.350151 -41.426760 -35.119151 -30.043782 -39.178781 -37.922872 -42.886779 -30.378070 
-36.228634 -39.761815 -37.262974 -31.474004 -43.163328 -39.069140 -40.287367 -41.007825 -43.521550 -30.892487 -39.575054 -31.242913 -33.026953 -33.753213 -40.061869 -34.877141 -31.857197 -43.223005 -42.178853 -34.657232 -32.464334 -42.583322 -30.288125 
-33.207285 -41.922417 -34.317350 -43.134749 -43.033592 -32.219240 -40.062750 -34.016432 -42.907286 -36.549333 -34.283655 -39.255201 -34.023942 -37.024827 -30.442703 -30.992933 -43.287795 -39.923264 -33.431914 -41.825499 -42.680906 -43.517702 -37.509187 -39.617267 -33.523526 -39.509864 
-37.895622 -41.169279 -39.596583 -32.840889 -36.796182 -36.678026 -33.000250 -31.777298 -30.778117 -39.206868 -38.717900 -39.838191 -43.186140 -41.739860 -30.439760 -34.244941 -34.706457 -40.193450 -33.425059 -31.728741 -42.100369 -42.548350 -37.419256 -38.787988 -37.548554 -37.458505 -41.208051 -41.076031 
-35.534799 -39.981138 -32.719468 -35.312018 -42.985875 -32.079283 -34.636811 -43.514955 -40.173054 -41.202107 -35.040472 -39.359184 -38.892936 -30.900360 -40.141103 -37.971790 -38.667438 -43.522889 -42.292046 -34.038025 -41.306241 -39.915258 -38.866991 -41.908665 -39.636068 -32.061424 -42.242934 -39.157493 
-39.110074 -43.223867 -30.564620 -33.004450 -32.606239 -39.489164 -38.568334 -37.854507 -31.514344 -38.619806 -38.084570 -38.505055 -30.436552 -36.628523 -36.542024 -33.019074 -31.664646 -43.532702 -36.940952 -37.032077 -39.205718 -40.936994 -30.101409 -35.574379 -37.712213 -42.025239 -38.093769 -40.641058 -43.297313 
-35.165504 -34.851493 -38.621733 -40.484095 -30.731725 -43.502602 -32.369676 -41.135450 -40.646970 -41.696349 -34.778877 -42.602016 -36.532491 -33.983259 -42.093935 -40.407381 -35.436504 -42.527159 -37.567622 -43.187775 -32.160398 -41.190005 -32.891643 -37.362963 -41.054284 -37.362886 -35.262852 -41.826355 
-37.894023 -36.550190 -34.481927 -37.125481 -38.003164 -38.333522 -41.240380 -38.658444 -37.914863 -40.734968 -38.453964 -38.563473 -43.331559 -30.981332 -35.693009 -41.405508 -41.965979 -42.285585 -31.392772 -34.449653 -40.921530 -33.791141 -39.753405 -38.333805 
-34.702723 -31.795640 -35.217546 -39.189960 -30.131649 -40.727271 -36.124153 -42.299312 -42.902001 -30.932384 -40.350462 -35.306880 -43.454206 -37.132844 -33.012040 -37.676191 -43.381202 -35.967868 -42.728144 -41.991094 -34.099936 -43.457112 -33.533339 -41.797814 -43.583011 -38.886589 -38.909801 -37.439404 -36.975871 -39.519739 
-42.398388 -34.114813 -31.770162 -37.248160 -38.287035 -31.513926 -30.384667 -42.484053 -35.210666 -42.756693 -42.223720 -33.274843 -40.160807 -37.015756 -36.997323 -43.531793 -38.538017 -39.006347 -39.673100 -37.039786 -39.816738 
-37.832604 -30.957475 -34.781850 -31.691495 -38.561266 -38.283219 -34.318084 -43.631244 -40.029036 -34.753432 -43.026431 -37.182473 -37.719234 -36.364209 -40.724788 -40.773638 -43.473051 -42.867578 -42.917613 -42.459947 -41.347104 
-34.762308 -30.658238 -42.686353 -31.389554 -31.028339 -34.753574 -39.693977 -35.516819 -37.270476 -40.040509 -36.179755 -42.193143 -38.758449 -34.026890 -42.418220 -42.058361 -42.074194 -36.036986 -43.489477 -36.673136 -41.786482 -38.733491 -37.073014 -40.179585 -34.930546 -40.268886 
-31.121734 -29.829479 -40.279719 -39.115754 -31.549550 -42.752916 -32.974886 -36.020725 -33.852607 -30.389807 -32.922594 -35.425548 
-39.859223 -38.406614 -31.776662 -30.059011 -37.702879 -39.863707 -35.460053 -38.946180 -31.543728 -40.623707 -42.365817 -43.332439 -33.783453 -34.806845 -40.295539 -41.150588 -38.236511 
-35.195720 -30.820410 -41.161468 -35.067958 -41.762012 -36.520512 -39.728911 -36.297252 -42.820056 -39.799104 -42.122102 -43.611164 -42.830037 -31.686211 -31.412418 -35.955398 -37.742916 -38.204587 -33.667999 -33.740063 -33.333782 -40.310494 -35.677199 -38.716616 -37.895712 -38.623348 -41.347886 -42.348020 -38.909299 
-39.796829 -34.024565 -31.721053 -35.278172 -30.572550 -40.823356 -37.604105 -36.744310 -40.831851 
-43.698673 -43.091064 -33.703132 -34.545529 -41.390321 -39.517918 -42.335224 -41.250486 -30.952683 -32.339737 -38.549911 -35.659266 -32.199095 -42.066740 -30.867474 -33.234817 -31.955311 -31.785343 -42.934945 -40.016695 -39.858504 -41.305655 -43.284808 -39.733132 -41.031433 -38.773557 -30.847736 -43.539558 -32.180985 -36.542435 -40.002238 -36.365262 -37.822976 
-40.934297 -42.473158 -43.769901 -36.591303 -34.514989 -36.607901 -43.140247 -38.150879 -38.218015 -37.785312 -41.829981 -37.787807 -31.897576 -36.848042 -30.672767 -43.150334 -39.776355 -41.162417 -35.241130 
-42.805008 -31.640603 -30.415736 -42.861830 -38.598369 -40.722319 -40.943227 -41.058358 -30.734049 -41.800631 -41.564735 -41.508674 -36.300313 -37.323801 -41.413314 -39.243021 -41.281188 -33.234883 -39.238416 -41.508612 -33.525174 -42.003284 -42.758509 -37.728156 -41.212020 -41.692843 -38.876108 -38.469126 -37.988232 
-33.076490 -40.579641 -35.149829 -39.479790 -37.819636 -42.239975 -43.423662 -30.016118 -37.988384 -43.234313 -36.651369 -42.232582 -31.834077 -32.588716 -38.390416 -38.683658 -38.645539 -42.150114 -37.549803 -43.624513 -35.874932 -43.745505 -38.335093 -39.013604 -42.716624 -41.172250 -36.969300 
-31.454407 -43.307200 -43.357906 -35.988634 -31.095732 -38.748157 -38.061747 -36.655438 -40.713728 -39.975114 -33.338848 -38.172410 -43.462477 -41.909265 -41.048028 -36.954781 -42.648803 -34.984459 -33.771157 -32.272103 -36.644394 -39.582587 -41.906474 -37.197977 -40.051355 
-40.625745 -37.757923 -33.093435 -43.509936 -36.471926 -33.130467 -34.223902 -36.535101 -38.534761 -43.511471 -38.975025 -37.903369 -42.075376 -39.187735 -30.534713 -38.070188 -37.435655 -39.789725 -36.706561 -32.011144 -37.904111 -36.547430 -38.256542 -42.816539 -37.142195 -35.515954 -39.543388 -42.023297 -35.104126 -34.855088 -31.726942 -42.139719 
-31.572014 -41.110685 -42.252313 -40.311973 -41.685060 -42.481710 -30.177271 -41.019293 -41.577716 -30.265069 -30.735120 -31.931799 -31.177032 -33.610178 -31.106956 -36.762099 -35.571698 -32.082507 -34.587891 -42.617621 
-42.385220 -36.009497 -38.161964 -38.329984 -39.580542 -33.738306 -41.130252 -36.610872 -39.109425 -31.478468 -40.419435 -38.551656 -38.665359 -30.799493 -38.807130 -37.209646 -35.790005 -37.275715 
-43.459296 -36.869825 -34.015333 -41.170959 -31.761188 -42.390871 -33.021255 -37.552597 -33.969859 -41.563011 -30.282485 -38.136475 -36.100447 -30.956001 -42.180912 -30.586494 -43.354305 
-35.709361 -40.495495 -35.037311 -40.276903 -32.329712 -34.465556 -39.171577 -30.746331 -39.786723 -39.989102 -35.524798 -34.973573 -37.884000 -38.994620 -41.730903 -30.914201 -35.205179 -33.682142 -42.413577 -36.802597 -34.020995 -40.560755 -41.614018 -38.350137 -40.717113 -41.430852 -38.779408 -43.307819 -33.230688 
-41.829219 -31.904995 -41.151669 -37.124697 -39.735582 -39.993027 -34.931769 -39.364023 -36.053384 -31.135516 -30.319171 -43.636228 -33.425547 -36.430919 -35.460171 -39.138526 -40.366004 -33.576775 -38.774965 -42.866325 -38.376859 -43.133707 
-42.795213 -32.914078 -39.166931 -39.761154 -32.318388 -29.974126 -40.323021 -39.308972 -33.359851 -36.079020 -41.283439 -38.959013 -41.342994 -35.738879 -38.624438 -36.415058 -38.651158 -41.980839 
-41.970207 -33.282707 -43.094441 -35.785117 -38.219005 -37.360823 -40.864596 -42.809906 -31.705189 -31.814466 -42.018781 -33.100721 -42.597714 -31.309293 -33.601253 -38.443056 -35.637044 -36.737763 -30.689276 -38.839270 -43.303149 -42.412581 -40.776489 -31.053989 -39.001471 -40.982211 -37.001745 -32.132888 -34.949950 -31.235523 -30.038854 -41.940187 
-36.045627 -34.871467 -36.908380 -30.549339 -41.657639 -32.820880 -36.339658 -38.030741 -36.525578 -38.360893 -31.835732 -39.584711 -43.135283 -40.408197 -40.412965 -39.515054 -39.529670 -38.615595 
-39.327558 -41.625666 -33.215501 -38.222501 -30.334893 -32.447540 -37.051763 -32.589798 -33.393153 -40.253644 -35.634091 -35.984447 -38.659432 -38.790863 -40.240330 -31.398704 -31.996828 -32.410164 
-38.525785 -35.915275 -35.577779 -31.310315 -31.788196 -32.111977 -31.889787 -33.588753 -38.628914 -33.114181 -35.296682 -39.857277 -39.757274 -37.781252 
-41.126151 -31.099017 -32.174014 -36.498073 -33.577159 -35.559298 -33.438400 -32.700442 -38.075250 -42.413432 -30.314502 -38.863384 -40.557798 -30.968970 -34.107833 -35.681458 -38.952116 -42.760816 -33.058831 -31.760445 -41.247041 -43.211771 -35.042709 -33.659689 -40.805497 
-42.348617 -30.106605 -41.075424 -36.278393 -41.597897 -43.158605 -40.741401 -34.827753 -32.506374 -37.045473 -42.525664 -30.260017 -32.940455 -40.561589 -40.085108 -39.614776 -39.050088 -37.721520 -35.945874 -37.569497 -35.995897 -39.252430 -40.932116 -37.506525 
-30.702156 -40.614826 -36.353723 -34.722514 -41.513563 -40.416343 -37.995181 -36.086525 -33.811931 -39.330547 -43.542795 -30.887160 -39.827851 -37.614458 -31.857060 -40.495255 
-38.605657 -32.833250 -40.770892 -40.821707 -42.842542 -32.020719 -38.973917 -30.195095 -41.940757 -40.499506 -36.134819 -37.729723 -39.457095 -33.375533 -34.556099 -39.989695 -33.491918 -38.077888 -36.952471 -39.050480 -42.061653 -36.762691 -40.237294 -41.622591 
-40.189645 -29.863095 -35.892824 -41.128142 -32.216892 -42.751097 -41.549773 -37.589374 -39.425819 -39.890733 -32.789827 
-38.992246 -43.738311 -32.091506 -35.867625 -30.178766 -35.335144 -42.074756 -36.962444 -32.497178 -39.085895 -37.355253 -38.166075 -34.074944 -32.864208 -30.077554 -38.510994 
-40.981089 -35.372197 -43.487467 -42.343669 -40.415835 -38.121550 -39.454430 -40.528649 -34.047487 -41.029640 -30.187654 -31.627125 
-38.141893 -42.767100 -38.974411 -39.989026 -37.308395 -38.939593 -40.138241 -35.825804 -35.084892 -43.038778 -42.370417 -31.884879 -42.650715 -42.700287 -37.952060 -35.925979 -43.313146 -37.282188 -36.813944 -39.466077 -33.212813 -41.380634 -40.134681 -38.945103 -42.897646 -30.636244 -37.917688 -40.676559 -39.103690 -36.417287 -29.955746 -39.669212 
-30.077513 -36.711757 -41.438890 -38.134985 -41.557427 -33.426799 -33.778225 -32.376068 -33.471875 -42.091008 -38.050503 -38.707755 -38.742089 
-40.320399 -42.666959 -31.688485 -30.773279 -35.747447 -37.135338 -42.747035 -31.429903 -31.206334 -39.475544 -33.413882 -33.659996 -42.499503 -42.637903 -31.222208 -34.984695 -42.188541 -40.811612 -43.265612 
-39.609666 -41.813177 -41.833605 -38.116499 -32.030757 -38.586682 -34.200000 -31.115603 -36.626809 -40.491415 -40.596768 -36.997178 -40.029059 -37.966763 -42.974785 -38.763038 -36.039261 -37.506070 -40.611169 -34.616598 -42.482663 -37.047843 -36.093342 -42.265654 
-33.014047 -30.028490 -41.926587 -32.944109 -39.074492 -42.297245 -36.521725 -31.890940 -43.415677 -35.215943 -30.209580 -42.247859 -43.244824 -37.500259 -39.001795 -35.933201 -33.538191 -38.698808 -31.616347 
-35.243544 -33.895861 -43.438227 -41.183220 -31.414820 -43.731538 -39.687008 -37.357915 -29.939502 -36.827516 -30.603484 -41.714902 -40.007002 -38.027389 -41.508856 -36.236620 -39.504435 -35.418212 
-32.819288 -41.146549 -41.530156 -31.745866 -43.023253 -36.006996 -39.346571 -33.304514 -42.231820 -40.222345 -40.084157 -32.215425 -41.253099 -30.823414 -42.979062 -42.405545 -39.851490 -39.883660 -39.642506 -39.814587 
-36.368939 -38.284273 -30.427526 -38.986236 -36.455109 -42.572876 -40.086858 -33.247193 -38.747830 -31.379931 -41.885266 -36.396624 -42.244006 -42.422602 -38.007162 -41.467743 -41.459710 -33.385486 -40.704201 
-32.127729 -39.237791 -42.247881 -30.439812 -40.472347 -30.785710 -41.654929 -40.493768 -36.012245 -40.629207 -41.193743 -30.234506 -38.060869 -36.550529 -39.173726 -38.230646 
-41.934646 -35.040913 -34.017629 -31.015712 -43.718137 -37.477924 -39.449584 -37.061008 -31.850654 -37.094915 -41.099664 -31.239577 -37.201826 -37.677952 -40.702178 -41.261983 -31.684300 -39.795893 -42.290498 -41.030618 -40.067291 
-34.844015 -33.903640 -39.259295 -42.403786 -31.512543 -43.252945 -39.042434 -38.890820 -42.786870 -37.941617 -31.315454 -39.893148 -36.583907 
-32.647188 -32.944017 -42.609274 -29.993862 -43.085193 -43.371247 -42.684032 -37.699379 -35.838511 -39.780315 -38.324892 -40.554654 -43.615735 -33.411195 -30.182967 -42.081619 -42.995370 -41.734193 -40.537847 -37.387217 
-33.284533 -39.761408 -39.958063 -43.174944 -39.901745 -31.000193 -42.865632 -31.923939 -40.757443 -35.413932 -30.759252 -42.334695 -40.736150 -40.747328 -40.963558 -38.637858 -43.116304 -40.377304 -39.564000 -39.763827 -36.701331 -38.220484 -39.425809 -39.581703 -42.380614 -37.752486 -43.035783 -41.776630 -42.379432 -42.556298 
-37.979797 -32.957915 -35.556063 -34.569064 -33.538637 -40.865839 -36.945778 -43.470032 -40.131888 -33.158466 -30.342391 -43.732377 -40.693115 -37.112351 -39.583903 -30.675138 -40.639719 -35.834938 -38.816087 -35.112938 -32.215705 -37.984281 -34.591354 -39.469925 -33.374130 -38.201841 -39.830734 -41.541827 -39.760343 -30.399392 -35.743535 
-33.233420 -39.155028 -33.827952 -33.094064 -32.119759 -39.133549 -35.970235 -40.096729 -37.782117 -35.207284 -38.287092 -40.576073 -37.712047 -37.446516 -34.459692 -34.259084 -30.647384 -40.699504 -35.665808 -42.166453 -31.112764 -37.961460 -32.190870 
-43.548198 -34.437135 -42.990622 -39.458010 -37.914641 -35.454042 -31.645897 -38.606765 -39.496418 -42.691751 -30.731106 -35.183901 -37.614202 -39.496627 -38.575027 -41.172524 -38.533583 -34.089589 -39.661789 -43.104009 -40.831331 -33.137880 -38.544101 -37.452426 -38.105765 -41.474980 -41.672408 -35.059539 -36.005693 
-31.728406 -43.322185 -31.484324 -41.731391 -40.068014 -36.163135 -43.009916 -41.417149 -37.108494 -37.828939 -39.634559 -41.047021 -31.400868 -41.989595 -30.218893 -40.290185 -33.100184 -43.360384 -32.712185 -43.052521 -36.737135 -31.958789 -42.667821 
-30.640674 -33.961957 -35.475547 -42.878941 -34.915966 -29.855569 -33.755351 -39.804430 -39.064046 -32.019018 -40.472182 -30.290894 -33.180321 -38.194264 -40.385060 -39.680486 -40.714111 -38.653156 -39.771911 -30.032796 -39.739709 
-42.490891 -42.323780 -41.904303 -37.991004 -37.673496 -38.584980 -37.725533 -30.911599 -34.648674 -37.775110 -33.045786 -39.220400 -40.733955 -41.825498 -32.545980 -29.930560 -39.734089 -31.889842 -33.250722 -41.453823 -37.428391 -41.989948 -40.282851 -37.525876 -39.063243 -41.224319 -41.933764 
-41.156454 -32.398515 -43.095209 -38.070478 -39.354560 -38.122073 -43.326213 -35.702686 -39.603081 -32.415044 -38.255270 -36.631487 -40.772780 -38.435108 -30.314257 -42.316303 -42.370205 -38.095572 -40.365251 -36.738131 -35.940785 -37.769078 
-35.090180 -31.447678 -30.602238 -41.676276 -38.946429 -43.184244 -37.868981 -41.921424 -34.195795 -37.840724 -42.236219 -39.207518 -34.339593 -39.441074 -35.680848 -29.860941 -42.025127 -30.546373 -39.555140 -40.864389 -41.071837 
-43.300210 -33.660956 -36.171593 -35.505190 -34.032483 -40.182875 -31.395257 -39.830762 -43.225763 -37.560535 -36.433030 -31.847256 -39.010459 -40.622569 -37.948333 -34.999012 -37.544151 -33.792937 -42.569234 -34.945595 -33.141513 -42.723419 -30.694014 -32.271936 -37.546722 -40.668089 -38.749872 -33.292144 -43.211644 -38.168289 
-41.284147 -37.627325 -35.545650 -40.811251 -33.748017 -30.575269 -41.921235 -42.983719 -38.750058 -41.770289 -31.543307 -40.565396 -41.297991 
-31.066687 -42.222004 -37.843716 -42.663004 -36.225315 -33.389715 -32.680820 -42.045615 -34.607318 -31.704801 -37.691357 -41.846486 -41.153720 -32.557744 -41.254795 
-38.061383 -33.065077 -37.635078 -30.520065 -41.060853 -43.229402 -42.812404 -33.483976 -35.105121 -41.764010 -32.377540 -42.376061 -31.526339 -40.003050 -41.410454 -36.450359 -43.260313 -36.678908 -37.565128 -40.396827 
-40.409519 -40.408018 -37.390205 -38.246520 -33.566626 -41.734080 -31.873567 -35.817464 -39.720710 -30.726094 -38.770348 -39.973621 -35.890924 -40.394607 -38.308820 -41.851677 -36.987235 -43.436737 -30.504164 
-43.266083 -35.979215 -35.469221 -42.239399 -42.782533 -39.115914 -33.074824 -41.943677 -31.458471 -39.987766 -41.843734 -33.162574 -36.431721 -32.542554 -37.047614 -36.860064 -30.121053 -35.099150 -38.091387 -30.971007 -42.671211 -41.880252 -41.355137 -43.165031 -37.958547 -40.555036 -32.023610 -39.706092 -40.863818 
-33.924703 -41.175495 -35.096523 -38.027628 -33.217980 -42.037667 -31.571465 -40.159559 -34.516304 -33.829194 -32.652833 -41.103906 -37.542176 -35.734019 -38.819908 -38.442727 -31.365008 -40.852164 -38.420136 -36.622624 -30.322230 -36.256735 -38.860001 -35.908325 -40.308659 -40.363171 -43.007377 -40.321058 -34.706889 -42.198856 -41.323619 -38.785832 -40.074497 -42.846888 -39.734074 -41.462245 -32.681547 -42.624273 
-39.596994 -37.864971 -30.667406 -32.862104 -32.549854 -35.641089 -33.034720 -42.035644 -29.836544 -30.948372 -38.200593 -42.954112 -30.106365 -41.692537 -43.467501 -42.813888 -32.645852 
-39.873540 -33.701872 -40.956766 -39.687343 -37.601374 -42.969972 -31.539164 -39.563444 -41.804536 -39.822412 -43.668431 -38.487587 -33.449393 -37.344946 -41.101028 -30.446747 -34.967478 -38.431172 -37.556606 -43.183438 -42.074353 -37.659199 -41.677324 -31.125712 -39.187813 -31.420491 -40.242521 -40.191493 -39.085955 
-31.629512 -30.008721 -37.536637 -35.787521 -42.104718 -30.263853 -42.342545 -41.260283 -38.671764 -38.128824 -38.153145 -29.994374 -32.895823 -37.374468 -42.992483 -41.571693 -43.262789 -42.306403 -41.359650 
-35.093501 -41.914002 -40.945966 -33.387638 -42.375400 -39.080998 -38.718351 -33.824436 -31.925421 -42.379640 -42.284333 -35.815890 -36.181222 -39.363927 -38.378182 -40.142674 -35.708580 -36.091677 -30.186322 -38.784428 -38.022287 -38.749240 
-38.075647 -32.315870 -37.708067 -30.594337 -42.279814 -37.780027 -41.256340 -43.133849 -30.568828 -35.782668 -39.824893 -36.111225 -35.929085 -35.734956 -31.401668 -35.022371 -43.160096 -43.365743 -42.876249 -39.133372 -43.466455 -42.376937 -42.183673 -32.372318 -36.630183 -37.648788 -39.888180 
-30.983560 -36.945488 -33.827535 -37.020944 -35.844653 -40.960496 -36.706963 -34.328161 -41.146535 -36.322636 -35.380764 -40.067173 -43.566117 -36.298937 -40.419899 -43.765806 -36.920776 -34.413525 -40.021181 -36.637521 -42.036425 -41.100197 -38.697146 -40.129538 -42.679343 -38.559592 -37.589711 -39.282786 -35.340656 -31.423185 
-32.202108 -36.485505 -43.761890 -32.273803 -38.362209 -40.349787 -30.764459 -37.112194 -43.650160 -36.904117 -42.105956 -37.993776 -42.005079 
-41.275457 -33.411443 -33.222960 -35.198165 -42.703544 -37.965256 -39.155308 -32.249153 -41.125773 -30.419415 -33.031741 -36.497503 -42.163932 -34.699689 -41.653972 -34.255757 -36.989170 -36.740146 -43.306869 
-30.835150 -41.669863 -33.515634 -35.384446 -31.288329 -42.532384 -40.073288 -40.292016 -42.529888 -41.460071 -42.212927 -40.173402 -40.166607 -34.868569 -40.656758 -39.154215 -35.583747 -37.163769 -38.071520 -39.796720 -38.151354 -37.940235 -41.424818 -37.973072 -42.722735 -39.254415 -42.066686 -40.429842 -37.725408 
-40.145829 -40.009576 -35.473302 -34.109670 -33.738988 -33.086045 -33.944673 -32.376298 -38.779018 -40.092337 -39.857963 -30.775829 -37.964325 -39.844583 -32.688139 -39.401646 -39.007674 
-41.089856 -40.091501 -31.351722 -31.249079 -31.282626 -35.353871 -43.417276 -35.648265 -34.208623 -43.599610 -37.429168 -41.871458 -40.593437 -43.172335 -35.692661 -38.367168 -39.066777 -39.333190 -33.923913 -40.288096 -36.601481 -38.058623 
-37.371543 -33.722815 -36.158507 -33.765367 -31.284739 -43.319618 -39.188671 -38.839881 -37.628681 -35.425446 -30.883268 -33.223975 -33.589646 -34.916716 -41.214759 -35.760472 -40.917993 -41.185706 -40.202051 -41.415379 -36.942086 -42.880111 -39.356894 -31.374191 -36.388231 -42.011345 -42.342710 -34.021774 -41.824227 -38.613311 -37.937333 -30.089852 -36.125921 -33.375543 -43.164850 -42.635951 
-35.859961 -38.597546 -30.435108 -35.073283 -39.246396 -35.975695 -30.548978 -34.768440 -34.235037 -37.557730 -43.585497 -42.801495 -36.541703 -38.330388 -39.574655 -35.779691 -37.333880 -42.372920 -42.658184 
-42.333305 -34.048686 -42.748999 -34.412676 -42.292338 -32.968916 -37.314203 -42.852093 -30.667698 -42.451565 -35.476290 -43.629603 -39.528385 -43.284423 -38.462480 -30.298873 -31.792972 -36.586687 -37.985100 -38.653294 -41.740775 -42.897315 -36.757752 -41.785429 -40.193974 -38.505088 -40.093016 -40.529457 -41.511929 -34.139520 -40.277588 -43.513446 -38.176228 -41.169235 -32.873196 -32.364685 -35.373530 -41.045467 -43.643340 -37.879019 -36.155544 -40.438965 -34.261596 -30.038570 -40.799274 -36.195554 
-40.145675 -37.599605 -42.630633 -43.020451 -30.635676 -39.879118 -34.261412 -43.338156 -36.641529 -40.148933 -31.332337 -33.652760 -42.549493 -36.480170 -37.904653 -41.137549 -35.860413 -43.100723 -35.844770 -36.708850 -36.466740 -41.408108 -39.021684 
-32.829121 -31.871128 -38.454956 -36.062063 -30.457372 -39.201817 -42.309092 -37.824184 -36.553335 -36.172508 
-32.135550 -39.077391 -42.863685 -32.419963 -38.961573 -37.586775 -35.823177 -43.508689 -41.303425 -41.467220 -30.570661 -40.986631 -38.949505 -41.341411 -39.506452 -38.918606 -30.196601 
-31.933546 -33.204238 -30.839385 -35.042439 -38.018521 -39.006958 -32.922896 -39.379150 -35.923921 -37.004160 -38.173189 -37.999255 -42.611126 -38.854990 -42.695153 -42.898368 -36.622245 -39.212128 
-39.458748 -39.466546 -33.625392 -34.736108 -33.366566 -37.811376 -42.802868 -32.361938 -30.267061 -38.022420 -42.539981 -40.423588 -38.265157 -43.004941 -43.253087 -39.657218 -38.797901 -42.124747 -41.195551 -39.354806 
-43.388885 -36.521432 -36.893449 -37.278681 -36.191397 -37.460658 -32.679879 -41.836863 -37.378072 -30.599041 -38.489628 -43.555148 -31.561247 -39.052484 -40.698667 -35.371711 -40.426068 -38.623611 -43.595291 -42.584370 -42.922710 -38.723782 -32.804092 -38.634432 -38.579473 -37.555082 -42.470022 -38.529850 
-37.946184 -40.250934 -34.111423 -39.523863 -38.752348 -33.902304 -32.561748 -36.403642 -34.426258 -33.718102 -40.110270 -43.357615 -43.209521 -38.543406 -41.249291 -30.428472 -40.696245 -41.194855 -32.162654 -39.743409 -31.959403 -37.067566 -30.015230 -42.748289 -39.054221 -42.136732 
-35.650094 -36.068806 -43.011336 -41.528260 -34.761176 -41.987982 -35.394644 -43.509349 -30.122814 -38.543226 -33.638557 -36.212183 -33.578411 -34.318664 -31.473143 -37.985146 -42.457493 
-37.080963 -39.942900 -39.549366 -31.206028 -33.391670 -39.282742 -37.892007 -41.955533 -42.248908 -35.926588 -37.326413 -38.774580 -32.180803 -37.844367 -35.745244 -40.287979 -39.053639 -30.503157 -37.701204 -31.162210 -36.171969 -39.382940 -37.359319 -30.728925 -38.641108 
-43.670617 -40.759963 -38.900165 -30.489400 -41.684761 -37.928948 -38.160281 -38.677809 -39.069873 -33.783711 -40.210291 -41.389068 -31.532122 -42.527370 -37.291078 -30.194476 -41.515479 -38.716122 -36.634213 -43.386877 -37.394000 -43.368273 -41.458721 -43.594301 -39.358753 
-43.058622 -37.071923 -37.848253 -31.327271 -35.905554 -40.034680 -31.941339 -36.724710 -36.925150 -42.037381 -33.992119 -42.162899 -34.665277 -34.113026 -33.545237 -33.879489 -30.888662 -31.342898 -37.013892 -38.630714 -43.117495 -38.649827 -39.712142 -38.401353 -36.007242 -35.412654 
-41.363083 -30.481208 -41.407034 -38.861059 -33.959091 -40.320318 -32.088034 -43.200055 -39.182852 -33.458983 -39.612201 -30.574854 -41.097443 -33.880229 -36.724763 -37.255330 -41.162338 -43.421868 -38.181735 -38.394428 -37.690130 
-37.817315 -31.550386 -43.417948 -36.801346 -30.469013 -38.194591 -33.152724 -42.753102 -40.316138 -38.400861 -40.687672 -43.207066 
-30.131388 -36.904842 -35.691463 -33.377943 -43.495649 -31.686450 -37.261927 -37.793966 -39.762847 -39.188512 -33.770306 -32.771490 -43.059466 -38.295889 -42.917452 -38.322020 -42.221191 -40.234120 -42.205675 -43.073223 -40.373855 
-30.366904 -37.510337 -32.495848 -41.592440 -37.032375 -38.728967 -30.634330 -41.147741 -32.384546 -38.011782 -40.393651 -37.918438 -41.837388 -42.973758 -42.055270 -30.056679 -37.202279 
-36.408245 -33.155794 -41.193112 -43.463463 -39.452677 -31.694251 -38.902151 -42.979364 -39.052522 -37.130474 -40.562424 -32.144158 -39.691212 -30.120867 -31.414138 -41.751452 -42.417249 -31.770633 -30.886350 
-40.429389 -37.884290 -34.014677 -32.337758 -39.575333 -37.574298 -38.303649 -29.817363 -40.264123 -39.584566 -36.349430 -38.566329 -30.182409 -35.569957 -32.132007 -35.007589 -40.156318 -36.971196 -30.170473 -39.056871 -31.666533 -42.642462 -37.927836 -42.710395 -32.612716 -38.380497 -42.182851 -42.011984 -34.767822 -37.496789 -34.857745 -43.283218 -38.123197 -34.934715 -40.523036 -33.994675 -42.018024 -32.916880 -42.376079 -38.535462 -42.187092 
-33.369145 -38.956424 -31.508804 -40.661139 -39.988054 -30.204406 -34.293850 -43.627507 -40.029642 -43.348179 -43.475848 -32.956588 -33.009348 -40.553267 -43.075118 -32.309820 -31.697070 -36.921262 -31.561338 -38.631699 -40.311635 -40.802713 -41.238197 -42.705896 -34.692899 -43.600809 -32.194122 -33.043147 -31.392689 -42.306679 -37.916139 -39.248949 -32.025845 -41.153933 -40.210736 -41.946222 -41.997350 -38.868652 
-37.923325 -38.114322 -32.246341 -38.925124 -43.533211 -34.996814 -43.559903 -40.825451 -33.233925 -42.617291 -29.943655 -33.094503 -34.532577 -41.128129 -33.794974 
-39.177013 -40.944932 -34.248036 -30.393396 -31.231845 -37.536148 -38.891037 -39.675891 
-42.892909 -37.865814 -30.047201 -37.208888 -35.192597 -40.905444 -32.888426 -35.617865 -41.042507 -40.261095 -30.867130 -38.976200 -41.842444 -37.773825 -31.388851 -38.001926 -41.487460 -41.903563 -42.006126 -40.584297 -29.976679 
-39.623621 -38.881764 -42.124616 -31.434014 -34.098407 -31.613659 -33.942408 -34.823537 -41.955767 -37.229343 -41.897275 -38.053831 -32.985607 -31.501507 -41.623675 -39.763561 -38.082836 -30.496283 -37.533938 -42.489464 -42.503331 -41.422984 -38.483942 -41.171688 -31.513440 -41.174953 -39.342421 -30.144789 -43.264645 -38.345614 -40.986900 -41.046565 -42.715182 -41.143826 
-33.090915 -31.935430 -38.632069 -43.580945 -41.315498 -37.440725 -34.986416 -31.230001 -33.602088 -30.330182 -41.694387 -37.958545 -37.385485 -30.789595 -33.325744 -34.639064 -30.136832 -36.955039 -33.606281 -37.939447 -31.430098 -41.089347 
-39.571884 -39.939716 -39.626106 -42.120881 -36.746698 -30.699308 -33.705876 -34.411702 -43.415533 -32.116959 -37.265451 -38.496536 -39.663542 -41.463485 -37.983160 -38.416771 
-37.896936 -38.220160 -30.446153 -33.714094 -38.736385 -41.634842 -39.650637 -42.899729 -41.251708 -39.707863 -35.198695 -43.265987 -31.822515 -38.048674 -42.671725 -38.038301 -38.889606 -40.575460 
-34.238812 -38.384965 -43.375633 -30.992390 -36.569673 -37.467638 -41.798775 -38.717147 -38.269953 -42.099992 -33.572545 -35.544744 -30.470852 -38.610200 -39.176102 -32.223321 -36.646745 -33.768529 -37.748216 -43.480368 -32.998098 -31.174051 -41.814355 -41.843667 -38.421413 -37.333606 -36.749471 -33.942752 -38.512497 
-30.583058 -38.126923 -31.822262 -38.467456 -41.828370 -38.570161 -32.652671 -33.793519 -43.424883 -35.913563 -35.733359 -37.194985 
-37.332778 -36.237824 -43.715822 -33.085397 -33.011037 -30.687077 -32.440848 -31.995575 -41.176885 -33.411037 
-39.955908 -30.071500 -32.852054 -38.004126 -40.360310 -39.183126 -43.094715 -35.945601 -33.484253 -33.411037 -32.082305 -37.527896 -38.575036 -39.824703 -33.309115 -38.480189 -40.198673 -39.796145 -38.422645 -37.219480 
-33.137309 -40.989102 -33.613621 -36.502326 -42.493068 -39.924205 -33.740571 -39.011864 -37.660358 -43.067682 -32.387676 -34.259721 -41.733438 -33.750303 -35.850954 -32.662754 -37.385850 -36.293200 -39.367154 -41.704611 -40.907747 -33.696408 -31.173645 -34.346016 -40.824984 -38.763131 -40.059328 -37.361701 -30.650733 -36.587902 -38.449731 -36.488206 -36.900447 -40.536278 -43.402078 
-42.545307 -43.302167 -32.296362 -34.022364 -30.355456 -40.262709 -39.292186 -42.811885 -32.543427 -38.965820 -33.817041 -41.235914 -35.542017 -38.736093 -42.767898 -40.500817 -40.585925 -42.395257 -38.266144 -39.022547 -38.470981 -38.819597 -42.337349 
-33.427990 -41.234370 -42.580154 -38.067608 -34.115255 -30.197123 -30.571684 -38.833835 -38.824867 -32.936553 -32.250548 -36.655019 -35.450361 -41.153263 -38.089659 -31.721812 -36.590917 -33.740378 -39.464202 -41.734436 -39.246615 -37.241095 -36.755456 -37.517866 -38.349706 -36.104821 -41.989447 -40.487811 -42.654171 
-41.180847 -32.446872 -32.564219 -37.731792 -43.564433 -31.770503 -30.984626 -42.649099 -36.252965 -38.814363 -36.471110 -38.331078 -38.936109 -37.368578 -36.893831 -31.732557 -40.031520 
-40.281749 -38.418083 -43.176259 -42.403034 -36.451594 -30.099813 -39.914983 -42.574790 -42.541767 -31.913394 -32.978792 -42.623993 -36.737934 -34.809678 -38.499110 -41.704570 -37.637211 -37.552884 -42.943976 -41.970495 -33.826599 -38.742637 -40.322100 -40.896792 
-39.621933 -34.739553 -39.506468 -35.501174 -29.987765 -39.462577 -38.159587 -32.530480 -39.864987 -37.923760 -33.091328 -37.710904 -33.934789 -38.339615 -42.151602 -41.104133 -39.468222 -42.866268 -40.533850 -42.749172 -37.206160 -43.452980 -33.863962 -37.612698 -37.451315 -39.496600 
-43.764198 -33.950578 -37.033362 -38.859331 -33.192662 -38.149252 -30.413729 -34.013303 -36.332934 -32.272096 -37.241233 -42.506017 -35.147180 -32.363887 -30.787029 -37.322673 -43.700250 -36.593310 -41.174077 -40.218230 -43.086112 -42.603714 -37.831442 -37.975832 -39.597860 -37.376940 -39.214656 -38.868266 -43.006998 -32.758442 
-32.401811 -36.621502 -37.573092 -42.966740 -35.882066 -37.492752 -33.534125 -34.422146 -43.550938 -42.496030 -40.743511 -37.631452 -36.818209 -30.018679 -38.699201 -32.716550 -32.635857 -40.475825 -32.922212 -40.562948 -31.900113 -36.796177 -36.355723 -32.685614 -38.824408 
-31.661121 -31.631154 -32.352835 -40.895023 -30.797724 -33.665591 -33.996633 -33.473586 -35.317977 
-38.192314 -31.303887 -33.510301 -30.512921 -31.704970 -39.663385 -36.881095 -40.740296 -39.478249 -33.629108 -31.207044 -37.103785 -38.435116 -40.346075 -40.491863 -35.724793 -36.991399 -41.613639 -38.713013 -37.881431 -36.238018 -38.108553 -37.355898 
-36.965250 -42.739225 -40.862455 -35.792915 -43.675566 -43.306490 -33.485580 -38.208431 -37.816108 -38.382024 -34.623851 -43.787256 -30.332527 -31.792331 -38.839017 -36.837286 -37.495497 -35.003664 -33.365407 -37.170811 -42.435380 
-43.096952 -37.722633 -40.244701 -40.703074 -31.163041 -37.555105 -42.109836 -30.696252 -37.409428 -42.266555 -41.685369 -37.934224 -43.226324 -42.434887 -37.920576 -41.542879 -38.901460 
-40.422049 -37.988186 -31.826554 -29.814733 -33.255431 -40.949845 -42.890473 -43.209875 -42.050842 -38.385483 -41.595461 -33.769232 -40.335026 -36.325101 -35.341356 -35.041904 -38.287407 
-31.001225 -37.113105 -33.773695 -31.339200 -37.459218 -37.000441 -41.624322 -42.139239 -33.570597 -38.243190 -34.605360 -40.476619 -37.481440 -36.028533 -33.694348 -38.944813 -36.690375 -33.570789 -40.636092 -38.695409 -40.454632 -41.239518 -38.180174 -41.262498 -30.426005 -41.474976 -40.933062 -35.421872 
-37.538351 -38.918655 -38.932961 -31.802210 -39.783063 -40.849607 -39.562687 -43.488097 -40.009883 -37.934577 -40.466988 -36.777662 -37.176088 -34.473744 -33.422202 -40.008087 -34.600957 -31.150560 -42.637851 -38.117781 -37.694615 -43.011741 -42.173797 -41.534307 -29.911992 -37.742729 
-33.032395 -38.419309 -39.408949 -37.769285 -39.151192 -30.632060 -31.784172 -43.569156 -42.893274 -38.862329 -42.522291 -38.123718 -32.562514 -36.331106 -34.515899 -41.718211 
-33.781290 -39.118940 -42.577736 -41.976602 -35.506571 -36.119864 -36.266599 -37.388561 -40.433424 -41.803548 -42.899440 -38.613790 -42.065497 -31.011013 -29.896931 -31.625794 -41.470089 -38.018347 -41.616516 -29.921207 -37.918654 -36.388844 -37.398789 -29.848953 -36.133014 -36.229928 -43.076294 -42.869747 
-39.945540 -43.363041 -42.580337 -32.189340 -33.728030 -42.681421 -36.289811 -30.170283 -43.368429 -40.398959 -36.884010 
-36.266946 -35.695022 -36.276096 -43.476057 -41.522908 -38.623403 -31.720177 -30.709592 -36.387678 -37.260387 -35.204909 -38.506213 -30.242419 -36.955911 -42.870360 -34.482628 
-38.666812 -38.007765 -40.059796 -40.661673 -39.641567 -43.626579 -36.419416 -35.481527 -33.078317 -42.886214 -36.594850 -31.921350 -42.299021 -40.942105 -37.355734 -39.174429 -38.236633 -35.929182 -41.994270 -39.161465 -42.680903 -36.909209 -39.089317 -33.908745 -40.759919 -33.528370 -37.618570 -38.574154 -38.367291 -41.314896 -42.031708 -37.172223 
-37.175503 -42.567202 -39.694787 -36.343763 -39.208087 -42.357299 -35.526263 -35.748522 -29.994717 -42.363030 -30.455323 -39.736799 -38.088790 -36.511437 -32.549754 -39.522078 -31.618164 -38.665163 -29.900277 -40.556857 -30.678241 -42.726444 
-38.019641 -43.082398 -42.665617 -32.893350 -35.733652 -40.429968 -37.783706 -31.851948 -40.942364 -31.086440 -42.143818 -36.938561 -41.577393 -39.686106 -33.302586 -38.611280 -41.212275 -35.746212 -31.703726 -37.179003 -43.117464 
-36.032576 -34.486651 -29.999820 -40.241905 -34.323383 -42.427301 -39.005812 -41.426348 -33.422726 -42.680055 -33.046289 -42.055864 -42.224678 -40.493192 -37.782881 -36.045206 -38.092582 -39.550174 -32.348528 
-39.026879 -39.363863 -41.154077 -38.345797 -33.248957 -38.128279 -34.597560 -42.448373 -30.782710 -42.919085 -35.656481 -43.012248 -37.139285 -31.818121 -41.016203 -39.726557 -34.285518 -40.017066 -31.307181 -41.184465 -43.129978 -41.540599 -43.013298 -31.197609 -39.533424 -36.321095 
-34.627164 -36.942241 -31.200867 -43.228206 -35.933815 -32.352652 -41.372290 -33.737017 -43.132005 -33.077213 -31.701532 -42.445832 -36.578702 -36.357129 -39.622322 
-38.348122 -33.644908 -39.093716 -31.944572 -43.393611 -37.229377 -30.325575 -37.110741 -34.881582 -31.993173 -43.624457 
-33.396665 -33.242109 -40.457951 -40.801553 -31.731364 -31.101906 -42.574775 -37.676532 -42.512835 -39.575304 -43.141565 -42.080072 -37.580717 -35.388202 -35.137743 -34.894686 -37.160694 -32.067280 -41.272403 -37.156832 -31.237182 -39.783952 -39.093192 -34.397448 -38.324466 -40.332900 -29.966365 -40.524908 -38.490223 -40.409938 
-29.982709 -36.544117 -33.178723 -40.416610 -34.225708 -32.448769 -41.617389 -32.011003 -39.931026 -39.599114 -37.567644 -36.097869 -42.166055 -33.038068 -41.680843 -42.537825 -39.678166 -43.657291 -38.720070 -40.714965 -42.347383 -32.152995 -43.536880 -40.372567 -41.654332 -42.829822 
-38.174727 -36.975484 -43.316849 -42.621264 -31.362460 -36.204442 -37.412534 -37.500914 -38.121622 -43.365106 -43.539495 -33.221544 -41.953666 -30.661388 -40.095335 -38.882711 -30.887507 -42.949760 
-37.391425 -30.930981 -36.914260 -40.900684 -33.498143 -37.357937 -42.417416 -42.606733 -37.241859 -38.815365 -37.825160 -31.551058 -36.122841 -31.226139 -36.387853 -30.465859 -37.008412 -41.952661 
-30.084376 -37.977517 -38.189398 -35.168428 -32.438816 -42.112881 -33.597388 -40.290448 -35.053403 -33.321076 -40.289992 -41.831875 -42.253185 -37.195103 -39.160603 -34.481548 -36.996975 -39.170416 -33.878272 -43.064193 -36.870909 -36.467611 -41.454928 -39.914655 -41.127165 
-36.679519 -34.519913 -33.562826 -38.398071 -41.704454 -41.851921 -37.617213 -41.337438 -41.103051 -43.328206 -32.496090 -29.847548 -34.047007 -40.828910 -32.478022 -42.443831 -35.563895 -41.084998 -31.948318 -33.611221 -41.088408 -41.829913 -39.112130 
-43.433627 -43.279304 -42.315534 -30.377211 -33.074601 -31.965697 -31.787609 -35.089611 -41.825245 -36.021250 -39.958147 -32.286986 -36.344540 -38.980983 -33.561304 -42.072825 -36.436875 -43.533535 
-40.449282 -36.667301 -40.719791 -42.828594 -40.661622 -30.710970 -40.574263 -31.159516 -41.586028 -38.101755 -33.497772 -41.651125 -35.645966 -38.537689 -40.868546 -37.659007 -42.562210 -38.221917 -38.266456 
-37.826693 -42.177356 -36.407477 -37.493752 -39.580238 -35.495506 -31.925825 -30.762931 -39.065594 -35.667824 -38.021857 
-39.182135 -37.432327 -35.452760 -37.101031 -32.828150 -36.249018 -36.061401 -36.519990 -31.711465 -37.349886 -42.421842 -33.078453 -31.941534 -31.154937 -40.634261 -40.095398 -38.623400 -38.297329 -32.160701 -42.396651 -37.885762 -37.875861 
-36.836136 -40.002988 -30.782920 -34.126325 -35.702557 -42.179397 -31.889755 -36.429121 -37.260861 -42.579501 -43.460886 -43.542922 -37.897073 -35.286240 -37.199318 -33.229889 -37.624503 -40.998634 -41.758059 -39.171949 -41.908747 -42.436073 -38.215884 -38.299706 -37.406720 -39.521027 -36.103063 -42.633484 -33.678149 
-37.479456 -34.148502 -42.719937 -33.453246 -37.808938 -34.607436 -41.992660 -31.807971 -42.464898 -30.624636 -41.836973 -38.859846 -31.306392 -39.723948 -37.235235 -38.234616 -41.622947 -37.842948 -41.382878 -35.443629 -39.013330 -37.844608 -35.247699 -40.205570 -41.669347 -39.995881 -38.604423 -38.449120 -43.056645 -42.506547 -33.598109 -41.183176 -39.477611 -36.152122 -43.157406 -41.809487 -37.140259 -42.498891 
-42.770592 -33.100408 -36.802003 -37.971196 -37.084895 -33.579807 -32.804929 -42.418639 -31.020379 -37.063141 -35.970550 -39.775442 -43.100821 -36.567176 -40.237345 -33.127062 -39.362468 -31.656695 -38.096132 -36.853066 -42.671628 -37.172149 -32.213687 -36.808214 -43.254612 -40.132386 -43.333632 -33.851756 -34.835295 -36.078418 
-36.412171 -41.965164 -42.063890 -31.795070 -43.489794 -33.035286 -39.867344 -39.143090 -29.897296 -35.868760 -33.726284 -36.125400 -42.180630 -34.540212 -37.607398 -38.713704 -41.859346 -43.580162 -37.240837 -40.543434 -35.793171 -38.284340 -40.850256 -43.291624 -37.532180 -38.750909 -35.650418 
-40.467925 -39.875753 -35.630172 -31.174379 -36.370558 -41.774760 -43.578188 -40.493913 -35.723821 -36.485720 -30.745189 -34.876831 -41.782606 -33.662877 -36.662192 -42.781180 -31.378381 -43.747135 -34.056794 -30.873742 -41.535399 -38.324950 -42.095476 -41.272795 
-31.642942 -42.467605 -42.243295 -30.454191 -31.065166 -35.266564 -37.635486 -41.474173 -41.074222 -35.162771 -38.608509 -35.084621 -34.123137 -41.646676 -30.762651 -41.078173 -36.508828 -43.355006 -39.909636 -40.987099 -42.174407 -35.283140 -33.243467 -31.342974 -43.496903 -31.735257 -34.564965 -43.727710 -43.495872 
-35.854610 -41.433908 -41.276460 -41.873300 -40.949629 -42.466003 -43.294562 -29.953171 -40.317686 -38.185803 -43.489608 -39.825263 -32.105557 -32.747609 -42.362208 -37.730531 -43.514665 
-38.885580 -40.841946 -37.386588 -38.033069 -40.904205 -37.744452 -31.254665 -37.448756 -30.398261 -34.011546 -35.578218 -33.568507 -39.810291 -41.758247 -41.632615 -43.009271 -43.037911 -40.389466 -43.466919 -30.417953 
-42.493039 -34.036411 -30.741310 -30.252599 -40.216983 -40.160737 -39.726486 -31.788255 -34.839091 -42.628256 -36.913009 -34.256356 -40.610388 -33.759392 -43.715759 -34.572177 -37.094504 -34.466164 
-33.821837 -39.563410 -35.579763 -30.134513 -34.861520 -37.951510 -31.541629 -40.177156 -37.178018 -39.823354 -34.648234 -42.218501 -36.088490 -43.289302 -42.333479 -35.469227 -37.581540 -34.630744 -39.815667 -36.253773 -41.627318 -36.815763 -33.352210 -38.946601 -43.251784 
-35.108666 -38.783344 -36.657629 -36.485128 -36.498280 -35.741554 -32.122151 -33.498262 -34.835466 -37.408364 -30.383308 -42.614509 -39.608448 -36.525567 -39.964381 -38.194089 -38.042353 -36.375338 -39.150368 -38.011615 -43.143265 -40.417410 -42.133095 -33.076946 -37.567763 -39.761732 -42.107777 -36.593270 -43.189718 -40.138238 
-43.677420 -41.844423 -30.218727 -33.778558 -36.430351 -40.083427 -41.893808 -31.966652 -37.889889 -33.770113 -29.945235 -42.206466 -38.959262 -35.041848 -41.013339 -32.489040 
-36.942412 -40.445687 -41.215820 -32.441216 -29.986096 -37.164783 -32.977412 -40.170909 -38.890863 -37.096060 -36.081851 -38.758200 -42.849149 -40.479502 -29.980929 -38.962613 -37.899511 -42.165522 -37.811161 -38.825496 
-33.926340 -37.430220 -40.216570 -39.112912 -39.238579 -30.351783 -35.076065 -35.966028 -31.570538 -33.362450 -43.528200 -41.017024 -38.193359 -41.250123 -39.193596 -40.717467 -36.525712 
-34.587403 -43.658273 -31.818674 -36.919846 -36.608155 -33.679860 -33.220325 -43.306576 -35.692868 -36.105660 -34.982982 -42.109498 -30.550542 -32.925018 -38.908311 -43.394903 -36.872765 -42.404173 -33.576991 -42.853685 -42.179893 -43.481953 -37.492914 -39.449927 
-30.350803 -36.253807 -40.206385 -40.861398 -41.524797 -37.757800 -36.756080 -42.754960 -42.748790 -33.916395 -38.974862 -40.562053 -35.954791 -36.099690 -39.782786 -40.081827 -37.882110 -39.645322 -37.830634 -36.351260 -36.322199 -40.165026 -40.198759 -31.537811 -40.124599 
-42.589303 -42.125838 -40.688888 -42.036882 -41.877217 -31.108526 -42.001767 -40.082520 -33.672441 -35.778489 -41.964788 -37.138643 -38.607120 -39.451264 -39.928755 -31.897847 -42.049134 -30.714404 -41.130597 -35.382836 -43.173348 -37.398407 -41.959611 -37.928798 -39.682848 -37.944910 -42.942700 -35.272679 -40.675920 
-41.187277 -31.847533 -40.895445 -41.323066 -36.211786 -36.847622 -42.638442 -35.637844 -35.896920 -30.590151 -41.051919 -33.266702 -33.377216 -38.849927 -40.149569 -35.801258 -41.347875 -36.633784 -43.424974 -40.932077 -38.724415 -39.622059 -35.484151 -37.591702 -43.154787 -42.287453 -37.833056 -41.004386 -37.223205 -37.262181 -37.585785 -30.719874 
-35.663109 -33.409269 -39.360765 -42.117417 -30.733001 -31.816357 -40.792896 -41.713660 -42.465005 -43.299723 -40.461002 -40.430587 -38.818488 
-40.236395 -37.712385 -38.810723 -33.085174 -43.066252 -42.729784 -31.811727 -40.122758 -42.053534 -30.703926 -37.429657 -43.498914 -35.754264 -30.460196 -42.161540 -30.073543 -35.220283 
-30.292048 -41.922585 -30.725563 -40.535948 -42.983804 -32.222693 -41.745352 -35.876630 -32.936747 -36.696563 -35.563426 -39.200502 -40.428639 
-30.445739 -40.310004 -40.830148 -31.867657 -34.282857 -32.785839 -38.242300 -38.336399 -34.661712 -39.477714 -40.870036 -41.324085 -40.413237 -32.867945 -42.767887 -33.950448 -42.629000 -34.917860 -40.672513 -42.561597 -38.845392 
-41.342113 -38.213522 -34.601028 -30.839601 -38.079057 -43.485615 -42.613387 -35.622112 -30.905270 -36.339772 -34.037991 -31.400126 
-31.108260 -35.941254 -33.352009 -31.517693 -32.264764 -39.437384 -41.392093 -40.255997 -43.278725 -42.871747 -32.772859 -37.571734 -32.272484 -43.018906 -40.458468 -31.692079 -38.142543 -40.405984 -42.090262 
-36.230860 -40.256490 -40.491664 -42.105631 -43.538575 -32.077761 -42.909721 -43.039932 -39.321369 -31.848624 -37.495976 -36.360585 -40.634688 -32.917661 -40.330838 -43.176714 -35.181910 -36.182250 -43.244717 -33.901114 -42.602032 -43.024798 -39.924247 -39.110377 -36.802983 -30.971883 -30.372515 -40.432598 -30.801343 -32.953022 -36.827557 -35.126201 -30.771393 -31.943488 -36.242547 
-30.076165 -34.682196 -35.991339 -35.768494 -37.998398 -33.040572 -34.288432 -40.539607 -36.737191 -37.656523 -33.343569 -35.781754 -38.013625 -38.735922 -37.070468 -40.038711 -41.497198 -33.389091 -40.908832 
-40.695520 -42.958439 -30.586693 -31.953835 -33.185817 -40.890477 -42.965587 -43.547372 -34.862800 -43.320395 -41.521695 -39.850555 -33.218575 -42.699608 -38.288261 
-43.007752 -31.136595 -34.062017 -31.424937 -37.726402 -35.795364 -35.089871 -34.465827 -39.510023 -43.107562 -30.300670 -30.863351 -41.822293 -42.034353 -42.808963 
-38.359449 -38.395680 -30.803044 -31.185377 -34.343454 -36.185826 -32.124392 -37.846529 -40.148242 -30.961587 -35.017083 -37.937225 -34.375236 -42.054966 -37.519777 -39.400520 -39.827790 -34.366846 -41.302047 -39.196937 -39.941533 
-32.054932 -41.649111 -37.582951 -39.142896 -33.811723 -30.896094 -34.238590 -32.359017 -40.974676 -32.017284 -36.680832 -37.352317 -37.096973 -43.350826 -34.543540 -38.245062 -35.066836 -36.869654 -37.402650 -40.530417 -39.978339 -40.127666 -42.384919 -33.350757 -34.531264 -41.300969 -42.023271 
-39.729308 -43.102160 -30.154668 -36.248892 -31.701415 -33.431889 -35.793168 -43.272797 -38.865580 -37.070164 -38.610179 -43.166834 -32.767961 -40.368823 -43.391277 -39.953175 -39.599849 -33.753499 -42.893419 -38.166201 -43.368952 -40.466111 -36.215754 -42.037433 -30.151226 -39.947923 -39.678745 
-43.415232 -39.346294 -40.754673 -38.392191 -34.347121 -43.065803 -34.137910 -37.227706 -36.557930 -38.114010 -38.792407 -41.098512 -32.624137 -37.777527 -30.459770 -39.359339 -32.413622 -33.417735 -42.370121 -38.964724 -31.928234 -35.576947 -32.066095 -42.441317 -41.752906 -40.120815 -41.429489 -37.243160 -35.604772 -32.366915 -30.948724 -32.043195 -42.935721 
-40.897546 -36.189882 -35.981632 -31.515515 -39.570006 -30.217508 -37.368590 -36.933511 -39.836531 -41.560845 -37.398982 -33.534211 -40.441612 -39.291743 -37.331930 -31.801720 -39.165862 -36.597749 -40.430202 -38.362147 
-32.836501 -37.290572 -30.644487 -35.631091 -33.450778 -33.496456 -43.564560 -42.642040 -31.905640 -41.600655 -40.166627 -37.628942 -38.730491 -39.242103 -39.302212 -38.594153 -39.776143 -41.725916 
-33.340487 -43.190775 -40.081400 -31.740076 -31.659544 -40.454313 -42.120950 -43.307450 -30.842701 -37.211520 -35.628079 -39.023839 
-38.634358 -36.779793 -37.417999 -34.508168 -37.352192 -37.801362 -36.114549 -32.215449 -30.177012 -40.768849 -33.108595 -33.948521 -37.297845 -35.839144 -42.882343 -33.643317 -38.695357 -40.343853 -43.735072 -43.184055 -36.582496 -40.017694 -42.969463 -40.357373 -40.008124 -37.889175 -32.988928 -33.026959 
-40.944448 -31.236533 -42.866993 -41.776127 -43.681808 -41.971780 -35.850047 -34.657277 -37.857426 -40.650835 -37.703056 -38.604281 -41.581281 -36.794087 -38.620218 -36.810790 -35.522972 -36.276440 -30.067676 -35.878950 -42.684527 -33.156997 -32.417025 -41.855696 
-31.915576 -37.118636 -33.185362 -30.791300 -29.897483 -42.018569 -41.598406 -39.717300 -42.358254 
-33.642080 -38.359338 -43.492396 -34.395621 -37.529025 -39.580542 -41.312084 -32.088904 -41.217592 -30.666811 -32.930427 -37.751323 -30.683307 -34.362863 -40.252418 -41.178957 -38.156797 -43.014575 -32.447891 -40.975590 -34.189407 -39.420149 
-42.370391 -30.573835 -43.165487 -36.103933 -37.376043 -42.784856 -33.211814 -40.804836 -43.487040 -30.924562 -31.758146 -41.520481 -38.936229 -40.797579 -37.713044 -40.141011 -31.481023 -31.988911 -37.752087 -36.675672 -39.471952 -40.949544 -39.295403 -38.442336 -38.666774 -31.249516 
-37.052230 -29.893899 -40.761962 -36.330620 -41.706771 -34.013345 -38.553176 -31.231738 -38.297242 -43.080831 -39.549451 -30.364638 -40.674277 -42.412402 -39.912218 -43.634118 -39.886767 
-34.306812 -31.906245 -30.469027 -39.025381 -33.791908 -36.679510 -41.579777 -43.617237 -37.163146 -31.737084 -42.028329 -39.507466 -33.190691 -30.543945 -36.757179 -29.844409 -30.677580 -42.055645 -38.824112 -40.940606 -39.173996 -43.160310 -41.634801 -38.961606 -42.316578 -38.236522 
-33.322390 -42.137826 -33.350284 -41.785277 -38.616704 -32.433090 -38.427571 -38.513949 -42.035902 -30.443452 -36.879086 -39.205013 -34.818903 -34.947660 -40.527899 -32.784608 -39.322132 -36.768460 -32.876288 -36.945334 -42.411746 -41.366932 
-35.241196 -39.106612 -29.933932 -32.008183 -41.452568 -32.095296 -41.591789 -34.458570 -30.136510 -35.940341 -37.106666 -42.187472 -40.082236 -37.780327 -41.128115 -43.180160 -36.462234 -36.632227 
-39.495341 -40.030944 -33.529414 -35.674028 -38.050602 -43.587960 -36.960824 -41.722454 -31.589677 -38.853166 -42.035669 -31.562417 -43.343533 -42.792203 -32.361136 -34.810281 -43.320063 -39.584691 -35.449092 -36.888754 -41.324395 -40.171690 -36.094610 -39.626904 -40.750636 -30.889758 -43.352031 -39.408987 -32.089620 -38.592089 -39.131020 -37.715316 -38.887866 -39.130543 
-42.675626 -39.336421 -30.672618 -32.092075 -35.666854 -34.031147 -33.146474 -37.526388 -38.877578 -41.872059 -38.929001 -40.915903 -39.847528 -36.940898 -38.459873 -37.728793 -41.447795 -41.721753 
-41.936539 -40.172350 -42.718971 -35.796832 -41.563893 -36.042503 -39.796556 -36.922413 -33.600509 -41.306957 -41.113718 -33.223262 -32.087992 -34.935259 -37.353163 -30.433672 -30.943414 -43.342726 -43.094532 -41.019277 -40.568478 
-35.786622 -30.232755 -43.329783 -32.258553 -37.948450 -42.079928 -42.144206 -33.942694 -37.130522 -39.683149 -38.830112 -42.448908 -41.860653 -41.463328 -40.271994 -34.550455 -33.388841 -37.006514 -37.738066 -39.026151 -41.042124 -36.688929 -42.487035 
-37.599000 -41.671719 -42.682907 -43.299134 -41.404648 -37.216362 -31.055647 -36.661581 -34.919936 -40.508447 -33.983166 -34.209759 -43.599279 -38.261926 -33.279510 -35.499321 -40.510136 -33.640710 -31.633271 -33.399826 -41.701384 -34.840076 -38.520810 -40.115164 -42.197029 -36.610006 -36.515304 -40.521244 -42.319459 -39.102567 -40.864184 
-37.789163 -39.999393 -35.797102 -42.433997 -31.468703 -40.286463 -38.225954 -40.770250 -30.464796 -34.211071 -40.428240 -38.171787 -39.483504 
-33.154189 -39.845151 -43.044230 -35.385837 -34.260735 -41.504633 -31.071005 -37.934595 -37.424759 -39.676056 -30.785866 -30.727816 -38.246513 -38.009327 -35.991100 -31.674130 -43.305337 -36.824960 -37.904072 -31.630802 -33.665449 -38.234500 -37.586342 -41.506580 -31.342602 -42.526047 -40.576390 -41.538586 -32.141282 -40.626059 -42.869847 -33.036386 -42.471349 -41.957342 -41.030600 -41.229633 
-40.644329 -33.523620 -39.724880 -39.669704 -31.356788 -38.381925 -30.067906 -31.907455 -42.088816 -34.954354 -36.865639 -30.483450 -37.092923 -37.051407 -42.374380 -36.292818 -39.501506 -37.016678 
-40.194944 -31.042192 -38.869497 -31.546236 -33.791525 -42.930015 -37.525702 -38.487711 -36.291023 -32.618793 -40.243999 -36.848133 -34.315153 -36.951280 -38.371224 -37.441680 -42.873179 -39.229757 
-39.346289 -40.244006 -34.388204 -39.568021 -39.476349 -41.788448 -39.871036 -40.897719 -38.821039 -35.189421 -32.157045 -37.616071 -30.801301 -38.364503 -34.106626 -39.055974 -33.225997 -35.641673 -32.444222 -38.868236 -39.099650 -39.241091 -43.600849 -40.288257 -36.792905 -39.865988 -30.283754 -32.195082 -38.173607 -37.333047 -40.808438 -43.567838 -35.709839 -36.894895 -42.386690 -32.457486 -38.718631 -43.691427 -32.083342 
-36.027843 -31.878344 -33.507132 -39.101309 -39.354268 -40.006165 -36.325525 -31.144898 -31.395184 -38.030781 -38.935346 -43.570071 -30.448322 -39.975799 -42.387171 -43.093408 -40.135352 -41.354191 -33.497359 -33.271249 -40.597330 -38.066149 -40.072756 -39.338574 -36.805070 -43.575949 -40.957089 
-39.682057 -42.574178 -38.472877 -33.680380 -42.832414 -36.340158 -31.349512 -40.885089 -29.965472 -43.625992 -42.670258 -36.767808 -34.607622 -30.555081 -37.580353 -43.267253 -36.942042 -37.567557 -38.203733 
-41.203700 -33.679406 -31.414195 -41.205515 -37.833561 -35.831189 -30.409146 -35.150819 -38.837812 -31.221637 -40.820186 -35.754795 -31.767604 -40.947715 -38.450614 -39.207000 -31.612412 -39.531740 
-30.977285 -40.566321 -43.632539 -41.919984 -35.766282 -31.286821 -40.368558 -35.827987 -34.441898 -42.070516 -36.133688 -39.615746 -38.953260 
-43.154518 -38.411139 -39.467272 -31.024523 -39.158463 -38.045411 -39.384360 -38.693381 -33.970087 -40.868272 -42.876432 -31.473456 -40.906457 -40.774032 -35.245342 -42.544753 
-33.921754 -41.831276 -39.464623 -41.963359 -35.297189 -31.702151 -38.647612 -31.137667 -35.941865 -39.107212 -42.388783 -38.308189 -34.357552 -36.342628 -40.032356 -36.072515 -39.131941 -34.798679 -42.197568 -37.575443 -41.888871 -39.636807 -40.096257 -39.892923 -39.102225 -42.813272 -35.680635 -40.680614 -30.292021 -36.175541 
-38.422902 -32.844093 -30.138887 -34.963917 -40.609536 -33.688673 -41.295086 -34.410530 -33.762402 -31.232078 -35.433512 -40.349355 -37.473635 -36.971619 -33.508211 -37.137734 -37.739325 
-35.146774 -34.505257 -41.344557 -32.925939 -42.415961 -31.402496 -33.732910 -30.633377 -43.572377 -41.614666 -41.719852 -33.761035 -43.393460 -41.052371 -39.626536 -41.816461 -32.089716 -39.883289 -38.982120 -33.443312 -41.609914 -36.953309 -40.917336 
-31.283299 -37.784029 -39.909525 -39.516648 -33.323579 -42.935111 -35.850965 -36.722493 -36.858459 -31.807730 -38.799531 -43.080454 -29.827711 -42.153559 -42.861237 -33.779517 -39.842754 -35.086194 -41.421874 -34.499171 -39.074122 -42.660745 -30.463728 -42.373837 -40.125721 -36.784017 -41.075438 -36.892979 -41.247040 -43.082197 -31.650741 -41.204906 -41.476160 -39.873735 -43.194822 -40.878849 -38.916704 -40.091217 -42.943898 -38.187222 
-40.407049 -31.546952 -36.046910 -32.176602 -37.618809 -41.407098 -38.647467 -43.327861 -38.658644 -42.315172 -30.421228 -38.498395 -33.405311 -35.067630 -39.176245 -33.111356 -34.722636 -36.393210 -39.969826 -37.204589 
-33.851488 -40.573502 -31.813412 -36.931651 -39.601176 -31.359784 -36.751885 -36.393708 -39.759567 -41.497070 -36.960054 -42.743496 -37.928485 -43.340022 -31.691048 -39.879453 
-31.255730 -34.021477 -31.677354 -40.642225 -39.366372 -36.993203 -36.726909 -41.945975 -37.498455 -38.274523 -40.931202 -41.571553 -41.167413 -43.748897 -37.764306 -37.969802 -41.315125 -40.532780 -42.128840 -42.185344 -35.860225 -36.919351 -38.868651 
-40.178444 -34.209138 -30.263218 -39.897783 -34.348499 -41.601950 -34.615281 -42.326497 -42.812237 -31.729886 -37.609567 -32.900301 -38.719131 -41.038047 
-36.602436 -36.730129 -30.437675 -37.494371 -33.527186 -41.822385 -42.121953 -35.449281 -38.610849 -38.665050 -41.272410 -43.392778 -31.033086 -41.484294 -42.257402 -41.373195 -37.689058 -42.777102 -38.081369 -39.977978 -40.073237 -43.264645 -34.613693 
-40.260227 -43.708120 -31.623744 -39.248226 -32.293410 -33.974574 -40.604424 -34.573339 -30.656710 -41.840506 -36.578919 -36.293170 
-39.287777 -35.353110 -34.933148 -41.344669 -35.695605 -37.854588 -36.503949 -31.605995 -42.767750 -40.366275 -30.663632 -42.095910 -31.739716 -33.749233 -41.056738 -36.931978 -38.211577 -31.175029 -37.938505 -42.630308 -42.646503 -40.353130 
-38.511511 -43.241733 -42.505470 -41.812127 -38.128853 -31.487947 -33.270801 -36.359229 -41.705909 -36.321361 -30.466810 -31.024749 -43.335979 -32.984103 -39.772190 -35.353448 -35.791981 -37.105423 -40.066935 -39.839189 -43.206278 -38.393289 -42.760239 -36.845267 -41.184741 -37.988947 -41.305106 -42.173587 
-42.232274 -31.680017 -35.021255 -34.479767 -39.598522 -37.798935 -43.311274 -30.366252 -35.130963 -33.992448 -41.106289 -42.519744 
-31.040650 -33.474680 -43.374446 -40.459412 -42.480699 -34.668087 -40.562767 -31.832888 -34.684017 -39.297869 -42.550728 
-38.368383 -38.791915 -35.257202 -40.268657 -37.625226 -43.297866 -35.327711 -41.048196 -31.695442 -40.669612 -31.010553 -43.732291 -38.552058 -38.444994 -42.445331 -37.104346 -39.954952 -32.619367 -32.691975 -31.228381 -39.485416 -42.396640 -37.130773 -37.930973 -37.005385 
-41.910748 -42.498917 -40.428405 -35.797712 -35.282922 -36.926062 -33.898432 -42.857495 -40.757025 -31.998352 -30.395313 -43.204717 -43.101907 -35.586635 -38.323786 -39.491962 -38.000041 -41.935275 -32.626668 -36.888805 -37.566523 -39.500060 -37.820267 -41.661732 -42.723451 -36.880151 -29.844260 -39.674525 -40.155348 -35.421860 -32.597983 -37.774573 
-36.538081 -36.412730 -31.948195 -42.961303 -42.609666 -33.472199 -34.749333 -37.444264 -43.781989 -35.333988 -34.980416 -42.085734 -35.775008 -33.078045 -30.085327 -41.281163 -43.391050 -33.502742 -40.632947 -40.418615 -33.204835 -33.687656 -39.576391 -38.894186 -35.661271 -40.762988 -38.017046 -43.157127 
-38.311481 -38.340443 -41.074651 -36.590528 -31.567657 -36.570045 -43.081413 -38.078380 -41.959128 -38.278420 -36.354043 -39.035352 -38.734678 -37.879740 -40.566680 -42.339537 -41.984225 -39.022681 -38.914240 -41.708743 -35.834131 -41.004513 -37.612858 -39.664666 -43.266332 -34.396584 -30.687190 -35.643528 -36.570681 -42.861944 -42.570879 -39.219121 -41.584398 
-35.461952 -37.893435 -42.209681 -32.135316 -37.692011 -35.589716 -38.491481 -30.470936 -33.662534 -40.672567 -30.184706 -41.266538 -36.181804 -43.461016 -42.712704 -36.229690 -39.124801 -40.009024 
-33.314635 -35.687374 -32.431753 -43.601056 -41.938049 -31.006964 -41.794653 -41.898370 -31.717007 -35.454913 -38.697633 -39.605529 -33.255052 -32.315100 
-37.136635 -41.234632 -36.355289 -38.260019 -38.518300 -40.060877 -43.398848 -39.808544 -38.152883 -37.686588 -43.497242 -32.667415 -32.876904 -39.328068 -43.436867 -38.560751 -30.202357 -38.208823 -38.658144 -33.293031 -43.272521 -42.865346 -31.731168 -34.735018 -40.200814 -39.307994 -29.828670 -35.621531 -37.231735 -42.709199 
-30.031467 -40.992080 -33.847574 -39.613278 -39.238115 -37.739907 -30.086084 -30.714293 -36.515947 -36.543775 -35.003106 -42.130516 -35.053708 -38.426693 -33.456879 -43.306102 -42.946724 -42.410652 -31.698314 -37.541563 -37.364275 -31.826758 
-35.087552 -40.580756 -39.487917 -38.150170 -35.676898 -31.693671 -42.716928 -31.323109 -38.787152 -40.185055 -36.354333 -38.248906 -37.861540 -40.019014 -35.518446 -43.351806 -37.698422 -33.047023 -41.090876 -37.356264 -35.670334 -34.319871 -36.388316 -39.983269 -33.634732 -36.730450 -38.901864 -35.109816 -41.982478 
-41.870093 -32.014874 -36.807212 -33.055020 -30.686864 -42.174303 -40.013694 -36.089925 -40.122331 -36.401235 -38.791445 -41.824448 -42.549639 -37.228305 -40.550725 -39.090264 -41.282665 -43.715876 
-41.848146 -29.905543 -37.040110 -42.218582 -37.513591 -43.064137 -32.406727 -43.368985 -40.333917 -32.903936 -40.386270 -40.627324 -39.408018 -40.891401 -42.217910 -41.670955 -41.951586 -37.679088 -38.345095 -38.602426 -41.316387 -40.133702 
-43.556460 -42.313019 -34.389052 -37.698540 -43.102892 -33.838119 -40.451362 -39.348821 -31.569423 -38.871830 -38.574261 -33.947465 -31.746055 -30.934662 -40.200939 -38.967357 -42.701902 -42.431626 -33.842907 -38.231393 -42.496342 -38.264186 
-41.768253 -34.182718 -41.696639 -41.939773 -34.534544 -37.999687 -35.262802 -43.507882 -34.112685 -32.240366 -41.090807 -38.882698 -38.987438 -39.618535 -32.578236 -40.935757 -38.252586 -43.662312 -31.202807 -40.863710 -39.559931 -38.829051 -42.937141 -41.229428 -37.982673 -37.634797 -30.471031 -34.089636 -40.675177 -40.136296 -37.272087 -39.549387 -43.029370 
-32.286389 -33.156204 -35.506099 -30.621331 -37.964320 -43.153423 -42.002310 -39.172176 -38.724379 -37.454002 -42.652023 -36.152870 -40.580114 -30.452359 -43.260352 -39.129279 
-43.232154 -30.409372 -31.581395 -35.202613 -33.312342 -40.114184 -43.304395 -43.447610 -42.082443 -38.772295 -40.299488 -41.095050 -42.771903 -43.173003 
-30.128521 -35.908065 -31.250725 -35.872483 -39.020923 -43.013137 -41.138168 -31.848515 -40.251477 -41.399707 -41.312794 -33.566413 -39.212300 -42.337024 -35.725900 -33.008807 -40.939400 -42.066999 -39.463179 -36.974746 -41.231748 -43.227936 -30.844000 -41.703960 -40.470725 
-30.403614 -35.546422 -38.827997 -36.736373 -38.432625 -37.648673 -30.072582 -33.725014 -35.490177 -39.747979 -43.015415 -42.174327 -41.525885 -32.106852 -42.969339 -42.474361 -38.639721 -39.687062 
-40.958382 -37.202304 -43.562553 -35.585070 -41.273280 -39.152358 -39.557726 -40.304013 -34.814667 -31.641141 -29.914205 -33.618603 -33.725852 -42.530152 -43.338106 -34.413931 -40.261989 -36.510865 -36.960240 
-42.771573 -39.932023 -40.024867 -34.127308 -31.382981 -36.436671 -41.817337 -32.477190 -33.066488 -35.439910 -31.142358 -33.444298 -36.891485 -40.584595 -41.472859 -42.168576 -33.905783 -35.972376 -42.789782 -41.327150 -32.950112 -39.429447 -40.625793 -32.168406 -41.380396 -36.676444 -39.070052 -38.679511 -36.780902 -42.483801 
-41.511935 -41.564961 -41.488783 -34.766896 -40.933814 -30.191760 -32.041213 -33.114599 -34.328651 -31.490081 -37.577045 -38.758182 -33.987220 -43.097223 -43.421575 -40.458879 -43.276874 -39.576951 -34.529182 -43.082622 -40.938409 -33.550918 -42.359230 -40.552712 -32.190183 -42.660043 -41.246401 
-35.828623 -35.717064 -37.941336 -41.053938 -42.671112 -37.317791 -39.611582 -39.342129 -34.089407 -31.672684 -35.861637 -39.234407 -39.612834 -34.079787 -32.883030 -30.759104 -39.394103 -36.574894 -33.357139 -34.361665 -42.989665 -43.650580 -36.561761 -38.194352 -42.889816 -38.064215 -39.388033 -34.615803 -37.198524 -42.034868 -41.607638 -39.966666 -41.035744 -37.622107 -42.410158 
-33.879170 -30.475661 -42.314731 -35.852634 -33.994163 -38.293547 -41.715677 -42.110976 -37.160615 -32.952418 -32.560252 -34.368771 -41.584938 -43.024636 -38.044967 -42.919010 -40.452414 -40.931930 
-35.746114 -37.005586 -32.947508 -30.118732 -41.728081 -32.415485 -40.666808 -34.327828 -38.583439 -39.688468 -36.080833 -38.123302 -41.809913 -35.545358 -43.522850 -40.104064 -40.227288 -41.793609 -36.133119 -38.616920 -36.462944 -39.698146 -30.245606 -37.895271 -39.003498 -38.993914 -41.729635 -36.262560 -34.993417 
-42.810473 -41.749312 -32.410496 -37.097325 -30.374298 -29.998871 -32.733595 -40.669031 -38.286474 -42.902510 -41.844748 -35.307019 -43.561549 -35.880358 -30.243447 -37.950799 -40.919242 -35.505660 -38.725867 -40.085080 -30.347518 -36.108869 -33.182540 -30.392855 -43.316849 -42.511719 -38.407416 
-41.747491 -38.724195 -31.684235 -29.938079 -32.808144 -38.862242 -41.672768 -39.832849 -43.580055 -37.054063 -40.259449 -37.548801 -42.011155 -40.892769 -42.063383 -39.838086 -41.516385 -39.375013 -38.504162 -37.623223 
-41.182576 -35.622442 -42.535656 -42.296103 -42.520955 -38.040916 -37.805783 -37.234762 -41.133350 -32.707796 -40.689149 -36.663420 -35.615986 -31.397320 -43.505742 -40.044958 -41.997923 -35.846050 -31.765568 -41.276748 -42.656576 -40.590897 -30.000039 -42.185983 
-39.318133 -31.103698 -31.373361 -37.390986 -34.969820 -33.648836 -33.233097 -43.435611 -32.661098 -30.824012 -32.115715 -35.081292 -40.620844 -29.942581 -39.198934 -42.279021 -39.581678 -39.125827 
-39.093859 -43.076941 -42.460205 -42.599661 -30.245213 -32.626021 -33.065381 -33.670249 -41.061354 -41.016231 -36.935793 -35.725628 -40.785259 -38.161388 -30.040992 -29.861128 -41.437341 -39.923753 -41.423609 -35.600000 -33.647881 -32.014041 -41.751500 -41.969285 -35.782895 -34.730922 -43.022965 -36.376833 -42.320521 -37.957647 -42.295853 -37.859274 -43.052751 -30.093198 -42.732130 
-42.223932 -39.444787 -42.770933 -39.859417 -42.759387 -30.823960 -38.276396 -41.344909 -37.317050 -35.668786 -37.738450 -32.886381 -31.376151 -37.198414 -42.018469 -38.742020 -41.889937 -39.090731 
-33.672395 -41.874321 -30.263329 -36.416508 -38.086942 -36.821144 -37.544544 -36.232379 -37.324874 -39.011220 -42.375653 -42.600967 -40.015469 -30.085519 -42.914374 -38.190390 -40.467892 -31.557384 -33.365041 -30.248963 
-37.748639 -43.012948 -30.623595 -37.830452 -37.369494 -43.474354 -32.000616 -42.960387 -42.590952 -40.260354 -33.384880 -35.822068 -43.142443 -39.066628 -39.569002 -42.550004 -38.592774 -42.898407 -37.797086 -32.563740 -32.343170 -43.465681 -41.831705 -39.299634 -35.796828 -39.650017 -41.548460 
-32.256189 -36.953252 -36.899295 -40.276370 -40.993740 -36.052553 -32.349102 -30.643220 -43.148062 -39.581217 -36.490883 -41.701543 -38.095030 
-41.176279 -40.009806 -42.794983 -30.852580 -42.596852 -32.278286 -43.547758 -39.497042 -31.808450 -34.739281 -39.216951 -41.364018 -36.253738 -43.300253 -37.972554 -39.239039 -36.906480 -42.216971 -43.343452 -36.778495 -38.715092 -32.492367 -35.598090 -40.704025 -43.547028 -34.840400 -41.015762 -41.587833 -36.499408 
-34.208811 -41.880564 -31.402188 -42.414453 -42.783834 -33.340427 -43.673592 -33.717002 -39.698553 -30.898189 -31.262111 -40.502548 -42.503184 -39.555300 -40.420113 
-43.376257 -36.566332 -31.479106 -37.889547 -31.610204 -31.016799 -41.934352 -30.895858 -40.963195 -32.206405 -37.409860 -40.259538 -43.302264 -43.222184 -31.168351 -37.280968 -38.873953 -39.170736 -39.734660 
-30.476524 -38.767067 -40.708296 -35.458340 -37.162221 -33.931847 -39.646974 -37.129122 -40.254591 -41.917172 -36.496586 -35.234612 -39.507849 -43.546756 -39.282814 -41.234694 -34.774075 -31.709441 -38.204562 -41.621131 -36.893660 -43.410501 -43.249960 
-39.150841 -33.944432 -33.382127 -37.278665 -43.693338 -41.012920 -40.940220 -31.553250 -40.396884 -36.708222 -40.831948 -30.899184 -37.903685 -31.802588 -38.862006 -35.932075 -34.444375 -34.387113 -33.292184 -35.923056 -41.463193 -41.454025 -41.136915 
-40.052823 -43.596600 -41.176181 -37.518584 -34.296305 -38.193923 -31.062954 -39.105294 -37.337489 -40.552900 -30.498254 -37.419515 -41.938339 -38.776765 -39.116197 -35.216730 -42.520763 -42.072756 -41.919357 -36.704111 -37.535230 -40.665381 -38.472467 -38.165688 -40.523256 -31.520863 -37.286560 -36.984677 -31.185689 -37.507103 
-32.339125 -40.978632 -38.480814 -33.610495 -36.093369 -38.544065 -33.931556 -32.412143 -35.096906 -31.895843 -34.241971 -30.084250 -42.051094 -36.485724 -39.511976 -41.208576 -30.506037 -37.831158 
-41.718822 -41.200852 -33.693651 -43.400232 -39.920353 -31.705714 -37.152161 -43.235705 -37.032881 -37.744466 -34.531457 -30.624851 -33.398430 -40.167993 -42.048084 -38.987016 -36.490993 -42.819401 -34.586235 -32.505971 -37.419457 -40.667058 -41.713954 -37.253527 -30.169743 
-38.705395 -43.062899 -33.837759 -39.939893 -31.897450 -31.582441 -38.186401 -30.358685 -36.225336 -33.516962 -35.452170 -40.709662 -42.876691 -31.970807 -30.927720 -37.915231 -41.824496 -39.589683 -31.275172 -34.446093 
-33.813781 -32.528470 -35.245534 -38.828329 -34.740143 -38.405101 -30.572356 -33.046235 -41.576712 -38.160962 -37.353638 -39.937721 -41.036528 -39.024609 -31.534057 -37.572708 -42.096700 -39.374477 
-43.179893 -40.922513 -30.994900 -39.765801 -31.831397 -42.553350 -37.807181 -40.273406 -32.938086 -37.453432 -42.359037 -35.360959 -30.347684 -29.949982 -38.756896 -41.911618 -43.246875 
-39.366372 -31.852390 -43.037134 -35.757749 -33.708182 -31.981111 -39.484576 -41.578089 -40.379450 -41.708811 -42.067058 -34.141109 -35.640981 -42.140425 -37.419184 -37.335074 -29.992859 -40.402986 -41.694703 -35.442845 -41.733267 -41.391332 -39.981586 -40.795455 -38.054868 -41.710659 -39.634205 -36.923794 -40.752243 -37.120804 
-38.201452 -35.892333 -33.057589 -37.841285 -38.780293 -42.811148 -38.607508 -32.317007 -30.346608 -41.953646 -33.271156 -40.997672 -30.117758 -37.673452 -38.442137 -36.383157 -35.575823 -40.711118 -41.231854 -38.298508 
-33.269838 -32.213218 -32.898129 -30.069292 -40.815265 -35.576972 -39.921810 -42.892518 -39.106166 -37.669639 -41.793235 -39.186539 -41.043098 -38.940914 -42.493509 -40.531940 -42.558812 -38.764655 -41.601956 -40.850207 -38.334325 -38.671919 -41.607082 -38.894640 -37.545873 -40.674057 -41.585923 -39.570431 -40.071433 
-42.237656 -30.805349 -35.243306 -43.112665 -34.487128 -30.062732 -31.076275 -38.890216 -40.580364 -38.285947 -42.769263 -40.183226 -39.633113 -42.945017 -41.493780 -35.511537 -30.167129 -39.031361 -37.958361 -40.499704 -42.975935 -41.208748 
-40.261159 -39.278128 -39.778386 -33.401653 -30.453457 -31.882366 -35.813575 -41.141242 -38.224972 -43.083692 -39.090401 -29.900942 
-36.880615 -34.154160 -34.909840 -33.191242 -39.929748 -32.360058 -35.004462 -43.431003 -35.258155 -34.952309 -40.071136 -42.734392 -30.056972 -39.761729 -33.769439 -37.110870 -31.316790 -40.847960 -29.874820 -36.042540 -36.252540 -40.317279 -42.645157 -39.428577 -40.135961 -40.333225 
-33.442801 -39.162201 -38.185728 -43.073200 -35.646401 -33.326265 -30.886393 -39.325115 -36.127297 -30.775605 -32.790831 -31.273674 -35.643033 -38.452935 -32.959098 -37.197467 -39.515557 -37.097524 -31.260003 -35.248770 -34.426976 -39.315621 -39.159738 -34.553540 -37.904607 -40.991549 -41.317703 -43.567174 -42.722707 
-33.815731 -43.665020 -41.009898 -33.945657 -33.678304 -32.425677 -39.065432 -41.177284 -38.786345 -32.964251 -39.269256 -33.042072 -35.234955 -39.880543 -40.272031 -39.020200 -32.326779 -40.059791 -30.309777 -37.774919 -33.825995 -30.163119 -42.483816 
-31.967719 -33.435899 -43.194802 -37.990532 -41.538090 -29.963570 -31.095484 -39.334887 -35.768920 -41.084440 -42.164925 -33.089023 -36.570370 -42.415712 -32.168692 -40.227806 -36.706628 
-35.636268 -33.991127 -39.857277 -31.786958 -38.902104 -41.458149 -39.048690 -38.043479 -41.567627 -41.953338 -37.901398 -37.748098 -34.281294 -31.190286 -30.394300 -30.420736 -38.036805 -42.051245 -37.174127 -40.759651 -38.507197 -38.165498 
-39.668992 -33.642652 -42.875013 -31.551088 -38.865547 -39.888695 -35.273942 -42.781443 -40.588782 -39.276642 -40.668645 -31.933867 -36.316714 -41.856220 -39.458327 -32.729460 -36.402081 -33.571936 -37.341903 -42.395411 -42.272570 -31.953089 -41.799476 -38.229997 
-33.137498 -32.422288 -38.373769 -38.472136 -36.382990 -29.873737 -34.605444 -43.763863 -33.734953 -36.240093 -36.005363 -42.624508 -41.478905 -41.176717 -41.260979 -40.884350 -32.608694 -40.407743 -38.963718 -39.472516 -41.801808 
-35.515514 -37.106026 -32.007927 -38.136160 -36.359938 -30.505316 -35.677279 -39.839702 -41.276026 -39.429723 -37.162557 -32.120257 -40.459681 -36.096574 -30.184156 -38.491170 -42.616812 -34.935771 -39.927767 -31.521022 -40.475379 -41.989598 -33.556790 -31.511133 -36.153214 -34.936556 -38.588179 -37.686550 -39.615170 -39.745545 -42.991360 -34.991130 -36.346997 -37.219272 -40.720830 -42.729571 -30.799899 -39.443175 -36.614493 -38.239645 -40.379770 -36.543949 -37.940963 -31.894326 
-36.128201 -36.118924 -34.965641 -31.674049 -39.965763 -34.826049 -38.560664 -35.181179 -33.447847 -38.893134 -36.736849 -42.193162 -32.125775 -39.079359 -30.545160 -34.693941 -39.749644 -42.895761 -36.993482 -36.724746 -36.022545 -36.312666 -33.061121 -42.094643 -37.574601 -30.090214 -39.037399 -35.016371 -40.179496 
-38.329815 -30.219320 -31.606350 -37.740691 -37.386640 -36.584582 -43.441014 -30.342758 -40.603507 -32.389957 -37.380626 -37.855207 -41.453906 -37.245717 -34.495712 -40.076073 -34.366118 -43.084355 -32.448960 -31.464187 -38.447912 -31.814810 -34.488677 -36.427034 
-30.297186 -30.814183 -35.485326 -32.943510 -39.528222 -40.396311 -41.865696 -38.719385 -37.475921 -42.892312 -34.203379 -32.455205 -43.167402 -40.964966 -36.954251 -39.429521 -38.846047 -39.401317 -42.534930 -39.195954 -33.334112 -33.442732 
-30.565231 -35.772468 -41.961345 -35.571974 -37.638914 -31.857966 -38.252908 -33.373948 -38.697653 -34.475468 -33.735347 -39.819993 -37.354128 
-30.296609 -41.897839 -42.834443 -31.422483 -42.463337 -32.554376 -43.147136 -36.194406 -37.835010 -40.915453 -32.271890 -42.031116 -40.124947 -41.664360 -37.925416 -36.937557 
-35.585921 -30.867240 -36.787037 -42.337375 -31.799847 -35.181064 -39.739685 -40.191405 -42.573473 -33.285095 -40.546385 -35.681223 -38.955985 -43.489182 -38.613258 -41.679643 -41.168049 -31.348270 
-33.381228 -43.086970 -43.779310 -40.539839 -35.539055 -30.161418 -32.113500 -30.735710 -35.626717 -32.518754 -33.416734 -42.992360 -31.419074 -37.229993 -39.470324 -40.849453 -37.807586 -38.407501 -40.097121 -37.604409 -37.504375 -42.138328 -36.630223 -40.478350 -43.715316 -36.274725 -32.193181 -41.852379 -43.317344 
-36.974961 -41.907738 -39.408223 -35.376059 -37.144918 -34.134813 -42.746822 -35.699662 -42.508322 -39.820625 -42.855481 -42.023871 -31.666457 -38.494499 -31.325620 -30.735595 -33.590556 -33.652465 -36.883178 -34.409911 -37.525640 -33.779200 -40.796997 -39.756626 -36.528268 -34.935320 -37.867605 -42.431492 -37.644509 -35.799327 -41.406096 -38.628576 -34.238454 -33.720288 -39.076703 -43.181101 -36.878423 -38.705842 -39.857589 -41.108986 -38.415934 -38.370681 -37.366349 
-41.430174 -32.101978 -42.079377 -40.266803 -41.459345 -36.002257 -31.510478 -38.595018 -43.427813 -38.311749 -31.852791 -35.534808 -42.230674 -33.159050 -38.320955 -35.749360 -30.533082 -29.987694 -30.394889 -38.181169 -40.011171 -40.501900 -38.912032 -43.456009 -39.870572 -39.647573 -41.403273 -41.195341 
-40.273326 -41.370778 -43.254001 -43.232514 -40.565769 -42.779229 -34.688167 -31.868469 -39.043684 -42.185323 -31.123028 -40.497582 -39.940324 -40.253481 -33.512529 -37.930462 -38.763076 
-38.986853 -42.673608 -38.287282 -36.208281 -31.328248 -33.135289 -32.392982 -39.524642 -36.544869 -39.079443 -34.816276 -30.985054 -42.810025 -35.980219 -38.336778 -38.200676 -43.572472 -42.652413 -41.265092 -39.446607 -34.786590 -30.020041 
-40.654154 -39.531388 -30.778975 -43.504867 -39.680262 -42.088727 -38.148091 -43.662537 -37.499603 -30.062788 -33.577894 -33.036735 -34.932276 -32.101499 -39.661380 -42.312503 -34.745500 -33.301611 -42.329907 -41.847199 -41.369729 -42.462415 -36.287173 -37.184940 -35.718628 -30.565979 -39.353572 -43.004515 -40.901690 
-36.781640 -42.724669 -39.612866 -30.115512 -42.804942 -39.811889 -42.525085 -41.174894 -38.811366 -43.264036 -42.373777 -32.825318 -43.356836 -36.836499 -36.586173 -42.570443 -37.772850 -42.887133 -36.089650 -42.708302 -39.125873 -37.330628 -32.077133 -38.284141 -37.770293 -39.668264 -36.723041 -41.395798 -36.687785 -37.089137 -38.596495 -41.963989 -43.246143 -43.668675 -39.132837 -31.041573 -42.139631 -42.055722 
-37.356894 -37.656728 -42.597148 -37.784818 -35.728159 -31.385948 -40.805103 -42.710885 -35.757985 -38.834706 -30.988602 -34.499414 -40.766656 -37.966284 -40.325784 -42.987666 -42.662385 -35.215400 -40.574841 -39.014128 -36.380516 
-42.525042 -35.654762 -43.226270 -35.738623 -43.043276 -39.861902 -38.578364 -31.140918 -30.350813 -33.058550 -42.862295 -37.885235 -43.088451 -40.272492 -41.038803 -41.259260 -31.386042 
-32.087211 -34.639738 -30.771173 -31.086682 -39.549008 -34.537830 -37.416508 -37.975508 -42.648594 -41.798554 -40.774105 -30.835029 -36.838416 -42.791194 -41.958199 -42.495526 -40.330600 
-39.817811 -30.158593 -33.991467 -38.671501 -36.126093 -31.748523 -41.528411 -41.227688 -38.341657 -43.102450 -39.722829 -43.327708 
-36.237876 -36.782037 -35.694395 -35.610081 -39.158893 -30.506264 -37.113426 -42.306297 -31.192557 -34.920577 -42.939645 -36.999104 -29.947469 -32.363888 -36.817485 -37.139397 -35.868907 -36.875380 -42.550756 -39.299540 -41.031542 
-38.019576 -32.140281 -40.175456 -43.247726 -30.869481 -40.900214 -34.192916 -37.250364 -34.384931 -42.761333 -38.000838 -36.465060 -38.548370 -31.584379 -34.350535 -35.218926 -37.159425 -34.043420 -40.650077 -31.056990 
-38.705551 -35.563061 -40.760985 -36.711802 -34.452700 -30.484354 -42.277447 -41.731427 -42.276968 -34.731959 -38.813313 -38.137429 -31.209063 -37.399415 -41.303854 -42.526646 -36.333162 -30.329378 
-36.402349 -33.639415 -41.751985 -36.010432 -36.658332 -40.691594 -42.771554 -35.715001 -40.363650 -40.396803 -35.959195 -40.276057 -30.011913 -33.296417 -32.136803 -40.004089 -39.330443 -37.320963 -43.150409 -43.233378 
-42.008251 -32.327589 -41.076385 -31.487283 -37.152080 -38.049932 -42.457739 -31.183299 -42.633411 -41.804231 -41.558114 -35.579133 -41.461567 -39.200242 -42.434162 -40.712782 -37.086859 -39.539103 -39.014445 -43.337349 -43.504960 -37.614021 -42.380515 -32.667409 -32.178577 -40.181505 
-42.171452 -31.331920 -32.282073 -37.117553 -42.368585 -42.429236 -41.012597 -36.711142 -37.679972 -36.081525 -36.917319 -38.977916 -42.588128 -38.946216 -39.143030 -41.075445 -32.206343 -42.630115 -30.045206 -37.301828 -43.404771 -41.637494 -36.204235 -41.109328 -32.800887 -38.045041 -40.276860 -37.137060 -31.632489 -36.874883 -43.109269 -40.392507 -33.064392 -34.556165 -42.728672 -38.942027 -38.986466 -36.900040 -43.273365 -33.095289 -41.046206 
-42.951250 -30.470499 -42.686563 -32.563920 -39.755781 -40.757848 -33.161316 -35.965438 -36.775478 -31.776902 -42.567740 -39.544181 -32.697626 -30.081131 -37.775228 -41.941189 -35.040253 
-30.009161 -35.011419 -39.820325 -43.673571 -35.950196 -39.342889 -31.437057 -38.572233 -36.634929 -30.181747 -42.294292 -38.709172 -33.680820 -30.284151 -40.304290 
-33.780779 -40.835920 -39.030564 -35.035832 -42.208304 -36.283947 -37.734044 -42.061149 -38.482462 -40.629551 -39.891402 -42.459445 -42.785312 -30.881746 -41.953216 -38.149830 -31.750967 -35.764383 -37.932594 -42.852183 -42.432696 -30.924520 -33.436024 
-33.142001 -43.261613 -36.914194 -41.583367 -32.824330 -40.739408 -41.424157 -41.219045 -40.110739 -33.502152 -38.481859 -39.678513 -42.312002 -35.238076 -39.083157 -42.495676 -42.567359 -31.005919 -40.245000 -43.447739 -31.194653 -43.680278 -39.463914 -29.892444 -38.938286 -37.085587 -40.283487 -38.179514 -41.281232 -36.808776 -37.192641 -40.410015 -42.537643 -38.677098 -41.809087 -34.260853 -37.172065 -33.345198 
-33.917904 -36.645592 -37.312622 -42.679114 -34.554289 -39.645459 -42.794441 -30.524452 -31.299025 -32.111377 -40.050005 -31.214206 
-39.074755 -39.289401 -40.901437 -36.161052 -31.672689 -41.328546 -32.305290 -31.106325 -31.132072 -41.917650 -40.233855 -37.452738 -31.229303 -32.876370 -42.419871 -42.697459 -39.220470 -31.827381 -39.306820 -37.604723 -43.199655 
-31.811529 -38.581691 -30.800168 -37.152194 -38.865191 -38.168876 -33.647380 -30.397069 -42.785824 -37.001253 -34.799813 -42.267581 -33.778350 -37.297563 -39.483341 -38.500172 -41.985337 -36.640009 -41.607556 -40.629559 -41.356868 -42.473960 -38.271645 -40.958798 -31.692696 
-32.017527 -40.044058 -41.710470 -33.599270 -36.361990 -35.894157 -39.017947 -40.058281 -36.298593 -41.696051 -41.862856 -30.609271 -38.446610 -38.788655 -39.188832 
-42.895726 -41.347867 -38.568176 -38.140142 -43.012809 -39.321244 -39.658925 -32.515311 -37.420987 -40.824644 -33.503410 -37.983893 -32.800519 -38.128348 -39.111856 -41.321288 -37.640205 -35.797335 -39.647387 -36.160290 -30.559266 -32.556736 -39.170171 -39.627525 -41.984762 -35.394962 -38.151144 -30.070120 
-36.582489 -39.140912 -43.159336 -32.554881 -41.720398 -35.576749 -39.180827 -31.633752 -42.426391 -36.197846 -30.979813 -37.322134 
-30.808736 -41.413493 -35.819380 -39.104785 -40.629163 -35.831806 -39.760729 -38.361902 -33.355251 -43.428713 -43.410950 -35.781665 -34.972364 -42.879783 -36.837699 -30.860431 
-37.161254 -33.457523 -42.631364 -42.052669 -33.762887 -32.926441 -38.813238 -40.033162 -38.774137 -32.378518 -37.816396 -31.839553 -35.131787 -41.605381 -34.607458 -34.995774 -40.597855 -40.476774 -43.060284 -33.745221 -40.095696 -30.662596 -36.944154 -39.117296 -39.370274 -40.333459 -30.392040 -40.823269 
-35.908842 -32.447361 -38.220010 -30.670184 -42.307562 -37.338854 -33.242850 -35.115394 -42.784601 -30.449766 -39.940856 -33.933624 -37.137490 -33.772643 -37.345736 -35.622743 -36.664372 -35.914070 -34.727508 -30.077741 -39.669070 -32.162977 -36.473817 -30.287722 -41.537817 -30.104220 
-40.441306 -30.628991 -41.071687 -39.154086 -39.199414 -33.613125 -42.447640 -34.061504 -35.892646 -31.917840 -35.303910 -39.384360 -36.841485 -30.134627 -35.331518 -37.625604 -39.750181 -38.931814 
-33.662717 -43.233800 -36.641465 -33.339589 -41.446379 -42.583610 -31.538437 -30.478170 -37.549702 -33.669238 -37.049311 -43.635651 -43.651427 -31.444180 -38.571212 -42.792011 -43.600186 -40.940239 -35.406425 -38.388420 -31.869405 -39.846033 -38.803971 -41.199922 
-37.894594 -33.542027 -38.479031 -31.233730 -35.326374 -31.150147 -42.489632 -36.049448 -42.344494 -34.516928 -42.756176 -35.262322 -34.391517 -42.325395 -36.137706 -43.396429 -43.065601 -36.934719 -38.545490 -41.072426 
-31.840180 -41.716116 -41.004630 -42.458821 -41.691567 -40.226858 -40.784220 -33.521447 -34.502583 -39.421915 -39.439169 -31.823998 -41.799494 -42.847669 -39.545890 -42.004008 -39.931222 -32.345542 -40.732161 -39.879140 -32.848910 -37.850018 -40.307306 -38.191927 -30.869685 
-32.195461 -40.039794 -39.389137 -42.394146 -35.764692 -32.582662 -39.095809 -41.938029 -36.475634 -30.343992 -39.546286 
-37.145854 -36.311812 -34.902907 -38.291470 -30.588086 -30.455524 -33.400218 -37.084226 -31.830597 -35.981282 -43.427815 -39.379255 -37.212201 -37.095813 -42.406624 -41.776087 -42.920752 -42.077712 -35.299460 -43.421535 -38.204675 -36.886479 -30.191871 -31.525809 -39.617671 -36.882512 
-31.182903 -33.985533 -42.096863 -34.934887 -43.084136 -34.512211 -42.935378 -35.841291 -38.107599 -33.216365 -42.571210 -32.754024 -31.268575 -34.514138 -33.318701 -35.252650 -37.116406 -43.294007 -39.625405 -36.345413 -36.715091 -41.955547 
-33.680653 -31.234940 -33.064814 -40.230840 -39.251016 -37.044472 -36.705811 -39.207680 -31.790680 -39.846074 -34.382670 -30.756543 -38.689302 -31.671607 -37.938796 -37.557342 -42.123376 -39.510744 -43.608970 
-33.558637 -39.360533 -38.511105 -35.984207 -34.392609 -36.715914 -38.861878 -41.158549 -34.702841 -33.586450 -41.502555 -34.458947 -30.484987 -36.206295 -36.688092 -31.089256 -37.508151 -36.136212 -31.384627 -37.670500 -41.963054 -39.474601 -41.761333 -36.126681 -40.929990 -34.714333 
-34.528505 -38.777592 -31.851166 -38.153806 -36.983642 -41.397258 -43.371958 -33.348503 -39.207448 -40.933391 -43.121785 -42.882205 -37.103952 -39.656617 -36.454622 -43.653266 -30.601702 -32.203307 -38.257967 -42.294501 -42.447976 -41.852262 -38.384214 -42.679703 -36.499096 
-38.809410 -39.745545 -42.566090 -38.391730 -36.330513 -33.471808 -40.994191 -39.623519 -36.165359 -31.780817 -37.642574 -42.201253 -43.294713 -38.881060 -39.879617 -30.661552 -36.783387 -37.032806 -43.230151 
-34.058406 -31.033857 -32.171166 -32.180527 -42.065144 -30.009587 -31.056150 -35.453449 -41.343384 -30.443804 -40.533404 -39.804664 -38.656057 -41.430591 
-42.107680 -31.101053 -42.894766 -39.020423 -31.593475 -35.711036 -30.247814 -30.534029 -42.169688 -37.844017 -32.488897 -37.092664 -32.921433 -42.872890 -40.755164 -43.182646 -39.287497 -36.920324 
-40.675238 -34.766327 -40.689266 -31.484806 -31.661163 -36.808191 -41.098372 -35.963662 -39.722391 -40.388710 -41.525535 -31.370427 -33.199914 -31.957944 -33.196353 -43.163201 -30.197177 -33.571262 -34.393774 -35.926122 -37.914005 -42.003173 -39.426713 -42.844791 -43.166752 
-35.745968 -34.631362 -31.139429 -30.882936 -39.878618 -41.736557 -38.382231 -35.041614 -40.840149 -40.076710 -35.817686 -42.515202 -37.266030 -40.319435 -37.804446 -42.550564 -38.093675 -43.523420 -37.213826 -39.246105 -37.695729 -38.016236 -42.504378 
-42.214851 -32.969961 -42.851430 -35.857448 -40.390428 -41.894214 -40.336339 -32.080975 -41.152235 -37.639800 -34.725460 -38.818344 -39.507351 -41.164019 -42.119743 -41.953982 -40.707414 -42.113375 -40.629299 -39.167690 -33.522720 -34.404234 -43.265698 -36.198358 -40.469849 -30.541077 -42.280893 -42.609524 -37.153320 -41.830609 -34.500271 -42.063132 -39.370428 -38.019424 
-31.417112 -38.663974 -31.181815 -35.533134 -35.391833 -34.282545 -38.457616 -38.198627 -40.705226 -43.203572 -36.757871 -43.306194 -39.006671 -38.309380 -42.550930 -34.507515 -38.897469 -37.344766 -30.206187 -41.435925 -40.126001 
-39.553908 -40.830826 -40.900824 -30.756848 -29.965358 -31.946083 -35.415777 -40.691367 -38.550125 -40.208298 -30.988045 -33.785582 -40.271890 -30.981983 -34.080879 -33.609385 -37.146285 -43.153202 -37.275527 -42.447878 -39.282319 -37.016302 -39.361567 -37.940315 -38.840049 -42.711929 
-32.385817 -36.323728 -38.516103 -37.458784 -42.081356 -30.384494 -40.282939 -39.627264 -41.203447 -41.916215 -41.141159 -32.327932 -42.896461 -41.230224 -38.165751 -39.037767 -38.468047 
-38.955858 -31.683124 -41.156325 -36.209875 -30.450189 -33.487215 -30.590566 -37.809181 -43.074947 -40.663851 -31.413626 -36.894131 -39.926836 -36.732365 -43.432099 
-37.127704 -43.125148 -39.985072 -30.099120 -34.685464 -32.459708 -32.836071 -38.642364 -37.333159 -32.449334 -41.472153 -33.026850 -41.462800 -33.613865 -33.360694 -35.432801 -43.185087 -37.938393 -38.956400 -39.482528 -35.624825 -42.912508 -37.377962 -30.066090 -43.730524 -35.976001 
-36.796664 -42.361040 -36.489699 -33.151368 -33.394659 -30.334469 -39.677516 -39.478047 -31.851076 -40.503712 -35.991027 -32.205490 -42.048436 -42.976047 -39.788441 -37.088391 -41.872829 -32.790736 -40.610887 
-31.332541 -43.281070 -40.457123 -33.204176 -43.334962 -38.069698 -34.309073 -31.708321 -35.206848 -42.533832 -42.563365 -38.292165 -42.490754 -31.621933 -35.607312 -37.906726 -41.888090 -42.616293 -37.093991 -32.814219 -39.223332 
-42.723283 -35.235708 -34.833415 -37.050486 -33.916785 -31.996179 -37.867596 -30.143682 -30.954574 -35.895274 -38.882219 -40.837945 -39.629963 -38.949454 -39.941917 
-31.370935 -39.620628 -31.101646 -34.189001 -31.710000 -34.686729 -34.872596 -41.200448 -43.210421 -41.962678 -37.596773 -40.076530 -38.802463 -37.770623 -40.974469 
-42.721954 -41.244164 -36.372741 -35.766918 -41.443158 -39.429177 -31.544509 -42.067564 -34.939126 -33.153320 -30.605932 -29.817456 -40.064687 -30.211059 -39.559043 -42.416313 -37.848623 -30.949788 
-30.005534 -38.484785 -34.062576 -32.624715 -30.956373 -43.566225 -30.592792 -41.619184 -31.693845 -32.545212 -35.155358 -43.121931 -41.320012 -36.782028 
-39.924073 -41.300402 -37.990684 -33.596907 -40.819692 -33.042895 -37.821446 -38.757580 -42.671771 -42.386818 -37.980847 -32.656669 -30.087173 -35.694606 -39.962125 -35.364098 -39.391439 -35.004511 
-38.281423 -43.252597 -32.923394 -38.322143 -42.585614 -30.226692 -42.964169 -36.134187 -43.338008 -39.297772 -31.987341 -40.579417 -41.996686 -30.570252 -37.176351 -42.237910 -40.631755 -40.772070 -36.843280 -30.003667 -40.563653 -41.551823 -39.439422 
-42.315754 -30.406341 -37.342205 -31.827787 -42.863048 -41.758946 -31.983936 -39.207407 -39.706279 -37.303965 -33.171245 -40.289144 -38.676201 -38.295430 -41.183835 -37.605140 -36.701173 -36.393888 -30.264076 -36.513677 -43.463456 -43.641851 -41.472722 
-34.737350 -31.384562 -41.087486 -38.937818 -30.694642 -37.418715 -30.343033 -36.481040 -41.929530 -42.953451 -33.911719 -37.230090 -38.921702 -41.643933 
-42.153840 -43.623822 -42.980138 -38.975015 -30.631923 -43.389262 -31.937990 -37.962448 -36.818685 -36.148778 -43.205274 -35.378694 -30.706450 -36.387796 -40.139184 -37.375676 -38.960982 -42.688096 -37.941837 -35.638849 -33.245133 -39.520604 -38.613220 -41.663779 -41.916209 -30.036475 -33.568857 -34.626159 -37.067999 -38.693955 -41.102546 -41.710323 -42.725211 -41.109316 -42.203925 
-33.725195 -43.639862 -37.388836 -40.934572 -33.188253 -43.112286 -35.818339 -36.347335 -43.461421 -41.787970 -32.516556 -31.721139 -43.428322 -30.223176 -38.286915 -39.687316 -33.004548 -42.773017 -38.477906 -31.420698 -41.871185 
-37.126479 -38.464494 -31.117106 -34.366431 -31.463466 -32.637979 -42.431283 -33.707839 -43.251084 -38.018130 -43.204891 -42.615210 -39.590876 -42.578707 -39.710028 -41.388490 -43.330419 
-41.965471 -32.381900 -31.208589 -42.387218 -37.077038 -42.890446 -30.851391 -31.032064 -35.669668 -41.399592 -36.816692 
-38.969079 -30.086996 -33.206939 -36.508131 -31.607557 -38.652647 -36.645663 -42.649766 -42.424017 -35.871385 -39.459140 -41.092057 -43.143711 -38.788318 -34.937382 -38.984797 -38.963046 
