0.000000 0.017898
0.000000 0.028788
0.000000 0.016943
0.000000 0.009234
0.000000 0.028062
0.000000 0.015421
0.000000 0.018622
0.000000 0.017585
0.000000 0.022386
0.000000 0.030296
0.000000 0.022689
0.000000 0.049413
0.000000 0.022083
0.000000 0.014495
0.000000 0.019653
0.000000 0.044906
0.000000 0.018437
0.000000 0.014194
0.000000 0.024654
0.000000 0.016821
0.000000 0.017818
0.000000 0.034366
0.000000 0.017007
0.000000 0.026595
0.000000 0.021290
0.000000 0.015750
0.000000 0.061075
0.000000 0.023788
0.000000 0.033297
0.000000 0.015848
0.000000 0.026089
0.000000 0.029141
0.000000 0.050969
0.000000 0.026422
0.000000 0.024098
0.000000 0.018896
0.000000 0.027405
0.000000 0.031587
0.000000 0.016015
0.000000 0.015994
0.000000 0.011577
0.000000 0.033816
0.000000 0.018242
0.000000 0.032148
0.000000 0.028204
0.000000 0.030854
0.000000 0.021662
0.000000 0.025886
0.000000 0.028574
0.000000 0.028264
0.000000 0.026510
0.000000 0.020824
0.000000 0.032048
0.000000 0.018768
0.000000 0.032205
0.000000 0.026422
0.000000 0.011669
0.000000 0.020015
0.000000 0.011146
0.000000 0.020526
0.000000 0.024388
0.000000 0.024211
0.000000 0.043260
0.000000 0.032367
0.000000 0.029462
0.000000 0.026266
0.000000 0.029525
0.000000 0.018857
0.000000 0.014107
0.000000 0.017190
0.000000 0.021378
0.000000 0.012550
0.000000 0.020777
0.000000 0.041808
0.000000 0.029841
0.000000 0.032609
0.000000 0.016591
0.000000 0.033631
0.000000 0.033290
0.000000 0.022246
0.000000 0.040529
0.000000 0.021707
0.000000 0.035004
0.000000 0.022355
0.000000 0.048664
0.000000 0.032284
0.000000 0.027262
0.000000 0.029673
0.000000 0.057810
0.000000 0.022113
0.000000 0.048745
0.000000 0.017910
0.000000 0.044808
0.000000 0.021209
0.000000 0.045965
0.000000 0.028360
0.000000 0.019004
0.000000 0.123297
0.000000 0.060375
0.000000 0.079579
0.000000 0.015303
0.000000 0.081619
0.000000 0.042217
0.000000 0.015659
0.000000 0.025398
0.000000 0.024416
0.000000 0.041649
0.000000 0.013992
0.000000 0.030471
0.000000 0.017400
0.000000 0.024936
0.000000 0.027186
0.000000 0.028774
0.000000 0.014959
0.000000 0.032495
0.000000 0.018657
0.000000 0.025032
0.000000 0.015852
0.000000 0.039348
0.000000 0.015202
0.000000 0.019775
0.000000 0.011688
0.000000 0.022691
0.000000 0.025030
0.000000 0.025560
0.000000 0.018438
0.000000 0.029019
0.000000 0.031167
0.000000 0.059217
0.000000 0.073420
0.000000 0.011676
0.000000 0.024398
0.000000 0.038593
0.000000 0.023443
0.000000 0.017186
0.000000 0.018216
0.000000 0.012956
0.000000 0.021792
0.000000 0.021291
0.000000 0.020727
0.000000 0.015356
0.000000 0.020700
0.000000 0.046795
0.000000 0.020557
0.000000 0.018038
0.000000 0.019188
0.000000 0.035170
0.000000 0.033582
0.000000 0.014239
0.000000 0.026131
0.000000 0.039306
0.000000 0.021973
0.000000 0.046659
0.000000 0.031642
0.000000 0.029978
0.000000 0.020213
0.000000 0.024027
0.000000 0.038285
0.000000 0.043810
0.000000 0.040258
0.000000 0.025549
0.000000 0.040249
0.000000 0.022133
0.000000 0.027420
0.000000 0.021566
0.000000 0.050199
0.000000 0.037322
0.000000 0.036673
0.000000 0.039745
0.000000 0.020222
0.000000 0.030686
0.000000 0.032636
0.000000 0.037222
0.000000 0.045101
0.000000 0.026710
0.000000 0.036610
0.000000 0.026975
0.000000 0.021237
0.000000 0.039256
0.000000 0.036057
0.000000 0.026983
0.000000 0.035413
0.000000 0.025304
0.000000 0.025336
0.000000 0.037989
0.000000 0.020478
0.000000 0.038806
0.000000 0.016828
0.000000 0.019170
0.000000 0.021418
0.000000 0.026580
0.000000 0.023980
0.000000 0.024731
0.000000 0.031951
0.000000 0.028765
0.000000 0.023521
0.000000 0.028652
0.000000 0.049483
0.000000 0.018684
0.000000 0.013987
0.000000 0.024637
0.000000 0.023175
0.000000 0.071072
0.000000 0.023230
0.000000 0.027538
0.000000 0.020144
0.000000 0.021050
0.000000 0.041990
0.000000 0.032913
0.000000 0.041426
0.000000 0.022735
0.000000 0.025588
0.000000 0.017001
0.000000 0.019272
0.000000 0.011916
0.000000 0.019704
0.000000 0.038113
0.000000 0.068638
0.000000 0.034109
0.000000 0.032350
0.000000 0.015596
0.000000 0.019515
0.000000 0.016030
0.000000 0.021634
0.000000 0.014838
0.000000 0.035585
0.000000 0.059100
0.000000 0.044182
0.000000 0.027359
0.000000 0.020209
0.000000 0.030831
0.000000 0.031146
0.000000 0.021392
0.000000 0.029478
0.000000 0.031849
0.000000 0.069733
0.000000 0.018849
0.000000 0.023960
0.000000 0.037166
0.000000 0.025650
0.000000 0.020568
0.000000 0.025609
0.000000 0.021132
0.000000 0.030428
0.000000 0.048187
0.000000 0.065996
0.000000 0.014608
0.000000 0.026319
0.000000 0.017233
0.000000 0.015263
0.000000 0.046668
0.000000 0.032474
0.000000 0.028952
0.000000 0.030693
0.000000 0.027213
0.000000 0.017393
0.000000 0.036354
0.000000 0.021443
0.000000 0.015011
0.000000 0.016248
0.000000 0.017293
0.000000 0.022843
0.000000 0.036308
0.000000 0.012323
0.000000 0.037456
0.000000 0.030056
0.000000 0.020022
0.000000 0.011964
0.000000 0.019711
0.000000 0.037361
0.000000 0.037758
0.000000 0.025299
0.000000 0.027025
0.000000 0.027181
0.000000 0.032903
0.000000 0.018592
0.000000 0.017408
0.000000 0.018215
0.000000 0.017691
0.000000 0.016970
0.000000 0.026227
0.000000 0.086093
0.000000 0.024359
0.000000 0.045677
0.000000 0.026039
0.000000 0.014889
0.000000 0.066150
0.000000 0.033234
0.000000 0.027488
0.000000 0.047789
0.000000 0.017970
0.000000 0.022311
0.000000 0.021159
0.000000 0.027706
0.000000 0.017046
0.000000 0.015663
0.000000 0.015827
0.000000 0.033017
0.000000 0.025012
0.000000 0.029680
0.000000 0.020230
0.000000 0.027048
0.000000 0.022980
0.000000 0.030051
0.000000 0.046161
0.000000 0.015064
0.000000 0.025138
0.000000 0.029203
0.000000 0.020814
0.000000 0.018021
0.000000 0.025527
0.000000 0.019003
0.000000 0.051836
0.000000 0.025474
0.000000 0.015656
0.000000 0.056664
0.000000 0.055608
0.000000 0.022339
0.000000 0.021889
0.000000 0.149120
0.000000 0.037769
0.000000 0.033517
0.000000 0.032298
0.000000 0.018825
0.000000 0.029167
0.000000 0.014447
0.000000 0.028291
0.000000 0.034321
0.000000 0.024840
0.000000 0.024459
0.000000 0.020040
0.000000 0.021786
0.000000 0.027296
0.000000 0.014627
0.000000 0.017483
0.000000 0.015672
0.000000 0.028561
0.000000 0.025872
0.000000 0.016755
0.000000 0.023637
0.000000 0.018186
0.000000 0.050927
0.000000 0.040352
0.000000 0.057498
0.000000 0.031487
0.000000 0.025063
0.000000 0.016123
0.000000 0.016069
0.000000 0.072566
0.000000 0.022564
0.000000 0.017183
0.000000 0.039356
0.000000 0.019883
0.000000 0.036501
0.000000 0.026578
0.000000 0.023489
0.000000 0.014711
0.000000 0.016216
0.000000 0.024243
0.000000 0.050861
0.000000 0.012938
0.000000 0.018854
0.000000 0.021242
0.000000 0.028550
0.000000 0.023367
0.000000 0.017420
0.000000 0.033524
0.000000 0.031152
0.000000 0.026320
0.000000 0.031826
0.000000 0.014987
0.000000 0.017474
0.000000 0.022699
0.000000 0.018606
0.000000 0.054426
0.000000 0.033631
0.000000 0.043589
0.000000 0.038630
0.000000 0.031694
0.000000 0.018173
0.000000 0.019314
0.000000 0.037439
0.000000 0.021802
0.000000 0.018297
0.000000 0.015227
0.000000 0.030288
0.000000 0.023683
0.000000 0.021835
0.000000 0.046309
0.000000 0.023393
0.000000 0.031413
0.000000 0.025148
0.000000 0.031614
0.000000 0.031741
0.000000 0.027796
0.000000 0.030058
0.000000 0.041995
0.000000 0.018403
0.000000 0.029389
0.000000 0.032350
