 1.922948  3.520015  7.691045  6.171964 11.240663 20.831362
 1.956133  3.342075  7.947463  5.828275 11.412322 18.844463
 1.798290  3.474102  8.354713  5.747363 11.625427 21.729911
 1.853592  3.448240  7.677303  6.612220 11.930817 20.354737
 1.634900  3.181511  7.786553  6.242391 12.419349 19.028518
 1.828256  3.729358  8.369778  6.464287 11.838945 19.405293
 1.857647  3.259330  8.334893  6.150364 12.095314 19.388276
 2.066632  3.358654  8.593829  6.483609 12.560358 21.253747
 2.098974  3.595207  7.712641  6.015600 13.171993 20.961879
 2.111031  3.115835  8.168379  6.229224 11.696658 21.379738
 1.775996  3.529269  7.902144  5.591173 12.758749 20.146908
 1.911962  3.617670  7.829509  6.264356 11.235658 20.145365
 2.119963  4.432362  8.842894  6.461129 11.849021 18.460178
 1.732284  3.191664  6.992024  5.887094 11.153012 18.811067
 1.844968  3.373972  7.425913  6.034722 12.030806 20.001878
 1.813256  3.140903  7.945146  5.507229 11.761302 18.833110
 1.860979  3.533686  7.706479  5.920989 11.487481 18.002411
 2.043457  3.509277  8.859142  6.842631 11.613325 22.094940
 1.894355  3.518893  8.775864  7.156701 13.472419 18.346906
 1.837903  3.450431  8.199707  6.218015 13.379802 19.305736
 1.701372  3.691430  7.788856  6.445592 11.747804 20.096806
 1.861328  3.262681  7.928653  5.976510 10.793631 20.251821
 1.844150  3.512732  8.068939  5.347783 11.467268 19.982381
 1.679384  3.012180  7.767815  6.197966 11.260253 19.717516
 2.051896  3.625961  7.969637  6.203921 11.817695 20.939889
 1.812431  3.717155  7.942892  5.423015 12.542792 21.505721
 1.775330  3.394975  7.862178  5.448736 12.070366 20.688966
 1.909056  3.521176  7.412454  5.781894 11.603345 21.703880
 1.722144  3.700742  7.605454  6.173583 10.759392 19.380904
 1.849890  3.289290  8.420484  5.925287 10.917054 20.576346
 2.087772  3.645214  7.473678  6.695543 12.893486 22.333760
 1.887921  3.449845  8.027635  5.791286 12.585516 22.035256
 1.644412  3.554677  8.261684  5.961691 11.618646 19.091095
 2.150971  3.877150  8.415931  7.054728 12.485313 21.337918
 1.667072  3.067372  7.209685  6.326922 11.117238 18.783924
 2.041447  3.489628  7.807965  5.895450 11.497827 18.615314
 1.879107  3.466207  6.658770  5.672867 11.644126 17.622408
 1.806762  3.035008  7.491647  6.257010 10.187100 20.590324
 1.854628  3.478747  7.794284  6.457090 11.666459 18.816315
 1.983306  3.129730  8.706027  6.293863 12.583675 20.737986
 1.765142  3.512366  7.833645  6.597853 11.727433 18.584069
 2.129504  3.625462  7.673776  6.574915 11.953576 19.537757
 2.030949  3.274744  7.962561  6.390374 11.438962 19.730283
 1.895007  3.187497  8.007756  6.126813 12.683374 16.957189
 1.781101  3.756428  8.380410  5.612192 12.937294 20.084177
 1.627765  3.350733  7.901822  5.956663 10.774043 22.030122
 1.852872  3.405925  7.869546  5.712717 11.433057 17.867162
 1.860168  3.769861  8.788627  6.654495 11.724043 20.942189
 2.140973  3.694180  8.001704  7.124945 12.616792 18.534983
 1.810672  3.712289  9.152920  5.947349 12.462379 20.525810
 1.944643  3.546923  8.890719  6.489687 12.557733 19.672267
 1.859163  3.641921  8.277591  6.352671 12.789167 23.565579
 1.801157  3.746417  8.205565  6.619674 11.475118 20.250141
 1.774478  3.705336  7.410117  6.575085 12.059578 18.897485
 1.928656  3.746232  8.928254  6.170935 12.771682 19.411287
 1.973909  3.281994  7.597853  6.173461 12.231978 20.176594
 1.738521  3.507425  7.885817  6.356961 11.586720 17.339268
 1.834184  3.417963  7.457544  6.180357 11.625410 18.370746
 1.902012  3.256918  8.002042  6.946110 11.982352 18.668662
 1.764485  3.622564  7.353817  6.115372 12.465368 20.827618
 1.762652  3.275126  8.414166  5.797789 11.011660 19.888579
 2.127332  3.450635  7.905408  6.543295 11.768542 18.789507
 1.931706  3.383872  7.131665  6.243862 14.465926 21.567879
 1.691521  3.154270  7.914512  6.007175 11.033776 19.527535
 1.864263  3.595891  7.235922  5.866536 11.429393 21.845302
 1.985784  3.262440  8.485066  6.690749 11.671496 19.098889
 2.056461  3.247310  7.429166  6.429993 11.535697 19.933573
 1.759038  3.542079  8.113123  5.786639 12.310122 20.539662
 1.845827  3.009181  7.808740  6.132240 10.617881 19.254086
 1.900499  3.386660  8.084256  6.561665 11.666299 19.325040
 1.866705  3.312478  7.745973  6.500568 12.546598 20.620432
 1.628245  3.240972  7.823663  5.742824 11.626127 18.636503
 1.798185  3.726778  7.642886  5.901875 11.299796 20.035211
 1.619507  3.351470  7.495550  5.580210 11.131176 21.791875
 1.756655  3.694194  7.817096  5.325001 11.996210 19.092580
 1.747490  3.235541  7.608172  5.418885 10.630414 19.353591
 1.907319  3.356673  8.099227  6.210450 12.140957 19.393666
 1.629969  3.482120  8.088313  6.270738 12.235145 17.784192
 2.006124  3.529070  8.246540  5.734499 12.748270 19.838447
 2.200000  3.665136  8.585930  5.899860 12.614386 22.064154
 1.881374  3.271800  7.553091  6.099426 13.257284 18.514768
 1.917350  3.400114  8.323165  5.980621 11.915464 20.654782
 1.972681  3.479876  8.008674  6.593389 12.092776 21.157570
 2.199775  3.336895  8.393314  5.993567 11.424626 22.845104
 2.123660  3.462505  8.565795  5.380836 11.902846 18.582040
 1.933629  3.402974  8.821245  6.485514 12.097375 22.305027
 1.829611  3.612388  8.018387  6.139033 11.509722 20.794110
 2.110933  3.735332  8.174370  5.792819 11.664149 21.023488
 1.586096  3.250186  7.974890  6.886366 13.311457 21.440840
 1.700735  3.174151  8.157631  5.975170 11.402260 19.906386
 2.033523  3.384813  7.943449  6.140675 11.611925 20.633123
 1.693352  3.012961  7.413575  6.398736 12.594975 17.492189
 1.757409  3.348826  7.609732  6.363588 11.684152 21.332720
 1.838291  3.283882  8.522087  5.588791 13.014104 19.149418
 1.952993  3.404267  8.072953  6.131541 12.149706 21.373519
 1.714611  3.312301  8.690746  5.333133 12.181876 18.992893
 1.807692  3.725853  7.074222  6.548512 10.989267 21.692410
 1.756285  3.321276  8.165266  6.155355 11.928730 19.486212
 1.825141  3.570575  8.552870  6.690029 11.655995 21.464216
 1.810354  3.429038  7.576931  6.691004 11.171409 22.137019
 1.931455  3.290426  7.688307  6.344681 12.026984 17.632707
 1.785402  3.359925  8.804708  5.959893 12.737757 21.508877
 1.736957  3.079388  7.892191  6.428423 13.225284 17.852250
 1.781831  3.696568  7.793954  6.547669 11.608384 20.301314
 1.696961  3.338949  7.175769  5.716925 11.127126 18.533094
 1.874518  3.330033  8.682261  6.263488 12.200943 19.582746
 1.967378  3.801322  7.926567  5.772205 12.331730 21.195064
 1.683294  3.554051  7.923367  5.495373 12.068460 20.384174
 2.042821  3.620390  7.889285  6.331545 11.839752 21.077239
 1.698835  3.297448  8.011430  5.847068 11.539626 18.854421
 2.008461  3.851829  8.427544  6.423150 12.784783 20.712146
 1.908612  3.483031  8.868351  6.428872 11.677682 20.142923
 2.028931  3.337765  8.172493  6.115028 10.802185 17.022727
 1.720358  3.517653  8.698018  6.624988 11.443463 21.716185
 1.923682  3.349721  8.287139  5.878694 11.958954 22.416203
 1.833928  3.292681  8.647700  7.132848 11.631539 21.991934
 1.935531  3.376819  7.634502  6.040112 12.305056 18.103781
 1.847815  3.446308  7.420726  6.582229 12.001136 19.794290
 1.768398  3.375534  7.507253  5.880731 12.202864 20.755690
 1.688978  3.626116  7.800167  6.580820 10.769494 18.443111
 1.854624  3.574597 10.143245  6.230989 12.325511 21.664202
 2.065209  3.582893  7.681677  6.010461 13.129765 19.364528
 2.242436  3.727040  8.842273  6.533937 13.425516 20.053217
 1.704035  3.339673  7.698881  6.201281 12.525113 19.203816
 1.936868  3.726661  8.216371  6.521648 13.664335 22.997773
 1.829499  3.225423  7.762642  5.775004 11.135412 19.246251
 1.771230  3.419576  7.892807  6.161188 11.625260 19.332047
 1.705333  3.457206  7.962941  5.663424 11.822918 20.410885
 1.608361  3.160183  7.738088  5.679074 11.790704 18.293316
 2.116966  3.308961  8.010551  6.694755 12.313018 19.719650
 1.718365  3.135692  8.179419  6.364122 12.901669 21.348218
 2.089113  3.310071  7.803185  5.720254 12.003517 20.872640
 1.905710  3.518790  7.577982  6.560170 11.608487 23.497743
 1.843634  3.605776  7.701846  6.075971 11.697404 18.053171
 1.858987  3.817214  7.599716  6.988831 11.555861 20.854057
 2.056532  3.987326  7.879151  6.871271 12.307280 21.830088
 1.938882  3.314438  7.703287  6.873580 11.380348 20.448520
 1.830521  3.172707  7.427635  6.571167 12.108691 18.238172
 1.850784  3.446083  7.253094  6.081661 13.061913 20.947675
 1.722626  3.281668  7.867360  5.845851 11.775795 18.402789
 1.944985  3.311961  7.939262  6.695777 11.904846 20.934539
 2.100735  3.775221  7.272882  6.912213 13.774925 19.007848
 1.948591  3.412136  8.041651  6.174111 13.687544 19.240628
 1.854798  3.433742  7.777732  5.580327 12.965403 21.189476
 2.026636  3.809158  7.679719  5.994492 12.606576 22.615154
 2.168857  3.334893  8.120315  6.224941 11.743974 20.156310
 1.716893  3.405237  7.792538  6.306280 11.144097 21.013894
 1.814753  3.559387  7.610215  6.156307 11.683482 21.085962
 1.795023  3.838836  7.348373  5.906549 11.235636 19.730828
 1.970880  3.376785  7.455726  6.114997 13.024092 21.685961
 1.700963  3.612488  8.068446  6.028294 13.497847 21.403459
 1.805451  3.470205  8.316301  5.899035 11.245933 18.426778
 1.932324  3.252648  8.128471  6.371967 11.951714 19.281197
 1.819977  3.321252  7.398198  6.154781 11.325252 19.468156
 1.876982  3.464886  7.755262  6.137182 11.594281 16.758252
 1.972207  3.721799  8.433355  5.675293 13.837631 21.955522
 1.932152  3.354081  8.219344  6.443376 13.120963 19.347467
 1.968076  3.414037  8.185197  6.495748 12.261843 20.476353
 1.956906  3.589062  8.129567  6.132033 13.556113 19.707174
 1.714053  3.113246  7.427259  5.871992 11.355897 17.460120
 1.623795  3.213669  6.502982  5.335979 11.125717 20.763163
 1.877950  3.576901  7.735343  6.029210 11.953533 20.313029
 1.863250  3.289737  7.813076  6.109144 12.358228 19.729131
 1.824788  3.469807  7.447263  5.876385 12.025594 20.075774
 1.971309  3.606149  8.287936  6.590963 10.537583 22.527911
 1.883097  3.546208  8.005908  6.506593 12.310889 19.342512
 1.790267  3.850566  6.960962  6.491105 11.798362 19.423350
 1.936745  3.435157  8.304932  6.078087 11.914908 21.123603
 1.968012  3.727927  7.473616  6.063885 12.548267 18.601869
 2.014548  3.609092  7.683548  6.381787 12.644312 20.632328
 1.990027  3.625964  8.225693  6.463642 12.289286 18.862229
 1.857903  3.738641  7.647370  6.265927 11.119999 20.897052
 1.765927  3.589200  7.581033  6.050027 12.745693 19.412318
 1.805198  3.051605  7.650187  6.295031 11.043559 20.647592
 1.967404  3.692526  7.530120  6.224989 13.730314 24.001653
 1.820651  3.294229  8.137797  6.208920 12.550205 18.710014
 1.790681  2.860800  7.680817  6.119545 11.415564 19.110366
 1.783176  3.695969  8.098259  6.469417 12.593558 20.480720
 1.642264  3.400062  7.864702  5.675766 12.721197 21.106999
 1.789256  3.615059  7.658745  6.129883 12.604844 19.804354
 1.869974  3.594494  7.339680  5.966339 12.598133 21.030496
 1.875161  3.182685  7.232308  5.370024 12.207727 19.452252
 1.844753  3.253765  7.882427  5.864254 10.969461 19.294394
 1.939483  3.272263  8.014360  5.770361 11.465984 19.535153
 2.110734  3.286172  7.863348  6.121143 12.293699 20.754172
 1.737967  3.463648  8.465504  5.795599 11.072440 19.006950
 1.901113  3.423489  7.678723  6.195811 13.909322 21.662842
 1.895444  3.146231  7.651017  6.385394 10.468531 20.270821
 1.739684  2.978336  7.441045  5.693996 11.893059 19.175025
 1.855396  3.362862  7.255549  6.236932 12.719468 19.452488
 1.807151  3.062201  7.665120  5.708190 12.496088 19.330252
 1.758599  2.946920  7.984589  6.196270 11.758802 18.797859
 2.024779  3.523854  9.358249  6.530570 10.879260 20.605100
 1.745037  2.924401  8.265348  5.960394 11.904054 19.508600
 1.957806  3.491968  8.040728  6.952661 14.028008 21.451822
 1.737326  3.355161  8.223224  5.557828 11.764528 17.730126
 1.791406  3.391133  7.485766  5.760359 12.828795 19.528014
 1.902410  3.319886  9.014065  6.059201 13.634231 22.129876
 1.896182  3.711736  7.625102  6.461759 10.922955 19.174437
 1.914876  3.767547  7.357993  6.192438 12.429991 19.982453
 1.604698  3.309234  9.212762  5.719972 11.343986 19.221048
 2.040802  3.873636  7.361832  6.017556 12.560089 18.930027
 1.805329  3.403043  7.674704  5.685373 11.571612 22.024480
 2.024090  4.048722  7.608291  6.453653 12.831217 20.153584
 2.078482  3.641466  8.447161  5.974761 13.455343 23.484139
 1.950248  3.411616  8.464210  5.767228 12.313874 18.796157
 1.752291  3.225506  8.596901  5.253204 12.554107 19.239841
 1.847206  3.135675  7.477358  5.787910 11.815462 20.127608
 2.052189  3.510225  8.107345  5.980875 12.260431 20.294478
 1.953111  3.183672  7.781590  6.193949 11.688524 19.837626
 2.071960  3.939091  8.075154  6.393603 13.757857 22.657418
 1.806130  3.448600  8.236409  6.248724 11.459716 19.453797
 1.594681  3.438742  7.778475  6.222687 11.278069 20.240811
 1.928873  3.325153  8.335554  6.253800 11.478567 21.941778
 1.900434  3.508668  7.803047  6.456967 14.139109 18.938751
 1.824401  3.502434  7.710828  5.616813 12.316778 19.958079
 1.751153  3.562732  7.682778  6.684213 11.826750 20.695024
 1.780783  3.054545  7.425115  6.208473 11.867591 19.111963
 1.884758  3.348311  8.315132  6.364791 12.792670 20.978234
 2.069793  3.372840  9.483522  6.370231 10.711705 20.525297
 1.921439  3.455753  8.246220  5.809471 12.709941 21.189005
 1.965722  3.658602  8.380537  6.918230 12.277270 20.471559
 1.937167  3.812639  7.803902  6.433776 12.863388 21.202403
 2.008685  3.202445  7.792848  6.545453 12.798474 19.283532
 1.857548  3.337595  8.970497  6.127051 11.551312 20.481421
 1.900289  3.812103  8.754626  6.237172 11.926975 20.466706
 1.757929  3.351142  7.233707  5.978381 12.699419 22.286766
 2.015393  3.298471  7.565772  6.938780 12.372979 19.627071
 2.094852  3.345959  8.578221  6.639055 12.443325 22.914589
 1.897880  3.019212  8.433898  6.169811 11.833453 20.400732
 2.256739  3.626285  8.522351  5.952136 12.170530 19.835327
 1.855653  3.898832  7.657837  6.942874 11.379231 20.347134
 1.835465  4.011066  8.882033  5.846643 10.826097 18.551375
 1.966236  3.531312  8.851805  6.541372 11.207357 19.711582
 1.877125  3.456823  7.588261  6.304742 12.343914 20.500733
 2.005746  3.606067  8.024661  6.081997 12.113371 20.129524
 1.944126  3.662275  8.678763  6.564571 13.579713 20.571696
 2.022574  3.607331  8.185382  6.323867 11.540469 20.687454
 1.884176  3.135909  8.797995  5.955616 12.616660 19.888866
 1.870666  3.362796  7.324638  5.862873 12.859995 19.388505
 1.655401  3.667635  8.456047  5.542622 11.286155 19.275424
 1.954680  3.331901  8.046494  5.962159 12.307601 21.818679
 1.647205  3.512265  7.931123  6.119625 12.227500 18.716418
 1.647240  3.209388  7.879286  6.059375 10.952230 18.139531
 2.081603  3.737372  8.947737  6.232688 11.726783 18.808417
 1.911639  3.450019  8.316650  6.786703 11.128147 18.614421
 1.835775  3.395898  7.697417  6.229207 10.784749 22.191587
 1.810490  3.550542  7.864506  6.001688 11.346309 19.851438
 1.692779  3.364477  7.935807  5.660907 12.541527 19.005801
 1.754155  3.046757  8.076602  6.291543 11.814526 17.474408
 2.137737  3.276460  8.240080  6.005435 11.947266 19.757614
 1.877543  3.152634  7.832345  6.464244 11.430422 19.641682
 1.935640  3.037961  7.110443  5.633444 11.455200 19.571188
 1.799430  3.182163  7.248754  5.367729 13.217783 20.133788
 2.048966  3.151355  8.213574  6.064845 11.355998 20.861664
 1.803949  3.299223  8.182337  5.949543 12.455044 19.466985
 1.968001  3.532805  8.612514  6.268100 12.191039 19.165314
 1.484116  3.447377  7.664010  5.791992 12.360745 18.503275
 1.816273  3.706839  8.268832  6.347850 12.036649 20.016001
 2.036996  3.679965  8.613681  7.197779 11.586497 22.067413
 1.985670  3.012960  7.327816  5.872030 12.147924 17.151157
 1.605868  3.204560  7.668492  6.620573 12.555695 22.073054
 1.770556  3.559193  7.551924  6.950027 12.406485 15.974634
 1.892863  3.760869  8.104008  5.886081 11.183851 20.276977
 2.154799  3.679779  8.110508  6.048176 11.654925 20.489182
 1.902033  3.722726  8.307909  6.282488 12.329381 22.524410
 2.046833  3.253548  8.035185  6.420981 12.880809 20.155973
 1.989747  3.392263  8.378701  6.172589 11.029317 19.787177
 1.710704  3.438760  7.549349  5.792444 11.612756 19.843716
 1.826298  3.656270  8.403436  5.870116 10.716460 19.523129
 1.728741  3.225762  7.860050  6.153661 12.411676 19.932692
 1.925482  3.801230  7.890187  6.392010 12.551549 18.767038
 1.753027  3.225797  8.028207  5.828596 11.831487 19.722536
 1.949474  3.265614  7.129690  5.969130 12.342798 19.398287
 2.033529  3.406315  7.228724  6.700782 12.095355 19.039846
 1.726041  3.364707  7.148695  5.554076 10.970023 20.571731
 2.003147  3.587398  8.421337  6.347928 11.732870 19.381005
 2.099110  3.914981  7.866061  6.245388 11.875856 18.759455
 1.944955  3.365469  8.472083  6.285735 12.111193 20.366602
 2.012357  3.240431  8.011626  6.264758 11.934723 21.500327
 1.634760  3.288917  7.817631  5.674360 12.008724 19.632400
 1.936237  3.507547  7.685617  6.053871 11.549101 19.806151
 1.772047  3.669390  7.105408  5.652319 11.437791 16.940511
 1.841042  3.510832  7.699518  6.424375 12.854778 22.660880
 1.752914  3.139046  7.288118  5.869281 11.406555 18.159078
 1.661117  3.433934  7.350247  5.987153 12.420531 18.674965
 1.697882  3.172332  8.445605  6.182780 12.453737 17.367239
 1.975509  3.498235  8.007734  5.626275 10.806483 20.027868
 1.797114  3.747778  7.916654  5.580561 12.418994 19.465363
 1.755711  3.311910  7.846441  6.099265 11.795097 19.013538
 2.050093  3.190742  7.787600  6.746545 12.953352 20.004599
 1.741212  3.170010  7.467267  5.646680 11.766141 20.900397
 1.708497  3.486573  7.320950  6.396958 12.011225 20.356740
 1.894200  3.571368  7.285816  6.173767 11.435975 20.085173
 1.723979  3.477116  8.066475  5.948162 12.138404 18.329891
 2.038257  3.495823  8.550884  6.137161 11.577224 19.780828
 1.630342  3.399217  8.048412  5.074669 10.628844 19.325746
 1.877369  3.256359  8.534250  6.130660 11.798933 23.673653
 1.965338  3.558997  8.583277  5.975244 12.881021 21.801653
 1.899113  3.345713  7.908715  6.471310 12.351967 18.690818
 2.063481  3.393097  9.440733  6.494882 12.906443 19.765218
 2.101696  3.735593  8.197473  6.385358 12.105749 18.911400
 1.744589  3.637926  8.252382  6.189442 12.279091 22.909738
 1.731959  3.300921  7.941205  5.926223 12.311035 19.821574
 1.986663  3.501312  8.263932  6.307443 11.976256 19.461071
 1.801246  3.558829  8.399957  6.441818 13.480747 19.602146
 1.910516  3.378723  8.041498  6.393130 13.887762 21.983140
 1.895199  3.302718  8.165879  6.688747 12.164981 20.554970
 2.109725  3.461430  6.896100  5.990594 11.384922 18.996298
 1.698172  3.645035  7.472263  5.811510 11.603194 19.779239
 2.013167  4.108366  8.551417  6.537776 12.346350 19.793157
 2.024529  3.390176  8.283045  6.354918 11.860462 24.534406
 1.590954  3.040185  6.780057  6.015846 11.022066 19.554196
 1.620460  3.366233  7.456481  6.110155 12.504093 17.093591
 1.811167  3.531821  7.805033  6.350334 12.216097 22.762344
 1.832540  3.668496  8.125260  6.104103 11.067566 20.267950
 2.067249  3.563865  8.715192  7.315533 12.406711 20.877909
 2.090974  3.445154  7.526616  6.179282 12.855605 20.653228
 1.722862  3.563616  7.574403  5.891290 12.063853 20.355622
 1.503576  3.524013  7.895527  5.924470 12.243784 19.625692
 1.811693  3.008245  8.055474  5.669530 12.189961 18.524629
 2.126603  3.260785  7.933024  6.287145 12.084140 21.950607
 1.963076  3.447389  8.001993  6.901999 12.011823 20.342806
 2.069597  3.440276  8.304724  6.601272 12.385351 22.143800
 2.068563  4.031953  8.272940  6.864873 12.626606 21.281680
 1.547405  2.924046  8.108305  5.742644 11.166172 19.531868
 1.879622  3.193037  7.609395  6.702265 11.216648 19.034592
 1.747091  3.327796  7.694333  6.738444 12.108150 18.846741
 1.817254  3.613024  8.251793  6.623137 12.916700 19.618700
 1.766765  3.797017  8.125438  6.508683 12.490622 17.959855
 1.602051  3.704171  7.903500  6.176472 12.324214 18.917242
 1.827923  3.392181  6.688340  6.075484 11.112720 17.703526
 2.114211  3.290800  8.179824  6.695646 11.217345 22.634790
 1.797559  3.515069  8.065461  5.798427 11.763600 22.809633
 1.994091  3.520844  8.272133  6.013475 12.634033 21.734225
 2.021961  2.982948  8.071807  6.455616 10.895794 20.487643
 1.916936  3.396970  8.420739  5.997128 11.916409 20.982320
 1.918443  3.281145  8.257455  6.430404 11.739750 22.136008
 1.612190  3.458881  7.140018  5.755347 12.426927 19.721087
 1.930015  3.328185  8.127421  5.953137 11.923844 19.145779
 2.006959  3.675450  7.748579  6.049419 12.193718 23.388462
 1.756746  3.453386  7.531398  5.767175 12.898149 20.014923
 1.773034  3.681122  7.504634  5.679619 12.335187 18.460739
 1.995978  3.060928  8.188733  6.242919 12.528047 22.383315
 1.950915  3.590964  8.447606  5.806955 11.033204 19.982510
 1.855892  3.394101  8.352998  5.713152 12.345584 19.900297
 1.703455  3.174045  7.415924  6.102841 11.118640 18.620544
 1.604321  2.974495  7.866489  5.549213 11.799731 20.223665
 1.923407  3.581279  7.551772  6.634119 12.309679 20.127663
 1.983026  3.735785  7.524278  6.380470 12.671209 20.074751
 1.984284  3.323775  8.217175  5.577464 12.520887 20.107526
 1.813643  3.238027  8.016582  6.036145 11.168057 20.394212
 1.699332  3.189377  7.731762  6.808852 12.536561 18.566617
 2.062977  3.589066  7.906095  6.077386 12.919659 21.102961
 1.730568  3.586746  7.889144  6.660230 11.114376 21.999489
 1.674691  3.271379  8.914680  5.828247 12.047395 19.399096
 1.833276  3.485729  7.926977  6.220492 11.110905 19.466253
 1.790228  3.406398  6.534755  5.662908 12.256361 16.187762
 1.712831  3.433343  8.411723  6.390870 11.990932 20.308326
 1.786554  3.550652  8.011123  6.695483 10.991455 19.114791
 1.980303  3.251316  8.385487  7.053893 11.861234 18.896764
 2.010866  3.646254  8.278168  6.322026 11.999016 18.151734
 1.946910  3.334816  7.917604  6.905887 11.093816 19.322168
 2.075571  3.633264  8.519649  7.094550 13.125741 22.905889
 1.740230  3.276547  8.047425  6.037331 10.228627 20.030714
 1.747615  3.989039  7.365424  5.752457 11.272845 18.721473
 1.989232  3.677292  7.607480  5.442616 12.127202 20.465734
 1.857468  3.847417  7.896069  5.922014 12.547926 18.975523
 1.919743  3.336050  7.668579  6.069134 12.059819 19.952928
 1.674379  3.735585  7.744452  6.194853 11.907141 19.450314
 2.145681  3.375836  8.083013  7.822331 13.837175 20.748696
 1.695464  3.196875  7.928522  5.375566 11.825097 18.289403
 2.026337  3.516606  8.494748  6.442337 12.003215 20.108850
 1.881974  2.872556  7.838033  5.423338 11.241158 18.767765
 2.111605  3.467634  7.577476  6.108770 11.900663 23.651963
 1.732336  3.572312  7.621833  6.086849 11.664090 20.292261
 2.064696  3.501627  8.431161  6.291379 11.100224 19.586578
 1.809612  3.410465  7.839896  5.739084 11.400366 19.250106
 2.016202  3.655303  7.623772  6.701271 12.956584 20.875342
 1.646737  3.402849  8.883202  5.797656 11.810569 21.112104
 1.830256  3.480235  9.138266  5.653438 10.734279 17.663719
 1.893988  3.087668  6.772067  5.956722 12.573267 18.013463
 1.836865  3.396221  7.912217  6.754001 12.319077 21.160746
 1.849631  3.246551  9.236929  6.107036 12.506350 20.501018
 1.689204  3.325229  8.447511  6.172157 12.027501 18.879596
 2.030851  3.440047  8.198777  6.114960 11.367038 20.789507
 1.940759  3.556240  7.511494  6.383738 11.314602 19.670784
 1.967016  3.304836  7.575223  6.021063 11.619673 21.172695
 1.754145  3.482104  7.950708  6.188323 12.012462 20.071016
 1.648465  3.398319  8.202901  5.596390 12.053572 20.601947
 1.752117  3.651506  7.661532  6.144646 12.164023 20.561098
 1.783702  3.489463  8.770077  5.560362 12.527255 19.918168
 2.032299  3.721605  8.268396  6.188633 12.171316 22.621955
 1.969972  3.548661  7.504309  6.051915 11.709294 20.492691
 1.975501  3.521560  8.395659  7.256089 11.248308 22.050024
 1.800198  3.489463  8.512163  6.093472 10.347490 19.694408
 1.858129  3.047257  8.317807  6.166562 12.014245 19.649039
 2.134171  3.596575  7.709906  7.025852 13.311241 21.377713
 1.918567  3.198245  7.985466  6.043318 12.300778 18.819622
 2.015121  3.483708  8.022281  7.628148 11.111463 18.824690
