 0.961631  0.726131
 0.199617  1.460902
 0.610279  0.742525
 0.467995  0.532784
 0.576846  0.771416
-0.170498  0.662935
 0.565227  0.812817
 0.536282  0.702060
 0.655540  1.285920
 0.670865  0.589717
 0.290825  1.146990
 0.395402  0.369395
 0.869150  1.229467
 1.384970  1.227435
 0.163181  0.994181
 0.328311  0.773847
 0.735711  0.975740
 0.454207  1.854703
 0.864825  0.961227
 0.682411  0.808774
 0.323901  0.524263
 0.737838  0.591186
 0.451116  1.303557
 0.362495  0.517263
 0.543322  0.559647
 1.011047  1.535719
 0.654740  0.273475
 0.154109  1.887695
 0.587000  0.535138
 0.869933  1.511660
 0.426071  1.118283
 0.099391  0.855648
 0.992615  0.918548
 0.229518  1.084567
 0.627251  1.163438
 0.839448  0.646223
 0.352258  0.896032
 0.525085  0.657947
 0.901039  0.784113
 1.204639  1.894004
 0.476737  0.286675
 0.725087  1.399969
 0.660022  0.189498
 0.290368  1.763501
 0.417846  0.713559
 0.331316  1.023852
 0.607201  0.768662
 0.761850  0.950703
 0.857406  1.128355
 0.467524  0.376275
 0.610463  1.238518
 0.422016  1.099090
 0.683561  1.332261
 0.295809  0.761785
 0.512331  0.769160
 0.801024  0.728850
 0.813868  0.550714
 0.659641  1.544500
 0.483486  0.615557
 0.231305  1.249708
 0.566681  0.374798
 0.627245  0.825938
 1.040792  0.797264
 0.865886  0.877712
 0.767823  0.533164
 0.792276  1.368609
 0.795585  1.125829
 0.348532  0.959832
 0.235914  0.638508
 0.456854  0.340672
 0.292954  1.483835
 0.485228  1.163840
 0.839867  0.271415
 0.588802  0.482290
 0.509776  0.492747
 0.256988  1.196074
 0.715477  0.755847
 0.395569  0.632012
 0.421346  0.892952
 1.479008  3.388924
 0.326417  0.690355
 0.494678  0.664061
 0.705797  0.919455
 0.489727  0.719165
 0.926542  1.185859
 1.121449  1.488607
 0.212821  1.235190
 0.429389  0.873081
 0.480457  0.407497
 0.934584  0.825415
 0.861140  1.066582
-0.001729  0.940800
 0.656534  0.705118
 0.769320  0.477857
 0.690254  0.712560
 0.414587  0.507833
 0.774731  1.112258
 0.860651  0.667030
 0.889979  1.043450
 0.745216  0.498647
 0.304030  0.835162
 0.303815  0.980006
 0.928907  0.710165
 0.298042  1.148286
 0.751503  0.642531
 0.280596  0.506354
 0.011987  0.626149
 0.448000  0.667876
 0.829241  0.588866
 0.501518  0.989442
 1.018532  0.622707
 0.514271  1.160168
 0.550118  1.232495
 0.353675  0.347701
 0.465803  0.936552
 0.355055  0.303319
 1.083416  1.420648
 0.273866  0.478062
 0.665254  0.779447
 0.375595  0.882040
 0.849780  0.618339
 0.589116  0.599640
 0.615568  0.687083
 0.522904  1.593553
 0.736509  1.009305
 0.574024  0.439960
 0.746711  0.366169
 1.097888  0.768554
 0.740588  1.339066
 1.460952  1.012616
 0.580606  1.868211
 0.397940  0.769664
 0.677908  1.521618
 0.163516  0.633986
 0.616245  1.109636
 0.360957  0.548259
 0.354658  0.694834
 1.193394  1.267233
 1.039371  1.262485
 0.434347  0.537563
 0.696892  0.962560
 1.115946  1.133322
 0.256626  0.588952
 0.180602  1.768420
 0.344515  0.448905
 0.620566  0.604107
 1.014148  0.905364
 0.706628  0.367317
 0.529777  1.441624
 0.681239  0.670733
 0.292037  0.824589
 1.051045  0.654654
 0.827760  0.971830
 0.832210  2.072434
 1.050885  1.414731
 0.140843  0.970768
 0.102557  1.182861
 1.364817  0.914800
 0.773321  0.612902
 0.542283  0.689109
 0.975319  1.101706
 0.966921  5.092008
 1.504592  2.182691
 0.428493  1.329238
 0.838449  0.339700
 1.167191  0.916648
 0.911608  0.534124
 0.825078  1.108252
 0.309763  0.531608
 0.361474  1.224748
 0.768517  0.904758
 0.840186  0.619731
 0.604349  0.454572
 1.261570  0.540495
 0.891315  0.803846
 0.899640  1.004602
 0.684961  1.158262
 1.082340  0.961362
 0.715570  0.880179
 0.987469  0.606176
 1.209300  1.345162
 0.667778  1.063073
-0.540411  0.792378
 0.388904  0.612320
 0.574369  0.603906
 0.690218  1.247274
 0.563645  0.905318
-0.050861  1.264593
 0.306390  0.385755
 0.748439  0.370261
 1.218470  0.799960
 0.782725  0.697548
 0.993782  1.078119
 0.802720  0.451863
 0.818166  1.136733
 1.049032  1.275329
 0.986741  1.087709
 0.118493  0.674366
 0.485106  1.083926
 0.392984  0.757915
 0.849814  0.891461
 1.129475  0.659174
 0.206960  0.562065
 0.688194  1.516715
 1.136507  0.704499
 0.638350  0.894947
 0.271013  0.750371
 0.095527  0.603024
 0.585592  0.638084
 0.530881  0.494893
 0.904257  1.587961
 0.943811  0.712214
 0.398942  1.617329
 0.323049  0.868726
 0.931914  0.677642
 0.752108  0.482631
 0.412008  0.712238
 0.967954  1.444016
 1.358875  1.572217
 1.185415  0.772643
 1.394544  0.780723
 0.447276  1.151018
 0.881590  1.771759
 0.336130  0.529676
 0.701877  0.758270
 0.143266  1.009737
 0.463145  0.940314
 0.826953  1.201924
 0.840644  1.743264
 0.489659  0.440435
 0.335670  0.837443
 0.862075  0.534358
 0.440632  0.726049
 0.660232  1.136386
 0.748620  0.332732
 0.515039  0.605106
 1.075862  0.791090
 0.802265  0.361028
 0.985480  0.594460
 0.456355  0.643200
 0.655626  1.177282
 0.642486  0.800734
 0.228644  0.749007
 0.778508  0.831292
 1.230714  2.520175
 0.557154  0.890999
 0.284469  0.808480
 0.586356  0.749884
 0.264685  0.678036
 0.447124  0.781493
 0.261561  0.913863
 0.266729  0.658035
 0.817473  0.770282
 1.148943  0.960996
 0.258617  1.500346
 0.411944  0.931659
 0.518538  0.725775
 1.032591  1.337595
 0.923956  1.551236
-0.055551  1.200710
 0.331745  0.862436
 0.199020  0.803027
 1.104196  0.645364
 0.924909  1.235595
 0.691485  0.648752
 1.047388  0.421119
 0.779390  0.562268
 0.768871  1.620845
 0.582324  0.616299
 0.669561  0.968022
 0.890955  0.450491
 0.416279  0.899348
 0.817602  0.611864
 0.762699  0.878279
 0.534724  0.928064
 0.200180  0.861659
 1.072894  2.467020
 0.325357  0.638976
 0.324965  0.273114
 0.883486  1.396524
 0.662164  0.723384
 0.932064  1.400764
 1.115950  1.121801
 0.338649  0.543884
 0.199281  0.658570
 0.866426  1.226811
 1.069316  0.464746
 0.826414  1.310196
 0.556526  0.688746
 0.577735  1.321414
 0.414183  0.662257
 0.651949  0.857558
 0.382662  0.462365
 0.511270  0.837908
 0.797462  1.273319
 0.601860  0.849958
-0.074066  0.447475
 0.275515  1.134464
 1.100418  1.342198
 0.730032  0.822783
 0.778579  0.409862
 0.784919  0.766790
 0.609034  0.425195
 0.917583  1.068685
 1.058946  1.513983
 1.165803  0.689453
 0.505451  0.462812
 0.658159  0.696906
 0.495336  0.416988
 0.755831  0.718876
 0.934438  0.750694
 0.387130  0.852941
 0.620017  0.861552
 0.936821  0.813080
 0.677977  1.102299
 0.573526  0.826032
 0.461354  1.045890
 1.085761  1.050236
 0.240202  1.081420
 0.756350  2.312854
-0.012085  0.788755
 0.873797  1.433679
 0.496614  0.895059
 1.175039  2.655541
 0.484982  0.837442
 0.694431  0.414574
 0.852951  1.492634
 0.595273  1.040213
 0.178846  1.049430
 0.612893  0.657142
 0.425819  0.336113
 0.457978  0.966598
 0.801061  0.547091
 0.816674  0.865787
 0.509305  0.534558
 0.318297  0.679706
 0.958672  0.886328
 0.174438  0.853502
 0.298572  0.637960
 0.394843  0.752842
 0.620312  0.678854
 0.791966  0.888122
 0.221460  1.112791
 0.680227  0.240675
 0.926147  2.182480
 0.749559  1.200320
 0.248507  0.577946
 0.431814  0.207781
 0.460254  2.406118
 0.569455  1.149956
 0.416057  0.494134
 0.613785  1.319826
 0.725686  1.180500
 0.388266  0.617040
 0.367524  0.987866
 0.901203  0.820214
 0.954126  1.066347
 0.877283  0.618949
 0.234483  0.550528
 0.773711  1.246234
 0.361654  0.466223
 0.715375  1.267311
 0.638250  1.038354
 1.098118  0.886577
 0.467331  0.497132
 0.877001  1.892907
 0.359860  0.275682
 1.283488  0.924757
 0.677436  1.433151
 0.244195  0.201591
 0.545698  0.662842
 0.594170  0.285320
 1.125145  2.009839
 0.328615  0.589889
 0.562184  0.471834
 0.269889  0.345352
 0.626670  1.375500
 0.253268  0.891590
 0.464214  0.788353
 0.627349  0.433327
 0.275149  0.499202
 0.602536  0.742156
 0.628757  1.857602
 0.922989  1.120445
 0.846682  0.933163
 0.776078  0.810998
 0.647186  0.453560
 0.005665  0.520541
 0.884514  1.307621
 1.022284  1.293700
 1.171370  2.642281
 0.965494  1.725390
 0.577180  0.705002
 0.956723  1.079855
 0.342230  0.446861
 0.580286  1.266404
 1.076828  1.637385
 0.413768  0.495695
 1.125020  1.146015
 0.676380  0.592653
